flux1:, 0.5555555555555556, 0.0002558762825798394, 0.0017330998911424015
flux1:, 0.5557782231128925, 0.0002678836869680911, 0.0009685653852830024
flux1:, 0.5560008906702294, 0.0001689364464156991, 2.4145966695756816e-05
flux1:, 0.5562235582275663, 5.398421124847994e-06, -0.0005555555748406062
flux1:, 0.5564462257849032, -0.00013461276402505076, -0.00037130484107256715
flux1:, 0.55666889334224, -0.00016591490441936145, 0.0005909195491541904
flux1:, 0.5568915608995769, -5.439449883555757e-05, 0.0019114103399984822
flux1:, 0.5571142284569138, 0.00015791853002495223, 0.0029269373804233765
flux1:, 0.5573368960142507, 0.0003675364443962618, 0.003078275538005728
flux1:, 0.5575595635715876, 0.0004604292344109976, 0.0022368946698365926
flux1:, 0.5577822311289246, 0.00037500883760816693, 0.0008253129959105061
flux1:, 0.5580048986862615, 0.00014340674000976004, -0.00035879245666592125
flux1:, 0.5582275662435984, -0.00011469039855448609, -0.0005485479479369395
flux1:, 0.5584502338009353, -0.0002480587293283241, 0.0005581966646203839
flux1:, 0.5586729013582721, -0.00015473065164605743, 0.002576960950305197
flux1:, 0.558895568915609, 0.00015442626386683118, 0.004574800960204673
flux1:, 0.5591182364729459, 0.000547016940469632, 0.0055320204237622
flux1:, 0.5593409040302828, 0.0008272413587869176, 0.004906213718270465
flux1:, 0.5595635715876197, 0.0008371984046427162, 0.0029953212385347753
flux1:, 0.5597862391449566, 0.0005507806953501961, 0.0008737834207897275
flux1:, 0.5600089067022935, 0.00010713894664912125, -0.00011244308666526796
flux1:, 0.5602315742596304, -0.0002428332533470317, 0.0009373585801194641
flux1:, 0.5604542418169673, -0.00025910946888156307, 0.003923749842172846
flux1:, 0.5606769093743041, 0.0001539410919352064, 0.00768163554329919
flux1:, 0.560899576931641, 0.0008749020303582554, 0.010499353027822024
flux1:, 0.561122244488978, 0.0016015411271450319, 0.011005752415379
flux1:, 0.5613449120463149, 0.0019910195989413745, 0.008980057745800135
flux1:, 0.5615675796036518, 0.0018422008473522643, 0.005628869743159932
flux1:, 0.5617902471609887, 0.0012273955031063795, 0.0031129739141113597
flux1:, 0.5620129147183256, 0.0004960273241371073, 0.003491606483952059
flux1:, 0.5622355822756625, 0.00013120739333208307, 0.00759005714020316
flux1:, 0.5624582498329994, 0.0005160077546074222, 0.014398475784470191
flux1:, 0.5626809173903362, 0.0017210749562354116, 0.021393382878928256
flux1:, 0.5629035849476731, 0.003427668279649845, 0.02572002832051416
flux1:, 0.56312625250501, 0.005043013834666102, 0.025701812331564353
flux1:, 0.5633489200623469, 0.005971417106118084, 0.021904673346251347
flux1:, 0.5635715876196838, 0.0059197468615457965, 0.01713342551950888
flux1:, 0.5637942551770208, 0.005084696969175448, 0.015235877330843278
flux1:, 0.5640169227343577, 0.004113268758877922, 0.019210451107202955
flux1:, 0.5642395902916946, 0.0038319236104741743, 0.02953674527594805
flux1:, 0.5644622578490315, 0.004856181278914132, 0.043630560216270854
flux1:, 0.5646849254063683, 0.007262821974441165, 0.05682939660208248
flux1:, 0.5649075929637052, 0.010491571900831892, 0.06455466197899351
flux1:, 0.5651302605210421, 0.013543003656805584, 0.06464659430031737
flux1:, 0.565352928078379, 0.01539843670931419, 0.05867926348764745
flux1:, 0.5655755956357159, 0.015473889267630062, 0.051478503266991896
flux1:, 0.5657982631930528, 0.01389248316339088, 0.04892406779371437
flux1:, 0.5660209307503897, 0.011437207349330736, 0.055011114458848286
flux1:, 0.5662435983077266, 0.009195643700134551, 0.06961334910992738
flux1:, 0.5664662658650634, 0.008058890620196643, 0.08815172412447324
flux1:, 0.5666889334224003, 0.008313123715177999, 0.10349347505548481
flux1:, 0.5669116009797373, 0.009522752079002092, 0.10928998445107983
flux1:, 0.5671342685370742, 0.01076450485822283, 0.10316707384914271
flux1:, 0.5673569360944111, 0.011098967933385521, 0.08814263263165951
flux1:, 0.567579603651748, 0.010046345125539808, 0.07143913929337661
flux1:, 0.5678022712090849, 0.007828639163313719, 0.06113231128479947
flux1:, 0.5680249387664218, 0.0052561688808618915, 0.062207559349834365
flux1:, 0.5682476063237587, 0.003315927914716333, 0.07399035233573616
flux1:, 0.5684702738810955, 0.0026719190074524736, 0.09032440852529348
flux1:, 0.5686929414384324, 0.0033340834298451806, 0.1025378729153215
flux1:, 0.5689156089957693, 0.004666785785251513, 0.10380800231980114
flux1:, 0.5691382765531062, 0.0057322652463526365, 0.09274484515978604
flux1:, 0.5693609441104431, 0.005789257274715508, 0.07431101064459203
flux1:, 0.56958361166778, 0.004684159255316289, 0.057484813984751484
flux1:, 0.569806279225117, 0.0029269634644955664, 0.050740153769626366
flux1:, 0.5700289467824539, 0.0014100702963113258, 0.05760793986578818
flux1:, 0.5702516143397908, 0.0009187344210435303, 0.0746500470449694
flux1:, 0.5704742818971276, 0.0016958331497624111, 0.09302108207684731
flux1:, 0.5706969494544645, 0.0032981782181442506, 0.10295753507985302
flux1:, 0.5709196170118014, 0.004827484684282344, 0.09895056366854889
flux1:, 0.5711422845691383, 0.00541679382941845, 0.08288092073718469
flux1:, 0.5713649521264752, 0.004711184495129573, 0.06333908986313552
flux1:, 0.5715876196838121, 0.003078664986269412, 0.05129952760785157
flux1:, 0.571810287241149, 0.001428387679777321, 0.054284614059515894
flux1:, 0.5720329547984859, 0.0007254791356225283, 0.07208943236885912
flux1:, 0.5722556223558228, 0.0014607350741019723, 0.09647689486021077
flux1:, 0.5724782899131596, 0.0033654494422920857, 0.11524894241462429
flux1:, 0.5727009574704965, 0.00553530318258019, 0.11874718785432971
flux1:, 0.5729236250278334, 0.006907372793101465, 0.10538394271134198
flux1:, 0.5731462925851704, 0.006839023704391284, 0.08310107302229412
flux1:, 0.5733689601425073, 0.0054746846210989115, 0.06566301043692194
flux1:, 0.5735916276998442, 0.0036942855049397804, 0.06544459754780232
flux1:, 0.5738142952571811, 0.0026605862470027446, 0.08643018847257421
flux1:, 0.574036962814518, 0.0032016534229322683, 0.12132117977281925
flux1:, 0.5742596303718549, 0.005358846000594815, 0.1547045159122255
flux1:, 0.5744822979291917, 0.008345726578038913, 0.1710508793379091
flux1:, 0.5747049654865286, 0.010943252608161895, 0.16352472729402828
flux1:, 0.5749276330438655, 0.012121061628845433, 0.13876191587143719
flux1:, 0.5751503006012024, 0.011553594031292186, 0.11453890566967866
flux1:, 0.5753729681585393, 0.009760663693585565, 0.11089866977096466
flux1:, 0.5755956357158762, 0.0078108001390517386, 0.13900012067495096
flux1:, 0.5758183032732132, 0.0067645155090824876, 0.1936959309061531
flux1:, 0.5760409708305501, 0.007168514968265746, 0.2544573508328569
flux1:, 0.576263638387887, 0.008866098960053694, 0.295171114930681
flux1:, 0.5764863059452238, 0.011193585945747027, 0.29846485994944605
flux1:, 0.5767089735025607, 0.013405763360056043, 0.267140125015867
flux1:, 0.5769316410598976, 0.015052210555582384, 0.2258974993686908
flux1:, 0.5771543086172345, 0.01608381233160032, 0.21095753858970492
flux1:, 0.5773769761745714, 0.016667248373527774, 0.251516901686592
flux1:, 0.5775996437319083, 0.016896674324708122, 0.35208217949335563
flux1:, 0.5778223112892452, 0.016676092043260596, 0.4857066438031037
flux1:, 0.5780449788465821, 0.01594160421129272, 0.6039329041418657
flux1:, 0.578267646403919, 0.015163089583821173, 0.6613062808322782
flux1:, 0.5784903139612558, 0.015864835061943732, 0.6442612302316767
flux1:, 0.5787129815185927, 0.020882499708245447, 0.5900967852459527
flux1:, 0.5789356490759296, 0.03426404740131423, 0.5842412296681726
flux1:, 0.5791583166332666, 0.061002107507007415, 0.7326905107554518
flux1:, 0.5793809841906035, 0.10693403560300427, 1.1179295845775046
flux1:, 0.5796036517479404, 0.1789878954572665, 1.7556506807596965
flux1:, 0.5798263193052773, 0.28550190044456947, 2.571647106217708
flux1:, 0.5800489868626142, 0.43585581947139124, 3.4117270775678272
flux1:, 0.5802716544199511, 0.6385166560300898, 4.08457641312756
flux1:, 0.5804943219772879, 0.897117391956169, 4.423530612357681
flux1:, 0.5807169895346248, 1.205326562209289, 4.344351057737929
flux1:, 0.5809396570919617, 1.542567976343384, 3.876517724376278
flux1:, 0.5811623246492986, 1.8733643464206626, 3.1554475681440106
flux1:, 0.5813849922066355, 2.152526496966494, 2.3783977406525003
flux1:, 0.5816076597639724, 2.3364069008715456, 1.741082955408758
flux1:, 0.5818303273213093, 2.3975526044069184, 1.3791044601760907
flux1:, 0.5820529948786463, 2.337556841386757, 1.335221453542061
flux1:, 0.5822756624359832, 2.192123960694305, 1.5618832874046795
flux1:, 0.58249832999332, 2.0242084774586497, 1.9536348912767258
flux1:, 0.5827209975506569, 1.9053385229401776, 2.3926208663594997
flux1:, 0.5829436651079938, 1.890415143085791, 2.7872498519607536
flux1:, 0.5831663326653307, 1.9951486669254104, 3.089962394760341
flux1:, 0.5833890002226676, 2.185792220824252, 3.2915644546662186
flux1:, 0.5836116677800045, 2.387124182041915, 3.400881867216226
flux1:, 0.5838343353373414, 2.5077184814232893, 3.424155522496589
flux1:, 0.5840570028946783, 2.474080920174904, 3.3563049910425042
flux1:, 0.5842796704520152, 2.260516023348263, 3.187720176732685
flux1:, 0.584502338009352, 1.9020868013135592, 2.920443618856083
flux1:, 0.5847250055666889, 1.4841063960172474, 2.581826575189368
flux1:, 0.5849476731240258, 1.1111027411715348, 2.225043852107356
flux1:, 0.5851703406813628, 0.8671780301129014, 1.913442667178616
flux1:, 0.5853930082386997, 0.7840609149552957, 1.695370574277836
flux1:, 0.5856156757960366, 0.830594379307482, 1.5824848596390386
flux1:, 0.5858383433533735, 0.92858916798634, 1.543894306976763
flux1:, 0.5860610109107104, 0.9885098598508529, 1.520847865226968
flux1:, 0.5862836784680472, 0.9494317120701071, 1.4559015744447688
flux1:, 0.5865063460253841, 0.8053926954103707, 1.3222844894885788
flux1:, 0.586729013582721, 0.606074908677014, 1.138150285727463
flux1:, 0.5869516811400579, 0.4313626362922599, 0.9575177468657584
flux1:, 0.5871743486973948, 0.3515553984961507, 0.8416249470980747
flux1:, 0.5873970162547317, 0.39210522721012797, 0.8250537807126956
flux1:, 0.5876196838120686, 0.5200851917424539, 0.8945773518903227
flux1:, 0.5878423513694055, 0.659575077751772, 0.9929106744714462
flux1:, 0.5880650189267425, 0.7292180780787348, 1.0469100506638738
flux1:, 0.5882876864840794, 0.6839486120774049, 1.0065633071627553
flux1:, 0.5885103540414162, 0.5399727556177906, 0.8743310927603577
flux1:, 0.5887330215987531, 0.3694067140921427, 0.7080847356122847
flux1:, 0.58895568915609, 0.26553264111198943, 0.5938268336774414
flux1:, 0.5891783567134269, 0.29463893843930705, 0.6003944335007784
flux1:, 0.5894010242707638, 0.45841241062877297, 0.7391733630288141
flux1:, 0.5896236918281007, 0.687322529810842, 0.9513275792402573
flux1:, 0.5898463593854376, 0.8712493161283488, 1.1324590128327083
flux1:, 0.5900690269427745, 0.9149900361493283, 1.1854996385677472
flux1:, 0.5902916945001113, 0.7921910854901715, 1.076421608563875
flux1:, 0.5905143620574482, 0.5691838954386749, 0.8628131819132857
flux1:, 0.5907370296147851, 0.38238974244044865, 0.6760961421937628
flux1:, 0.590959697172122, 0.3748181574708668, 0.6602727860179722
flux1:, 0.591182364729459, 0.6189433541763235, 0.8935293140009452
flux1:, 0.5914050322867959, 1.0641864242853372, 1.3320292973268677
flux1:, 0.5916276998441328, 1.540756144129978, 1.810023409002119
flux1:, 0.5918503674014697, 1.8287449144988956, 2.1073548734092484
flux1:, 0.5920730349588066, 1.7710306729755627, 2.0636411428380037
flux1:, 0.5922957025161435, 1.3840135820137862, 1.6920761279499972
flux1:, 0.5925183700734803, 0.9135009325357138, 1.2379816617673096
flux1:, 0.5927410376308172, 0.7992184970055112, 1.1436517819366
flux1:, 0.5929637051881541, 1.545783822200819, 1.916840029213796
flux1:, 0.593186372745491, 3.5374106314412073, 3.9414804970495037
flux1:, 0.5934090403028279, 6.861737493734056, 7.298469278599135
flux1:, 0.5936317078601648, 11.212224264623854, 11.668128760746384
flux1:, 0.5938543754175017, 15.915068777171907, 16.360951242966898
flux1:, 0.5940770429748387, 20.08332337894611, 20.477931713963446
flux1:, 0.5942997105321755, 22.854046268060312, 23.15354541021995
flux1:, 0.5945223780895124, 23.63214172488538, 23.802216915056654
flux1:, 0.5947450456468493, 22.259871726116625, 22.28586008357404
flux1:, 0.5949677132041862, 19.05602878881604, 18.94720632591734
flux1:, 0.5951903807615231, 14.714017902995563, 14.500668459840165
flux1:, 0.59541304831886, 10.096399967914342, 9.821313352566548
flux1:, 0.5956357158761969, 5.99676006885937, 5.70486904311609
flux1:, 0.5958583834335338, 2.9463435225932724, 2.6763747230213757
flux1:, 0.5960810509908707, 1.1217090500855462, 0.9020650213183092
flux1:, 0.5963037185482075, 0.370267143749353, 0.2188862531397006
flux1:, 0.5965263861055444, 0.328888298972352, 0.25492423826624455
flux1:, 0.5967490536628813, 0.5823505668297561, 0.587165686478531
flux1:, 0.5969717212202182, 0.8024298928695643, 0.8786853876596435
flux1:, 0.5971943887775552, 0.8246312974457308, 0.9543251281081467
flux1:, 0.5974170563348921, 0.6491253613079296, 0.802973384898638
flux1:, 0.597639723892229, 0.3824192785024774, 0.5229828084224284
flux1:, 0.5978623914495659, 0.15510606772993032, 0.24439359027576393
flux1:, 0.5980850590069028, 0.05304448260573677, 0.06278499957765847
flux1:, 0.5983077265642396, 0.08634497212785083, 0.007123311851359512
flux1:, 0.5985303941215765, 0.20018607201165256, 0.045338148756590105
flux1:, 0.5987530616789134, 0.313272008321527, 0.1152099245293508
flux1:, 0.5989757292362503, 0.3608579694891264, 0.16061292647635292
flux1:, 0.5991983967935872, 0.32187966591465794, 0.1556599658523164
flux1:, 0.5994210643509241, 0.22075612376776052, 0.10874860585390803
flux1:, 0.599643731908261, 0.10765628769338714, 0.04941202195246552
flux1:, 0.5998663994655979, 0.030214559573452787, 0.008125720088836273
flux1:, 0.6000890670229349, 0.011388482356454623, 0.00029407722971433475
flux1:, 0.6003117345802716, 0.04281274925131006, 0.02127431633912193
flux1:, 0.6005344021376086, 0.094191253620984, 0.05257672946446409
flux1:, 0.6007570696949455, 0.1316105785900914, 0.07391695290371376
flux1:, 0.6009797372522824, 0.13455680235667128, 0.07395182593548394
flux1:, 0.6012024048096193, 0.1036456739904647, 0.05452718006181007
flux1:, 0.6014250723669562, 0.0567846389667236, 0.027444719063930124
flux1:, 0.6016477399242931, 0.01743735271612965, 0.006686819767942806
flux1:, 0.60187040748163, 0.0019601142414143995, 0.0008254547897872443
flux1:, 0.6020930750389668, 0.012406104786354469, 0.009457195997545862
flux1:, 0.6023157425963037, 0.037568689128055985, 0.024831754320121475
flux1:, 0.6025384101536406, 0.06055429684919138, 0.03700836834002465
flux1:, 0.6027610777109775, 0.06816009137123287, 0.03933635188619441
flux1:, 0.6029837452683144, 0.0570775413272159, 0.03138980327719245
flux1:, 0.6032064128256514, 0.03421282019443061, 0.01823451326526569
flux1:, 0.6034290803829883, 0.011747446517759337, 0.006961774417317328
flux1:, 0.6036517479403252, 0.0001496268042249947, 0.0026912752138758943
flux1:, 0.6038744154976621, 0.0029780787318772614, 0.0061909534159528086
flux1:, 0.604097083054999, 0.015918224322306367, 0.014108117302513991
flux1:, 0.6043197506123358, 0.030015821156281368, 0.021308335049464524
flux1:, 0.6045424181696727, 0.0369167350514105, 0.02379996040967658
flux1:, 0.6047650857270096, 0.033150244188961474, 0.020640413062859058
flux1:, 0.6049877532843465, 0.021342065831100338, 0.013982639168921193
flux1:, 0.6052104208416834, 0.008088399078200517, 0.007508989430615334
flux1:, 0.6054330883990203, -4.164918313989415e-06, 0.004301602457380023
flux1:, 0.6056557559563572, 0.0001805584937135966, 0.005337044753138052
flux1:, 0.6058784235136941, 0.007020740269619571, 0.009292497082114359
flux1:, 0.6061010910710309, 0.015568806367929212, 0.013566253993368076
flux1:, 0.6063237586283678, 0.02057801721653957, 0.015799223141536037
flux1:, 0.6065464261857048, 0.019352564861594684, 0.015034169166259723
flux1:, 0.6067690937430417, 0.012913804812614796, 0.011973657078460527
flux1:, 0.6069917613003786, 0.005033356828773607, 0.008352358745565008
flux1:, 0.6072144288577155, -0.00012347198772564617, 0.005895973595980316
flux1:, 0.6074370964150524, -0.00032397946469235703, 0.005472022758412932
flux1:, 0.6076597639723893, 0.003701630426274221, 0.006830125442915665
flux1:, 0.6078824315297262, 0.00896592012066916, 0.00894938968764695
flux1:, 0.6081050990870631, 0.012115114125572441, 0.010691592055431597
flux1:, 0.6083277666443999, 0.011350915413114341, 0.011361435273673049
flux1:, 0.6085504342017368, 0.007309321346942843, 0.010910608009772104
flux1:, 0.6087731017590737, 0.0024882041231881393, 0.009771129402182242
flux1:, 0.6089957693164106, -0.00034374125000908765, 0.008504624795069672
flux1:, 0.6092184368737475, 0.00021610623428109155, 0.007504311102468865
flux1:, 0.6094411044310845, 0.0034562096869418246, 0.006889638601580216
flux1:, 0.6096637719884214, 0.007068431735797015, 0.006580188283890111
flux1:, 0.6098864395457583, 0.008571649300177711, 0.006432664361504774
flux1:, 0.6101091071030951, 0.0067862628156686545, 0.006326905942048999
flux1:, 0.610331774660432, 0.0025127944928266194, 0.006168776740727037
flux1:, 0.6105544422177689, -0.001949021368537329, 0.005863540731457433
flux1:, 0.6107771097751058, -0.004136370769952281, 0.005334658100088682
flux1:, 0.6109997773324427, -0.002836992764088774, 0.0046074398501717816
flux1:, 0.6112224448897796, 0.0012206721219286429, 0.0038939523989578568
flux1:, 0.6114451124471165, 0.005777630956473335, 0.003577675965082466
flux1:, 0.6116677800044534, 0.00830922054026918, 0.004045048759795895
flux1:, 0.6118904475617903, 0.007428323811296113, 0.0054228619063194
flux1:, 0.6121131151191272, 0.003646525488154619, 0.007379212280515535
flux1:, 0.612335782676464, -0.0009197257161680644, 0.009152385692766534
flux1:, 0.612558450233801, -0.003723960793398703, 0.00986142475010796
flux1:, 0.6127811177911379, -0.0031911309492797806, 0.008977550034275006
flux1:, 0.6130037853484748, 0.00042313693146367465, 0.006702935869047919
flux1:, 0.6132264529058117, 0.005178178513536201, 0.004007378385018636
flux1:, 0.6134491204631486, 0.0085095671152963, 0.002234578335773157
flux1:, 0.6136717880204855, 0.008622207095612362, 0.002431899933327816
flux1:, 0.6138944555778224, 0.0054597896745810955, 0.004744000461531908
flux1:, 0.6141171231351592, 0.0007325966202315002, 0.008222053468559655
flux1:, 0.6143397906924961, -0.003002783427226237, 0.011208142568598985
flux1:, 0.614562458249833, -0.0037111357525043123, 0.012147950117789918
flux1:, 0.6147851258071699, -0.0009606648758278176, 0.010429118897373036
flux1:, 0.6150077933645068, 0.003852656533033917, 0.006788777984976977
flux1:, 0.6152304609218437, 0.008248774817354842, 0.003030374305989062
flux1:, 0.6154531284791807, 0.009972874072179954, 0.0011474479457750087
flux1:, 0.6156757960365176, 0.008175534421477436, 0.002283207489945117
flux1:, 0.6158984635938545, 0.0038465286043390793, 0.006074160815719736
flux1:, 0.6161211311511913, -0.0007152151998950559, 0.010753831805657638
flux1:, 0.6163437987085282, -0.0031065812115103767, 0.014005410197248252
flux1:, 0.6165664662658651, -0.0020646482524698914, 0.014149292058335752
flux1:, 0.616789133823202, 0.0018947725095530953, 0.01105109115972456
flux1:, 0.6170118013805389, 0.0067646991382987, 0.006256126584745989
flux1:, 0.6172344689378758, 0.01009683214608629, 0.0022469145625805113
flux1:, 0.6174571364952127, 0.01026049639009117, 0.001181833812984814
flux1:, 0.6176798040525496, 0.00726127637052256, 0.003761014707941548
flux1:, 0.6179024716098865, 0.0027093880507452774, 0.008819667268206707
flux1:, 0.6181251391672233, -0.0010283060398200464, 0.013883407439631509
flux1:, 0.6183478067245602, -0.0020429784045630285, 0.01642000998580343
flux1:, 0.6185704742818972, 0.00016035803195924768, 0.015149401787522236
flux1:, 0.6187931418392341, 0.004444356289631249, 0.010729008396863185
flux1:, 0.619015809396571, 0.008650320154964738, 0.005445342000695003
flux1:, 0.6192384769539079, 0.010708544855869855, 0.0020561276868874853
flux1:, 0.6194611445112448, 0.009674784186788228, 0.0023731602453215097
flux1:, 0.6196838120685817, 0.00617330336977413, 0.006318995296190571
flux1:, 0.6199064796259186, 0.002041078235083305, 0.011951730016800569
flux1:, 0.6201291471832554, -0.0006245586358166855, 0.016452804331588515
flux1:, 0.6203518147405923, -0.0005195551705946508, 0.017572196148468073
flux1:, 0.6205744822979292, 0.0022419591741979507, 0.014785319101556855
flux1:, 0.6207971498552661, 0.006229495525078774, 0.00956296529218801
flux1:, 0.621019817412603, 0.00944961839963441, 0.004614239503638567
flux1:, 0.62124248496994, 0.010353444168956595, 0.0024940730593820365
flux1:, 0.6214651525272769, 0.008588360917631764, 0.004294857968021193
flux1:, 0.6216878200846138, 0.005129967709169259, 0.009095876118117699
flux1:, 0.6219104876419506, 0.001751727756373331, 0.014449629099014273
flux1:, 0.6221331551992875, 0.00012005796288802229, 0.017647400891721343
flux1:, 0.6223558227566244, 0.0009769946587321054, 0.017106652110858676
flux1:, 0.6225784903139613, 0.003810867345369821, 0.013166177770399997
flux1:, 0.6228011578712982, 0.007157910260937078, 0.00788752737682327
flux1:, 0.6230238254286351, 0.009360230134604408, 0.003977377610399566
flux1:, 0.623246492985972, 0.00938772725543374, 0.0033960882550819922
flux1:, 0.6234691605433089, 0.0073168131489731265, 0.006370674694655818
flux1:, 0.6236918281006458, 0.004245444018683461, 0.011311212793111742
flux1:, 0.6239144956579827, 0.0017110012352755317, 0.015657221447220024
flux1:, 0.6241371632153195, 0.000918880247379602, 0.017202785061414882
flux1:, 0.6243598307726564, 0.0021685510132879652, 0.015212437123691965
flux1:, 0.6245824983299934, 0.004749076251407701, 0.01076143362011734
flux1:, 0.6248051658873303, 0.0073331956150803485, 0.006144054958240744
flux1:, 0.6250278334446672, 0.008653538597873276, 0.003674736104047076
flux1:, 0.6252505010020041, 0.008116954621993657, 0.004509974917924836
flux1:, 0.625473168559341, 0.006060100654575524, 0.00809243332555512
flux1:, 0.6256958361166779, 0.003539484059261078, 0.012484253808835217
flux1:, 0.6259185036740147, 0.0017818323846963413, 0.015394188260920937
flux1:, 0.6261411712313516, 0.0015799139387802762, 0.0153537085234759
flux1:, 0.6263638387886885, 0.0029306960429855036, 0.012437161489702918
flux1:, 0.6265865063460254, 0.0050790067067890835, 0.00817273958599687
flux1:, 0.6268091739033623, 0.006923721016769425, 0.004715999414588935
flux1:, 0.6270318414606992, 0.0075694607798078494, 0.003732385054891743
flux1:, 0.6272545090180361, 0.006748020833397006, 0.005568977754834047
flux1:, 0.627477176575373, 0.0049124804838944144, 0.00912776259876556
flux1:, 0.62769984413271, 0.0029771048978744605, 0.0124794277551593
flux1:, 0.6279225116900469, 0.0018495829343547088, 0.013876741335058587
flux1:, 0.6281451792473837, 0.001994239300911797, 0.012635083754854705
flux1:, 0.6283678468047206, 0.0032355655651885164, 0.009436114954626412
flux1:, 0.6285905143620575, 0.004882252186549948, 0.0059230029246392975
flux1:, 0.6288131819193944, 0.006091772581271044, 0.0038232142676699454
flux1:, 0.6290358494767313, 0.00628425203745944, 0.0040667420502560146
flux1:, 0.6292585170340682, 0.005402887469253211, 0.006350200155806271
flux1:, 0.6294811845914051, 0.0039057270892225915, 0.009349577818148392
flux1:, 0.629703852148742, 0.002511142035943095, 0.011443417161475782
flux1:, 0.6299265197060788, 0.0018366582662327636, 0.011552977998781619
flux1:, 0.6301491872634157, 0.002112337158258779, 0.009664099787417967
flux1:, 0.6303718548207526, 0.0031007322542423972, 0.006779118018251899
flux1:, 0.6305945223780896, 0.004246004473554026, 0.004351719148217806
flux1:, 0.6308171899354265, 0.0049626839441851344, 0.003520634764141328
flux1:, 0.6310398574927634, 0.004914524374212962, 0.004545849582796072
flux1:, 0.6312625250501003, 0.004151055434178807, 0.006726383683600433
flux1:, 0.6314851926074372, 0.003049242283488151, 0.008816134028851012
flux1:, 0.6317078601647741, 0.0021060279285190025, 0.009696204375868621
flux1:, 0.631930527722111, 0.001694889176693585, 0.008942181968405745
flux1:, 0.6321531952794478, 0.0019057420961968922, 0.006998577902366869
flux1:, 0.6323758628367847, 0.0025352151177235175, 0.004892376829854923
flux1:, 0.6325985303941216, 0.0032147834859207426, 0.003661668265481665
flux1:, 0.6328211979514585, 0.003599413886578914, 0.0038148639789347873
flux1:, 0.6330438655087954, 0.0035197139177210036, 0.00510282387556205
flux1:, 0.6332665330661323, 0.0030309089276276666, 0.006705843858819347
flux1:, 0.6334892006234693, 0.0023513307455461404, 0.007711855389195781
flux1:, 0.6337118681808062, 0.0017380071994223425, 0.007612951031318363
flux1:, 0.633934535738143, 0.001369901038314549, 0.0065507923846791815
flux1:, 0.6341572032954799, 0.0012926837675143867, 0.0051898799752169615
flux1:, 0.6343798708528168, 0.0014369140029336885, 0.00430631731309291
flux1:, 0.6346025384101537, 0.0016805229173871776, 0.004334206568141119
flux1:, 0.6348252059674906, 0.001909467145215945, 0.005129838508171367
flux1:, 0.6350478735248275, 0.0020440610505058575, 0.006088124825044781
flux1:, 0.6352705410821644, 0.002030785397889705, 0.0065463447693222794
flux1:, 0.6354932086395013, 0.0018275974591791969, 0.006246009922992046
flux1:, 0.6357158761968382, 0.0014157002675756415, 0.005583649774230294
flux1:, 0.6359385437541751, 0.0008483561541347055, 0.005488146044381461
flux1:, 0.6361612113115119, 0.000311578292842675, 0.006960502105059399
flux1:, 0.6363838788688488, 0.00014630596220084662, 0.010497797350534637
flux1:, 0.6366065464261857, 0.0007866364855686444, 0.015698624535048958
flux1:, 0.6368292139835227, 0.002606852774091888, 0.021271194797066947
flux1:, 0.6370518815408596, 0.0057242202052700435, 0.025473765536023468
flux1:, 0.6372745490981965, 0.009845484924022306, 0.02680508829573748
flux1:, 0.6374972166555334, 0.01424661277652196, 0.024635535897020687
flux1:, 0.6377198842128702, 0.017929688554191622, 0.019490300755718244
flux1:, 0.6379425517702071, 0.01992457169269351, 0.012854247752470233
flux1:, 0.638165219327544, 0.019630419073993814, 0.006586501562069598
flux1:, 0.6383878868848809, 0.017059795674097156, 0.002206822318896454
flux1:, 0.6386105544422178, 0.012875500584193515, 0.00036443190116876843
flux1:, 0.6388332219995547, 0.008189622456150998, 0.0007046399395588657
flux1:, 0.6390558895568916, 0.004192578268808863, 0.0021597667934246372
flux1:, 0.6392785571142285, 0.0017533015304420133, 0.003500802646467306
flux1:, 0.6395012246715654, 0.0011464809267746285, 0.0038832235171363393
flux1:, 0.6397238922289024, 0.002010969941555518, 0.0031467267011243967
flux1:, 0.6399465597862392, 0.0035474415408281133, 0.001763167177445736
flux1:, 0.6401692273435761, 0.004865301789009646, 0.0004988839484086265
flux1:, 0.640391894900913, 0.0053316064831426145, -1.6611439184878332e-05
flux1:, 0.6406145624582499, 0.004782059154293294, 0.00040050029346139606
flux1:, 0.6408372300155868, 0.0035205077405867547, 0.001437475381070459
flux1:, 0.6410598975729237, 0.00212709470518575, 0.002489734304431112
flux1:, 0.6412825651302606, 0.0011740097215042575, 0.002994518744313012
flux1:, 0.6415052326875975, 0.000978186483009947, 0.00271508856671932
flux1:, 0.6417279002449343, 0.0014923581548114864, 0.0018370345008027018
flux1:, 0.6419505678022712, 0.002366368867644883, 0.0008430339168615558
flux1:, 0.6421732353596081, 0.003133608333837875, 0.0002455027555073086
flux1:, 0.642395902916945, 0.00342764034245723, 0.00032184949006052734
flux1:, 0.642618570474282, 0.0031311136471394276, 0.000985781723045249
flux1:, 0.6428412380316189, 0.002399612456167553, 0.0018513276465982665
flux1:, 0.6430639055889558, 0.0015645965932984136, 0.002446303414328048
flux1:, 0.6432865731462927, 0.0009721596663836094, 0.002459735261639074
flux1:, 0.6435092407036296, 0.0008353663125810125, 0.0018970752565699795
flux1:, 0.6437319082609665, 0.0011617023749260855, 0.0010693751834038585
flux1:, 0.6439545758183033, 0.0017757218424347418, 0.00042842061473854533
flux1:, 0.6441772433756402, 0.002412487550967993, 0.00033519696388207914
flux1:, 0.6443999109329771, 0.00283062164131915, 0.0008778336546454015
flux1:, 0.644622578490314, 0.002894386985525076, 0.0018260806122250132
flux1:, 0.6448452460476509, 0.0025976232184709578, 0.0027398044337599305
flux1:, 0.6450679136049878, 0.002033781715603972, 0.0031747138572296766
flux1:, 0.6452905811623247, 0.0013393440612945368, 0.002885263233539248
flux1:, 0.6455132487196616, 0.0006428698452467991, 0.0019310453732198987
flux1:, 0.6457359162769984, 3.9738777799219825e-05, 0.000642792254278095
flux1:, 0.6459585838343354, -0.000407054588134132, -0.0005288986398674911
flux1:, 0.6461812513916723, -0.0006548326912524115, -0.0012072344314263967
flux1:, 0.6464039189490092, -0.0006754451049041313, -0.0012367577253408458
flux1:, 0.6466265865063461, -0.00046395745229482055, -0.0007239639795990324
flux1:, 0.646849254063683, -5.582305044605623e-05, 3.677518261283385e-05
flux1:, 0.6470719216210199, 0.00046296184026478393, 0.0007080235106197759
flux1:, 0.6472945891783568, 0.0009668889066550949, 0.001053928426291237
flux1:, 0.6475172567356937, 0.0013258063717966945, 0.0010215920231962743
flux1:, 0.6477399242930306, 0.0014513825888353576, 0.0007315169877832868
flux1:, 0.6479625918503674, 0.0013335697559251744, 0.00039352615297158657
flux1:, 0.6481852594077043, 0.0010475613540185463, 0.00019608168346944312
flux1:, 0.6484079269650412, 0.000724812289923171, 0.00022284919836096053
flux1:, 0.6486305945223781, 0.0004991725055115221, 0.0004308454727171505
flux1:, 0.648853262079715, 0.0004519339681066575, 0.0006915433894672754
flux1:, 0.649075929637052, 0.0005808198416135724, 0.0008667859760874406
flux1:, 0.6492985971943889, 0.0008068160861986682, 0.0008786702619356852
flux1:, 0.6495212647517258, 0.0010147848352024852, 0.0007406743979391994
flux1:, 0.6497439323090626, 0.001107976206937574, 0.000539940191080007
flux1:, 0.6499665998663995, 0.0010506456271831416, 0.0003853521143286355
flux1:, 0.6501892674237364, 0.0008796494631673448, 0.00035084679641621177
flux1:, 0.6504119349810733, 0.0006814793868432574, 0.0004422964540017542
flux1:, 0.6506346025384102, 0.00054776967166657, 0.0006016395408040431
flux1:, 0.6508572700957471, 0.0005317691280829383, 0.0007422466238895114
flux1:, 0.651079937653084, 0.0006263725294110453, 0.0007948638955888635
flux1:, 0.6513026052104209, 0.0007726001510911394, 0.0007404313864926091
flux1:, 0.6515252727677578, 0.0008921685111965379, 0.0006149019438730713
flux1:, 0.6517479403250948, 0.0009266514482099122, 0.0004863911594146325
flux1:, 0.6519706078824316, 0.0008638498668503551, 0.00041853349556952754
flux1:, 0.6521932754397685, 0.0007396577846838726, 0.0004393722990442942
flux1:, 0.6524159429971054, 0.0006165129160448377, 0.0005305937701968894
flux1:, 0.6526386105544423, 0.0005508188986560899, 0.0006405743223662913
flux1:, 0.6528612781117792, 0.0005661014241322114, 0.000712714356372049
flux1:, 0.6530839456691161, 0.0006444930225889747, 0.0007137920367223229
flux1:, 0.653306613226453, 0.0007391398375747528, 0.0006484010099234147
flux1:, 0.6535292807837899, 0.0007996651550212573, 0.0005535668134475996
flux1:, 0.6537519483411267, 0.000797091727782937, 0.00047785844649411794
flux1:, 0.6539746158984636, 0.0007360566164237246, 0.00045654453744344963
flux1:, 0.6541972834558005, 0.0006494500959502674, 0.0004953138657125137
flux1:, 0.6544199510131374, 0.0005796810508550345, 0.0005698457293701463
flux1:, 0.6546426185704743, 0.0005569841275491918, 0.000640153098248137
flux1:, 0.6548652861278113, 0.0005857125402605201, 0.0006714734556807711
flux1:, 0.6550879536851482, 0.0006446366486172531, 0.0006509391953139972
flux1:, 0.6553106212424851, 0.000699808545562188, 0.0005921884003121541
flux1:, 0.655533288799822, 0.0007224779681714024, 0.0005266058589990962
flux1:, 0.6557559563571589, 0.0007027428033055857, 0.0004865359096309416
flux1:, 0.6559786239144957, 0.0006525958080860539, 0.0004893231454988559
flux1:, 0.6562012914718326, 0.0005978727952815062, 0.0005299429485830904
flux1:, 0.6564239590291695, 0.0005641497923355543, 0.0005851753854765484
flux1:, 0.6566466265865064, 0.0005641514186131273, 0.0006263921052182986
flux1:, 0.6568692941438433, 0.0005927540686025625, 0.0006340276025237878
flux1:, 0.6570919617011802, 0.0006313096363412434, 0.0006065064267481682
flux1:, 0.6573146292585171, 0.0006582227123248044, 0.0005596630711143104
flux1:, 0.657537296815854, 0.0006599146383341316, 0.0005176535772877769
flux1:, 0.6577599643731908, 0.0006367016529087657, 0.0005004586709811361
flux1:, 0.6579826319305278, 0.0006011912911704608, 0.0005143713716175123
flux1:, 0.6582052994878647, 0.0005707611823476831, 0.0005499214100680547
flux1:, 0.6584279670452016, 0.0005584643437498169, 0.0005877053651284162
flux1:, 0.6586506346025385, 0.0005670375901681605, 0.0006086710232229277
flux1:, 0.6588733021598754, 0.0005886585522236123, 0.0006034682425587287
flux1:, 0.6590959697172123, 0.0006099593016547147, 0.0005763334135712138
flux1:, 0.6593186372745492, 0.0006192423456114638, 0.0005419970752953626
flux1:, 0.6595413048318861, 0.000612077178577546, 0.0005176499874811687
flux1:, 0.659763972389223, 0.000592675996247907, 0.0005142885334480927
flux1:, 0.6599866399465598, 0.0005708329023271762, 0.0005317509657823055
flux1:, 0.6602093075038967, 0.0005564433115062848, 0.0005596218687246596
flux1:, 0.6604319750612336, 0.0005545995942287035, 0.0005831287968324438
flux1:, 0.6606546426185705, 0.0005636335624345562, 0.000590755111527974
flux1:, 0.6608773101759075, 0.0005767379363064946, 0.0005796843500924595
flux1:, 0.6610999777332444, 0.0005859430187136448, 0.0005565458015049624
flux1:, 0.6613226452905813, 0.0005861941643747029, 0.0005334377088204493
flux1:, 0.6615453128479181, 0.0005774916094427506, 0.0005215411317316253
flux1:, 0.661767980405255, 0.0005642635824826404, 0.0005256602083278877
flux1:, 0.6619906479625919, 0.0005526232102527196, 0.0005423219083857527
flux1:, 0.6622133155199288, 0.0005471353440147609, 0.0005621130341349179
flux1:, 0.6624359830772657, 0.0005487622469946235, 0.0005747837523418245
flux1:, 0.6626586506346026, 0.000554859314560803, 0.0005743844397753891
flux1:, 0.6628813181919395, 0.0005609580681083166, 0.0005618878675207433
flux1:, 0.6631039857492764, 0.0005632154277341776, 0.0005441843155806493
flux1:, 0.6633266533066133, 0.0005602223752514793, 0.0005302190725148099
flux1:, 0.6635493208639502, 0.0005533588225611344, 0.0005264026062705838
flux1:, 0.663771988421287, 0.0005457177708307896, 0.0005336256671371735
flux1:, 0.663994655978624, 0.0005403340137622594, 0.0005472398006505602
flux1:, 0.6642173235359609, 0.0005386980627792774, 0.0005597883224157728
flux1:, 0.6644399910932978, 0.0005402541414412639, 0.0005649222613294156
flux1:, 0.6646626586506347, 0.0005429872475560369, 0.0005604653778365595
flux1:, 0.6648853262079716, 0.0005446427800894328, 0.0005491703334798169
flux1:, 0.6651079937653085, 0.0005438731447967014, 0.0005369677692738162
flux1:, 0.6653306613226454, 0.0005407503300398957, 0.0005297724993641871
flux1:, 0.6655533288799822, 0.0005364901026290629, 0.0005305470304895232
flux1:, 0.6657759964373191, 0.0005326555194976686, 0.0005380629690447099
flux1:, 0.665998663994656, 0.0005303267520385234, 0.0005478436222818893
flux1:, 0.6662213315519929, 0.0005296598625959184, 0.0005546472525894421
flux1:, 0.6664439991093298, 0.0005299872363536807, 0.0005551334043670827
flux1:, 0.6666666666666667, 0.0005303095118115467, 0.00054937056493582
