flux1:, 1.1764705882352942, -7.973068429572696e-05, -8.13240514579735e-05, -2.1365794910956282e-05, 0.011151803663109148, -0.006173209479589274
flux1:, 1.1774529451058982, -0.0004340085821392167, -0.00043502217070221617, -2.201412552432503e-05, 0.010986985157661977, -0.006080760291252814
flux1:, 1.1784353019765021, -0.00030466651259204134, -0.00030470285979971294, -1.534978204560088e-05, 0.010853443708453417, -0.00600677369900499
flux1:, 1.179417658847106, 0.00015111511648223058, 0.00015114214753730092, -1.1607496842251781e-05, 0.011066796433002919, -0.006126394276684659
flux1:, 1.18040001571771, 0.0003183248637950997, 0.00031742395890253507, -1.6934990479488996e-05, 0.01144112993468978, -0.006334326860894285
flux1:, 1.181382372588314, -4.718418515232666e-05, -4.8728685249764455e-05, -2.4498148692062062e-05, 0.01152602334513847, -0.0063795153377369474
flux1:, 1.182364729458918, -0.00045868777462470297, -0.00045971242281718234, -2.4225798628747673e-05, 0.01127286912218559, -0.006237171294300054
flux1:, 1.183347086329522, -0.0003413228516258675, -0.0003414056847834838, -1.747662241049964e-05, 0.011149352588373681, -0.006169540697511738
flux1:, 1.1843294432001257, 0.00016378695178928226, 0.00016373492001306957, -1.5186990831837821e-05, 0.011471627633435245, -0.0063509419146147265
flux1:, 1.1853118000707297, 0.00035909896730502424, 0.00035812185864371476, -2.1765156396869057e-05, 0.011902554784037987, -0.006590220298987151
flux1:, 1.1862941569413337, -5.05950845328256e-05, -5.213239081239341e-05, -2.8340604330580973e-05, 0.011904079076311025, -0.0065876468608256425
flux1:, 1.1872765138119377, -0.000511770386558367, -0.0005127001765676652, -2.586779584499982e-05, 0.011544772551928458, -0.006385467654967523
flux1:, 1.1882588706825417, -0.0003606142390594773, -0.0003606663433672377, -1.8981706093797255e-05, 0.011456869030646345, -0.006338512037929878
flux1:, 1.1892412275531457, 0.00022827381105222283, 0.0002280409333859463, -1.9400721573896348e-05, 0.011921580290067301, -0.0066003621572216075
flux1:, 1.1902235844237494, 0.00043247399234649865, 0.00043120472299722885, -2.7955162161944076e-05, 0.01239948235367616, -0.006865458570340176
flux1:, 1.1912059412943534, -7.459428251589539e-05, -7.624193860753802e-05, -3.256480276522424e-05, 0.0122744890103743, -0.0067909080196320755
flux1:, 1.1921882981649574, -0.0006055988736957509, -0.0006063546250370913, -2.6545643612926695e-05, 0.011794044878013846, -0.006520589359448217
flux1:, 1.1931706550355614, -0.0003740071593738548, -0.0003739035538445745, -1.991579906154229e-05, 0.011780273606313216, -0.006515983607462554
flux1:, 1.1941530119061654, 0.00036074187429837565, 0.00036028237677629, -2.488895555457833e-05, 0.012426203999062612, -0.0068799647214406465
flux1:, 1.1951353687767692, 0.0005690725721682812, 0.0005673030984705117, -3.6060772036095085e-05, 0.012930474705236589, -0.007159163682409447
flux1:, 1.1961177256473732, -0.00011126550270750953, -0.00011314670427066535, -3.6825716711993276e-05, 0.012622022328652612, -0.006980581545543379
flux1:, 1.1971000825179772, -0.000761499081469387, -0.0007619539787235175, -2.525623646871135e-05, 0.012007153383674137, -0.006634647097858011
flux1:, 1.1980824393885812, -0.0003876633507139675, -0.0003871990911730346, -1.9968678363863234e-05, 0.012121653914641288, -0.006702802470046972
flux1:, 1.1990647962591852, 0.0006122033412953651, 0.000611478127361073, -3.2862418672212125e-05, 0.01299683222549341, -0.0071959292481408935
flux1:, 1.200047153129789, 0.0008485993824572869, 0.0008460226339509187, -4.7628442894794954e-05, 0.013496221755818447, -0.007471707872315512
flux1:, 1.201029510000393, -0.00013427965474022556, -0.00013657864232626294, -4.0744641341007694e-05, 0.01292692040819472, -0.007145437010472585
flux1:, 1.202011866870997, -0.0010320928686601164, -0.0010319743904362484, -1.9309410287245927e-05, 0.012156245779753244, -0.006711392947390064
flux1:, 1.202994223741601, -0.00042713395962335496, -0.0004258376113635095, -1.709111063853748e-05, 0.012467768136746485, -0.006890576542978829
flux1:, 1.203976580612205, 0.0011313460527723183, 0.0011303406472344985, -4.538856888673528e-05, 0.013645175257785377, -0.007554211924618377
flux1:, 1.2049589374828087, 0.0015812723080695019, 0.0015771366654089335, -6.781662731687872e-05, 0.014116281549930032, -0.007814218571439909
flux1:, 1.2059412943534127, 8.68121789809963e-05, 8.336268565842154e-05, -4.5879339188822576e-05, 0.013175894530076135, -0.0072781219142859154
flux1:, 1.2069236512240167, -0.0014988531080328171, -0.001497735401213537, -6.087796756385951e-07, 0.012160631886616237, -0.006703868495805961
flux1:, 1.2079060080946207, -0.0007311298880715236, -0.0007273207998412492, 2.7491384020734723e-06, 0.01268981246506837, -0.007002801198567354
flux1:, 1.2088883649652247, 0.002137489144377514, 0.0021375333144002407, -5.741205594652385e-05, 0.014288866280231464, -0.007903675458219689
flux1:, 1.2098707218358287, 0.004014460353950759, 0.00400766352874023, -0.00011448823361954674, 0.014862219601610846, -0.008224777821941033
flux1:, 1.2108530787064324, 0.002575934068980816, 0.002567538755281519, -8.813009330760547e-05, 0.013581817013077528, -0.0075005421026520126
flux1:, 1.2118354355770364, -0.0007116867628038143, -0.0007134214195964566, 6.021711181114526e-06, 0.012166524893521137, -0.006698120048573405
flux1:, 1.2128177924476404, -0.002121454937371796, -0.0021151791185274505, 6.038940905818911e-05, 0.012586987274591316, -0.006926172841027912
flux1:, 1.2138001493182444, -9.86664866973693e-05, -9.211283269219311e-05, 4.700457791224502e-06, 0.014312227423907033, -0.007889942787676614
flux1:, 1.2147825061888484, 0.002852884353069004, 0.002851817574093108, -0.00010015362257566843, 0.015038921447951248, -0.008300292618180896
flux1:, 1.2157648630594522, 0.0032287276034111763, 0.0032212500101526055, -0.0001324997602667113, 0.013954392726049774, -0.0076999223624600165
flux1:, 1.2167472199300562, 0.0007358747195680565, 0.0007303810325670942, -6.187836230011915e-05, 0.012870280509503392, -0.00709660884507803
flux1:, 1.2177295768006602, -0.0015551984406733587, -0.0015537102792744977, 1.394741388262535e-05, 0.013544264198560469, -0.0074682113591095734
flux1:, 1.2187119336712642, -0.0011488458335107098, -0.0011445111866093553, -2.551349520784139e-06, 0.015068263222821381, -0.008309240709132809
flux1:, 1.2196942905418682, 0.0009290402337509125, 0.0009290367292818744, -8.35824153316278e-05, 0.015206615452549421, -0.008380049420020042
flux1:, 1.220676647412472, 0.0017677389105500475, 0.0017625928242412687, -0.00011933792193681236, 0.013781173148592639, -0.0075879919445791715
flux1:, 1.221659004283076, 0.00039981508252988086, 0.0003954651981857177, -6.800096939441207e-05, 0.013042127761956875, -0.007183536811837308
flux1:, 1.22264136115368, -0.001193102295493336, -0.0011925221440283603, -7.940523756908116e-06, 0.014315252808172627, -0.007892966341597266
flux1:, 1.223623718024284, -0.0009449024137928697, -0.0009424952254043373, -2.4629042681338757e-05, 0.015870480932416317, -0.008746941949591098
flux1:, 1.224606074894888, 0.0005869385882307494, 0.0005857078995744103, -9.263580458602058e-05, 0.015381207707513006, -0.008460996985526244
flux1:, 1.2255884317654917, 0.001197405724549448, 0.0011925721862279443, -0.00011592001114146732, 0.013500366241142488, -0.007413990998645976
flux1:, 1.2265707886360957, 0.00011725628702371976, 0.00011398194079519136, -6.546960412533558e-05, 0.01310337115584626, -0.007204063766438334
flux1:, 1.2275531455066997, -0.0010648682087800053, -0.0010641210077368046, -1.8157596732516972e-05, 0.015018211842070922, -0.008272120431456803
flux1:, 1.2285355023773037, -0.000733322565119019, -0.0007325300023207653, -4.410078527893303e-05, 0.016554710395905066, -0.009110596166464481
flux1:, 1.2295178592479077, 0.0005404515209463003, 0.0005368273073743843, -0.00010614411115151279, 0.015348138527809781, -0.008419892308233813
flux1:, 1.2305002161185117, 0.0009174136025356387, 0.0009114064951191603, -0.0001154980324509298, 0.013045072989525739, -0.00713857706402097
flux1:, 1.2314825729891155, -9.108642620357771e-05, -9.350485973729507e-05, -6.13747044740388e-05, 0.013129765999001019, -0.0072007136056662785
flux1:, 1.2324649298597194, -0.0010106076847309622, -0.0010084162015550188, -2.606334099059086e-05, 0.015720254718490687, -0.008643813338933338
flux1:, 1.2334472867303234, -0.0005560286188323887, -0.0005553367599198852, -6.405782599277823e-05, 0.017077486161009858, -0.009375568879237989
flux1:, 1.2344296436009274, 0.0005699356756475206, 0.0005644048095328279, -0.0001221278586737066, 0.015003931661351902, -0.008197635068629146
flux1:, 1.2354120004715314, 0.0007402281540457497, 0.0007325382613898397, -0.00011758470497147198, 0.012359743920127628, -0.006729115839998172
flux1:, 1.2363943573421352, -0.0002634434849230218, -0.00026546019550677036, -6.019363586396708e-05, 0.013128522912406623, -0.00717578102693
flux1:, 1.2373767142127392, -0.000980873525221923, -0.000976859238686417, -3.8175060257915485e-05, 0.016407096904098056, -0.00899812013541611
flux1:, 1.2383590710833432, -0.0003951171094862306, -0.00039351823830037795, -8.79322234174336e-05, 0.01735147466985319, -0.009491136431936492
flux1:, 1.2393414279539472, 0.0006245518520110876, 0.0006180828540488669, -0.00013951445620210675, 0.01424438779990735, -0.007734342769524454
flux1:, 1.2403237848245512, 0.0006016773584158598, 0.000592915009293269, -0.00011972701611826872, 0.01140006598915338, -0.006159122455048828
flux1:, 1.241306141695155, -0.0004192663112619992, -0.00042055194012929057, -6.131840772485557e-05, 0.01309500206129434, -0.0071242713366081786
flux1:, 1.242288498565759, -0.0009555262137720831, -0.0009496705091876007, -5.527137515313364e-05, 0.017024771056070743, -0.009301847541186233
flux1:, 1.243270855436363, -0.00023662030954767996, -0.00023459197057718056, -0.00011512627817851186, 0.017250178613560336, -0.009383726262946718
flux1:, 1.244253212306967, 0.0006879860041586919, 0.0006798301839598429, -0.00015547139406054541, 0.012952931916745555, -0.006962543315090456
flux1:, 1.245235569177571, 0.000474580191309284, 0.00046451035649625755, -0.00011916110585593694, 0.010126860403741864, -0.005404238748349862
flux1:, 1.2462179260481747, -0.0005674798377562086, -0.0005673099775073642, -6.428173939322508e-05, 0.013014359001339218, -0.00703442417157754
flux1:, 1.2472002829187787, -0.0009238210789092849, -0.000915227520792295, -7.82034113221394e-05, 0.017481676847992688, -0.00949965779293582
flux1:, 1.2481826397893827, -7.238449101495382e-05, -7.021397010537815e-05, -0.00014500832385151472, 0.01660786985767163, -0.00895707870833019
flux1:, 1.2491649966599867, 0.0007520219803416116, 0.0007406478090273977, -0.00016730942448779003, 0.011000104016470823, -0.005807065751030238
flux1:, 1.2501473535305907, 0.000344574693753463, 0.00033227433866742464, -0.00011384277215919237, 0.008504150127766865, -0.004441161144981574
flux1:, 1.2511297104011945, -0.0007117913919491819, -0.0007088089855560198, -6.995800130240244e-05, 0.012855972852257131, -0.0068844683018949365
flux1:, 1.2521120672717985, -0.0008782549836476351, -0.0008644513628639645, -0.00010891063032735859, 0.017642027590953204, -0.009510258157234166
flux1:, 1.2530944241424025, 0.00010249071751967782, 0.00010502663480659955, -0.00017611454125537966, 0.015217638530771157, -0.008091063465618671
flux1:, 1.2540767810130065, 0.0008111877165937547, 0.0007933341807316383, -0.0001685548865370659, 0.008245928490002583, -0.004186276221248483
flux1:, 1.2550591378836105, 0.00020339053214694512, 0.00018603152697344808, -9.640931546600827e-05, 0.006498451742285715, -0.003247049824887775
flux1:, 1.2560414947542144, -0.0008531977420774227, -0.0008441932550112474, -7.586455475751765e-05, 0.012565516025432481, -0.006637821605033205
flux1:, 1.2570238516248182, -0.0008143922387426253, -0.000786702544511362, -0.00014913079478390953, 0.017316943865512035, -0.009220935582617948
flux1:, 1.2580062084954222, 0.00028896467565419254, 0.00029645822145938304, -0.00020305539232134555, 0.012829979179943208, -0.006640482879029967
flux1:, 1.2589885653660262, 0.0008622212875168879, 0.0008289372396288356, -0.00013036443657781153, 0.004543863128513217, -0.0020142252811798183
flux1:, 1.2599709222366302, 5.1713234330271026e-05, 1.2197228560805946e-05, -8.08476840845091e-06, 0.004077411537769973, -0.0017990213074192134
flux1:, 1.2609532791072342, -0.0009869655977886417, -0.0009730297936640015, -1.1083606532141866e-05, 0.012054888223468499, -0.00623714921720737
flux1:, 1.261935635977838, -0.0007403270143119916, -0.0006582912240004453, -0.00015760915153273405, 0.016256602566219483, -0.008480491944512634
flux1:, 1.262917992848442, 0.00045063140883523623, 0.0005437952843727961, -0.0002572385279487299, 0.009158466229371949, -0.004431815918644644
flux1:, 1.263900349719046, 0.0008538910818878436, 0.0008852543635955916, -0.00016659714354613601, -0.0002454416733766367, 0.0008004271688673367
flux1:, 1.26488270658965, -0.00013377944510039805, -0.00017541776377983105, -4.3229145266729195e-06, 0.0012132017656831158, -7.064386619695808e-05
flux1:, 1.265865063460254, -0.0010716865788770863, -0.0011266121390072425, -3.613471760914656e-06, 0.011184622363918524, -0.00560055500819211
flux1:, 1.266847420330858, -0.0005555424584788468, -0.0005628579630555255, -0.00018942980570290993, 0.014119504646709018, -0.007104362243806255
flux1:, 1.2678297772014617, 0.0006988175851840169, 0.0007359316050941269, -0.00033633378782807206, 0.003850413150649458, -0.0012810695248826084
flux1:, 1.2688121340720657, 0.0008521358796853918, 0.000880576587762916, -0.00027834334837441386, -0.006275650297153594, 0.004334933594864156
flux1:, 1.2697944909426697, -0.0003613946501977214, -0.00037500063089107935, -0.00013584930475064926, -0.0021291828222464453, 0.0019648242045997954
flux1:, 1.2707768478132737, -0.001181659263774323, -0.0012142887748388877, -0.0001351797695537735, 0.00977177233355839, -0.004601787400530136
flux1:, 1.2717592046838777, -0.0003657633802742134, -0.00037479542362610016, -0.00028223436246818044, 0.010512293116361463, -0.00484227144754659
flux1:, 1.2727415615544815, 0.0009419040344066631, 0.0009623053896477041, -0.0003642121964967123, -0.0034493243178400574, 0.003035221199078214
flux1:, 1.2737239184250855, 0.0008188640444110022, 0.0008349126962528465, -0.00027211468191337386, -0.01366301464080598, 0.008670256650790626
flux1:, 1.2747062752956895, -0.0006037267799442303, -0.0006166794732035932, -0.00016275914379172126, -0.005989082127385167, 0.004340419973967739
flux1:, 1.2756886321662935, -0.0012516789956283768, -0.0012772141505846136, -0.00021844290173215602, 0.0075424590545489145, -0.0030780039434989423
flux1:, 1.2766709890368975, -0.00011774832412391015, -0.00012397164062985267, -0.00036740314402576205, 0.004927409761730405, -0.0014022291933453294
flux1:, 1.2776533459075012, 0.0011904972883118648, 0.0012064755261188582, -0.00039195760644579046, -0.013139606718979267, 0.008747256972255526
flux1:, 1.2786357027781052, 0.0007353525274162934, 0.00074535303326321, -0.0002647951249773303, -0.02250029586120072, 0.013868785853462922
flux1:, 1.2796180596487092, -0.0008723101920158715, -0.0008869205871214129, -0.00019756421006426818, -0.010411148756457746, 0.007098317609047667
flux1:, 1.2806004165193132, -0.0012699374338794118, -0.001292844241534713, -0.00031612565479117517, 0.004137455798427036, -0.0008082334515066409
flux1:, 1.2815827733899172, 0.00020530495502045477, 0.00020119996233854722, -0.00045696673553470134, -0.003237574445618208, 0.003568097757291739
flux1:, 1.282565130260521, 0.0014443635153295116, 0.0014586102914915659, -0.00041207753180096715, -0.02563148057484467, 0.016094631575653953
flux1:, 1.283547487131125, 0.000591106485665654, 0.000597070937543586, -0.00025918486456043445, -0.0328349133208743, 0.019968951075612244
flux1:, 1.284529844001729, -0.0011630738617996249, -0.0011800790211215256, -0.0002568673446029877, -0.015452573104854614, 0.010291052973964645
flux1:, 1.285512200872333, -0.0012130789369711823, -0.001235193891614765, -0.0004416128563097267, -0.0009128151371519998, 0.0024946771283637778
flux1:, 1.286494557742937, 0.0006210876564122521, 0.0006185723081396606, -0.0005501002801354697, -0.014689998836398687, 0.010482798445429646
flux1:, 1.2874769146135407, 0.0016965309511062922, 0.001709960111452176, -0.0004189341597213033, -0.04132926897211995, 0.025315008053962796
flux1:, 1.2884592714841447, 0.00037206566274170736, 0.00037463631438349707, -0.0002601060841492236, -0.044644584326662365, 0.02697352440487986
flux1:, 1.2894416283547487, -0.0014649744211483334, -0.001485016154833119, -0.00035495299664382434, -0.021183609974588853, 0.013984365389217667
flux1:, 1.2904239852253527, -0.0010455896794586603, -0.0010680293619793745, -0.0006029489374310753, -0.00820930503674228, 0.00719709302963505
flux1:, 1.2914063420959567, 0.0011524918546955306, 0.0011512039338181838, -0.0006416520626204397, -0.030248610513565477, 0.01982096445999701
flux1:, 1.2923886989665605, 0.001935468250984771, 0.0019484342887054647, -0.00040748894195951415, -0.06060416847403535, 0.03662868830158363
flux1:, 1.2933710558371645, 6.164075521288501e-05, 6.083302306726689e-05, -0.00027758687792193184, -0.05780412226682116, 0.034831781275667384
flux1:, 1.2943534127077685, -0.0017562227078314595, -0.0017801204503254532, -0.0005104727190607288, -0.027685717372984888, 0.018258298919304992
flux1:, 1.2953357695783725, -0.0007140264284586554, -0.0007377497512030101, -0.0008070437436188719, -0.0185107121226989, 0.01376118752255795
flux1:, 1.2963181264489765, 0.0018303993691401192, 0.0018300416439356692, -0.0007225400373972328, -0.05085247287322228, 0.03213197571726843
flux1:, 1.2973004833195805, 0.002143720356002759, 0.0021563250619596975, -0.0003735304277601117, -0.08375667651362485, 0.050217404236049736
flux1:, 1.2982828401901843, -0.00035861218662940867, -0.00036322234900100297, -0.0003294443145650636, -0.07203359668482935, 0.04341198900174884
flux1:, 1.2992651970607882, -0.0019959649677269912, -0.002024890076969144, -0.0007494487530786919, -0.03504292738453145, 0.023205837269816617
flux1:, 1.3002475539313922, -0.00013538979501061366, -0.0001614793736365453, -0.0010601473418679088, -0.03277180323256927, 0.02276944053654733
flux1:, 1.3012299108019962, 0.0026985187214785492, 0.0026987840640377895, -0.0007786278228111309, -0.07757977390942801, 0.04804669085770728
flux1:, 1.3022122676726002, 0.0022949450804825113, 0.0023071269091800924, -0.0003148923859842028, -0.1109619445050221, 0.06619359511439953
flux1:, 1.303194624543204, -0.0009070557043339804, -0.0009163593758229835, -0.00044601229775469874, -0.08681173791063614, 0.05245564298296041
flux1:, 1.304176981413808, -0.0021071781406430032, -0.0021429010181098084, -0.0011094636355499347, -0.04332128038203861, 0.028927597179033867
flux1:, 1.305159338284412, 0.0008258248293823074, 0.0007959046413430115, -0.0013675466635801868, -0.05220984907008478, 0.03496744684774997
flux1:, 1.306141695155016, 0.0038225482609978156, 0.0038230540934565726, -0.0007884760766836091, -0.11169242960074309, 0.0683037760425816
flux1:, 1.30712405202562, 0.002348510377789866, 0.0023600553435736654, -0.0002340640382800102, -0.14218417981360879, 0.08455235539903211
flux1:, 1.308106408896224, -0.0015957329371563296, -0.0016112920828042902, -0.0006791246665017603, -0.10121992992605602, 0.06149545544813724
flux1:, 1.3090887657668278, -0.0019388227726484203, -0.0019841684876927244, -0.0016474176285858008, -0.052528452291688704, 0.03552160333102058
flux1:, 1.3100711226374318, 0.0024063601217015037, 0.0023703751294825003, -0.0017328782720473345, -0.07843973542385493, 0.05135112816049943
flux1:, 1.3110534795080357, 0.005308979640239563, 0.005309182054478493, -0.0007191142305212079, -0.15474419622111305, 0.09381335914671934
flux1:, 1.3120358363786397, 0.0022393683459564473, 0.0022498631212886097, -0.0001436074704639842, -0.17702732834921778, 0.10508783172369465
flux1:, 1.3130181932492437, -0.002410437441090709, -0.002434981732575417, -0.001120423681489641, -0.11363797818046636, 0.06969660565103931
flux1:, 1.3140005501198475, -0.0011732630654463035, -0.0012330576703087116, -0.002455691989944067, -0.06254449321989958, 0.04307177149128824
flux1:, 1.3149829069904515, 0.005058905116178149, 0.005013091354574515, -0.0021570225039866248, -0.11378846686500721, 0.07336898549031826
flux1:, 1.3159652638610555, 0.0073478436841007055, 0.00734688903129047, -0.0005173609514555746, -0.2088506003419672, 0.1258157396836944
flux1:, 1.3169476207316595, 0.0018580412267028173, 0.0018667358846955332, -7.841576638491904e-05, -0.21443669955671693, 0.12722679263066977
flux1:, 1.3179299776022635, -0.003243408929101268, -0.003282031201361058, -0.00194300657265645, -0.12109470984403896, 0.07552194940021832
flux1:, 1.3189123344728673, 0.0009321346824833985, 0.0008488221459676368, -0.0037001512723881724, -0.073031434843795, 0.05166569852504356
flux1:, 1.3198946913434713, 0.00976209709599655, 0.009699355593616914, -0.002636210377331522, -0.16213352883093288, 0.10345868821238331
flux1:, 1.3208770482140753, 0.01032435247640745, 0.010320738294013193, -8.908205541681094e-05, -0.2774151218174921, 0.16630824361866356
flux1:, 1.3218594050846793, 0.0010091000660478987, 0.0010145280434959692, -0.00012703172507957776, -0.2519986791394243, 0.1496396506579952
flux1:, 1.3228417619552832, -0.003635504026630668, -0.003698939159092802, -0.003511182472557667, -0.11772097846604854, 0.0759501933360393
flux1:, 1.323824118825887, 0.006410782811334419, 0.006284329971346216, -0.005725230094696589, -0.08349054569901562, 0.06163028240268487
flux1:, 1.324806475696491, 0.0190382457277918, 0.018942897580431942, -0.003159364592063747, -0.23156950796550277, 0.14674590770642487
flux1:, 1.325788832567095, 0.015174730416437536, 0.01516531399278888, 0.0007600750294101078, -0.3673869716537505, 0.21937333586697044
flux1:, 1.326771189437699, -0.0006722594845694109, -0.000673545377333919, -0.0005286463223419809, -0.28393492930487196, 0.16913280772071673
flux1:, 1.327753546308303, -0.0015422752892680274, -0.001658261456942375, -0.0067383178717152084, -0.09053037668762888, 0.06442843533782946
flux1:, 1.3287359031789068, 0.022408561055678292, 0.02218564659823534, -0.00942185641574207, -0.0950833599657632, 0.07533639126159586
flux1:, 1.3297182600495108, 0.04146545877524498, 0.04129270815151028, -0.0037109392604459906, -0.34561514908276303, 0.21815108678759265
flux1:, 1.3307006169201148, 0.02494203141331679, 0.02491788447700273, 0.002548000543709994, -0.4984006811028733, 0.2965641482097673
flux1:, 1.3316829737907188, -0.0037463728016532867, -0.003765834838129248, -0.002080167078716856, -0.2935149674183625, 0.17650128579477237
flux1:, 1.3326653306613228, 0.01554771619527468, 0.01527525431308929, -0.014743779780964195, -0.006545788150986914, 0.02543652034490674
flux1:, 1.3336476875319265, 0.08861858019709819, 0.08807650834691512, -0.01816887412655794, -0.13502249888611367, 0.115644465329305
flux1:, 1.3346300444025305, 0.12654244319199248, 0.12607954600474586, -0.004417531182198368, -0.6232073037602726, 0.3928295274942781
flux1:, 1.3356124012731345, 0.057426789248396067, 0.05733987475614341, 0.007509889095830696, -0.7662589810823578, 0.4544452874657507
flux1:, 1.3365947581437385, -0.003149644657999576, -0.0032698268070315006, -0.009295557417598521, -0.20780158267335594, 0.13261656477604966
flux1:, 1.3375771150143425, 0.24429406159942701, 0.24286588290056846, -0.04967516525040132, 0.14251955861369858, -0.014292994363189787
flux1:, 1.3385594718849465, 1.012371529760954, 1.008229812766931, -0.06771994656923967, -1.2657032182334214, 0.892181246256338
flux1:, 1.3395418287555503, 2.1161754272792073, 2.1089453971854115, -0.02252762111310645, -4.759120411451268, 2.9774291860000273
flux1:, 1.3405241856261543, 2.9813598878441687, 2.9722848145845457, 0.06780585100492628, -8.4513186716195, 5.099033922370994
flux1:, 1.3415065424967583, 3.055631901855379, 3.0469889946215187, 0.13221960091257087, -9.626294524456792, 5.697163888109437
flux1:, 1.3424888993673623, 2.2765274945871052, 2.270281822954563, 0.11666472340559353, -7.323223093165586, 4.2774933882984625
flux1:, 1.3434712562379663, 1.1393690141475001, 1.136122513077126, 0.04234360029978811, -3.3537024293802347, 1.9391107429297627
flux1:, 1.34445361310857, 0.28405559018492316, 0.283035981396246, -0.01698397702016479, -0.5603969278986909, 0.32499715462396583
flux1:, 1.345435969979174, -0.0035699696160167234, -0.0036562711429096685, -0.014827954084844254, -0.17751244555077847, 0.11247453021187435
flux1:, 1.346418326849778, 0.08532015810391852, 0.0852568819965187, 0.023309601134039806, -1.0892927499361007, 0.6324617124493063
flux1:, 1.347400683720382, 0.18833739095485658, 0.18807575294055906, 0.039828968706484995, -1.5192413204673831, 0.8673844608435088
flux1:, 1.348383040590986, 0.13743528834481591, 0.13715417827175116, 0.01634336348855343, -0.9833022101754505, 0.5572845553099716
flux1:, 1.34936539746159, 0.025849986050410178, 0.0257098768265185, -0.011320976060645152, -0.36883571806987225, 0.2152700134978286
flux1:, 1.3503477543321938, -0.004322903387892193, -0.004344861058066219, -0.006671864979676982, -0.4634076568771138, 0.2786615204738986
flux1:, 1.3513301112027978, 0.04928538118190967, 0.04927307027907981, 0.019648111563641275, -0.9775866676902845, 0.5701048320762373
flux1:, 1.3523124680734018, 0.08440736353483216, 0.08434940511401692, 0.028744797394401604, -1.1322494112417738, 0.6496803406796735
flux1:, 1.3532948249440058, 0.04954336650801383, 0.04946433817559127, 0.00856765967773514, -0.768726775818071, 0.44045893566659167
flux1:, 1.3542771818146098, -0.0006879244487923153, -0.0007437636803732586, -0.01128429720728087, -0.46045299481756835, 0.272665214555939
flux1:, 1.3552595386852135, 0.0008294814400384513, 0.0008094830362923494, -0.002951141480684182, -0.6325487244030034, 0.3779456685815131
flux1:, 1.3562418955558175, 0.04058130900178073, 0.04057673429849497, 0.020563660890380375, -0.9997743504874811, 0.5847839269931752
flux1:, 1.3572242524264215, 0.05464660152538685, 0.054630090011872454, 0.024935494995141874, -1.04041141611246, 0.6008627457458008
flux1:, 1.3582066092970255, 0.023378927976696787, 0.02334012872693543, 0.003874150544766314, -0.7426068158186613, 0.43055285159763224
flux1:, 1.3591889661676295, -0.0064771094346071315, -0.006523444079684602, -0.012065168363029233, -0.5710151163615905, 0.3400801441317729
flux1:, 1.3601713230382333, 0.005876419486396592, 0.005848172876118875, 0.0004236571574550568, -0.7746756330265209, 0.4616836773957418
flux1:, 1.3611536799088373, 0.03823919448577643, 0.038235946659592034, 0.023502637300160202, -1.0551921431263318, 0.618616588141864
flux1:, 1.3621360367794413, 0.04170844473483196, 0.04170449564358506, 0.02349301044248642, -1.028459383745894, 0.597445570022975
flux1:, 1.3631183936500453, 0.012012278038591133, 0.011976664055379319, -0.00020660760256558508, -0.7729758026201771, 0.4522899916643148
flux1:, 1.3641007505206493, -0.007040286430903554, -0.0071009508804011755, -0.013181297329000202, -0.6879734295075175, 0.41068807490783404
flux1:, 1.365083107391253, 0.011252987514434253, 0.011210148492929449, 0.0045961913426626555, -0.9069047398902793, 0.5397649752026237
flux1:, 1.366065464261857, 0.038854015744404634, 0.03885169621770975, 0.02845002299256377, -1.1229364393125159, 0.6596609380363825
flux1:, 1.367047821132461, 0.03529749720901563, 0.035298280423705405, 0.02327972169736261, -1.0499914485242785, 0.6130828646792793
flux1:, 1.368030178003065, 0.006429799117251677, 0.0063788503675860754, -0.004738921385504397, -0.8299695086061734, 0.4888967880196111
flux1:, 1.369012534873669, -0.00513118813544332, -0.005225934552419682, -0.014568039049286599, -0.8092706631300677, 0.48350722027380744
flux1:, 1.3699948917442728, 0.01762797895678587, 0.017562328367620065, 0.010757775922710655, -1.0335623465226442, 0.6147067253274139
flux1:, 1.3709772486148768, 0.041755459413775065, 0.04175780725469109, 0.03655908461136557, -1.1951480371923098, 0.7034582426497739
flux1:, 1.3719596054854808, 0.03258173766729717, 0.03258623583541727, 0.024127844530014354, -1.0888373211046134, 0.6386362826305775
flux1:, 1.3729419623560848, 0.004169848410244374, 0.004081812472928467, -0.010950992984604056, -0.9027644171285611, 0.5342944550779803
flux1:, 1.3739243192266888, -0.0010717920310320296, -0.0012341372813472451, -0.016365894824294274, -0.9334386390770466, 0.5577467043257683
flux1:, 1.3749066760972926, 0.0259344407199604, 0.025830327281035317, 0.021554553621957254, -1.1551351209585918, 0.6868288280688547
flux1:, 1.3758890329678966, 0.04732915920587905, 0.04734904309328469, 0.05157361875586226, -1.2675731002874762, 0.7476671147577454
flux1:, 1.3768713898385005, 0.03299840789518801, 0.03301153630699043, 0.026736823827071193, -1.1375090544283089, 0.6698853390943491
flux1:, 1.3778537467091045, 0.004845208640445896, 0.004668958012685794, -0.02203643461402339, -0.9859430329184798, 0.5853121605855637
flux1:, 1.3788361035797085, 0.005925138319325901, 0.005603079542573154, -0.0192116744529768, -1.0587260953196647, 0.6323069755271873
flux1:, 1.3798184604503125, 0.03784737128268061, 0.037660551856057906, 0.04674972160150692, -1.2705389024993254, 0.7556662835982152
flux1:, 1.3808008173209163, 0.05710315047279175, 0.0571927662541317, 0.08980227670275481, -1.3370525470276438, 0.7908999663785572
flux1:, 1.3817831741915203, 0.03751752771322515, 0.037562891495393116, 0.03549966869290743, -1.191582506865277, 0.7044338878259632
flux1:, 1.3827655310621243, 0.009649498614004328, 0.009142738286506028, -0.05561483166248225, -1.0763827985532897, 0.6394462957449026
flux1:, 1.3837478879327283, 0.01837556068069027, 0.017364867361253363, -0.026789351529399232, -1.1837844345972883, 0.7055306524387457
flux1:, 1.3847302448033323, 0.05723129527182216, 0.05667975942838696, 0.1885785056512764, -1.3771949566252895, 0.8213556534887264
flux1:, 1.3857126016739363, 0.07493671994797187, 0.07605322908768457, 0.45040415399371214, -1.3956640347731162, 0.8361088179123869
flux1:, 1.38669495854454, 0.04869434773095362, 0.05171461658015569, 0.5270676614389397, -1.2366572662764463, 0.7481873799907279
flux1:, 1.387677315415144, 0.020549208871072002, 0.024246257591303062, 0.3339772659918297, -1.157750183246846, 0.7032751524000094
flux1:, 1.388659672285748, 0.040660875138077396, 0.04327072869472466, 0.028110021687721996, -1.2994809854898042, 0.7797013622071197
flux1:, 1.389642029156352, 0.09395222896834775, 0.09469983407511236, -0.15226086984663845, -1.4817705910141048, 0.8764959009772969
flux1:, 1.390624386026956, 0.11668827099764428, 0.11636187359133415, -0.12230472110917272, -1.4676633143744253, 0.8643970956805961
flux1:, 1.3916067428975598, 0.08655702836167074, 0.08654404495081469, -0.0026814062096491933, -1.3067324189297127, 0.7755430777510063
flux1:, 1.3925890997681638, 0.06116849951582507, 0.06202370469816761, 0.045713173352485495, -1.2594776739885605, 0.7549613523476638
flux1:, 1.3935714566387678, 0.10370547816134659, 0.10479223793393216, -0.005587540014072194, -1.4170748992146838, 0.8473466503631402
flux1:, 1.3945538135093718, 0.1923449763033701, 0.19282413754094302, -0.061408977232786814, -1.5709750599441228, 0.9316568255513406
flux1:, 1.3955361703799758, 0.2431919785795872, 0.24310781374857135, -0.04691708473341849, -1.5186721268591963, 0.8979820531831427
flux1:, 1.3965185272505796, 0.22701714693261146, 0.22721673464596237, 0.0066303879166833965, -1.3578904231161424, 0.8077007826063701
flux1:, 1.3975008841211836, 0.2240864567208542, 0.2251644907189309, 0.023875764145665574, -1.3423619597320198, 0.8036688071038185
flux1:, 1.3984832409917876, 0.33084094714800977, 0.3324441581581446, -0.009829818100790654, -1.5110717668031985, 0.9014878405395781
flux1:, 1.3994655978623916, 0.5275695701385908, 0.5288793786501691, -0.04008916991880407, -1.6293235458565412, 0.9649623693426385
flux1:, 1.4004479547329955, 0.6795302164974071, 0.6802700722191835, -0.026036860302507056, -1.525758794304601, 0.90119205270942
flux1:, 1.4014303116035993, 0.681414793721017, 0.6821276501396976, 0.007520949550395972, -1.3382140451910203, 0.7938549798014143
flux1:, 1.4024126684742033, 0.5713325856101742, 0.572631184712002, 0.012546603289749495, -1.317121111084502, 0.7843740412621878
flux1:, 1.4033950253448073, 0.4755251980221455, 0.477286695792535, -0.014257677285046585, -1.473234186402456, 0.8737584962549598
flux1:, 1.4043773822154113, 0.4567663607387375, 0.45825642500210073, -0.032196255484269215, -1.5733109901760385, 0.9278808596657291
flux1:, 1.4053597390860153, 0.45571657111917874, 0.45644021730449297, -0.017037979800765067, -1.480087003383091, 0.8728180362079122
flux1:, 1.406342095956619, 0.38874401033778505, 0.3889565886151595, 0.007413196978056043, -1.3427531763869653, 0.7968538691595307
flux1:, 1.407324452827223, 0.2659907170070503, 0.26629682014764955, 0.0067852301798322625, -1.3719265069352284, 0.8173436415213879
flux1:, 1.408306809697827, 0.17771451319594836, 0.17832995254667364, -0.015365050660324639, -1.5345917528315147, 0.910723374149001
flux1:, 1.409289166568431, 0.17597023429009118, 0.1765643140240235, -0.02579424700864615, -1.6084764098419388, 0.9503198582296852
flux1:, 1.410271523439035, 0.21155559213623953, 0.2117790948710347, -0.010305077797656425, -1.5065490643001276, 0.8910996790118468
flux1:, 1.4112538803096388, 0.20404559524454488, 0.20399655540644418, 0.007874641071098944, -1.3972242201055132, 0.8314093409759125
flux1:, 1.4122362371802428, 0.14520610060474287, 0.14525693585430638, 0.0033070867048175436, -1.4535762989063326, 0.8666747862596927
flux1:, 1.4132185940508468, 0.10003585308380467, 0.10032343199410351, -0.01582241320122731, -1.6035828778033974, 0.9518927531989891
flux1:, 1.4142009509214508, 0.1130228063393492, 0.11330244079304053, -0.021380950130315, -1.6412865815991369, 0.9707817969953684
flux1:, 1.4151833077920548, 0.15031781028032976, 0.15033602485908307, -0.006111332339736595, -1.5282860495355723, 0.9058885350803638
flux1:, 1.4161656646626586, 0.15095588738330998, 0.150799361505666, 0.007350354293075384, -1.445003987631001, 0.8612550470368204
flux1:, 1.4171480215332626, 0.11028963679539724, 0.11024536197865661, 8.286267111460308e-05, -1.5243503915966228, 0.9089449071137273
flux1:, 1.4181303784038666, 0.08159073418350725, 0.08174243014793312, -0.016562083523957175, -1.6610284508237496, 0.9859110429195261
flux1:, 1.4191127352744706, 0.09944528966691392, 0.09957156052767847, -0.018522838638535325, -1.6701485063837838, 0.9888634036003305
flux1:, 1.4200950921450746, 0.13362808156539752, 0.13352471970245433, -0.0037165603201541183, -1.5567924884909832, 0.9247218682457364
flux1:, 1.4210774490156786, 0.13410225626608638, 0.13386642007286922, 0.0059801169605292305, -1.5039554932214447, 0.8977538761761797
flux1:, 1.4220598058862823, 0.10053787367943942, 0.10042466446093527, -0.003213211287940048, -1.6036872051615731, 0.9564724790212762
flux1:, 1.4230421627568863, 0.0800845918054092, 0.08014862913468714, -0.01772979993341554, -1.72690033850488, 1.025410878815428
flux1:, 1.4240245196274903, 0.10012579671324452, 0.10014963354290717, -0.016964634131164884, -1.7162962237726715, 1.0179164203905158
flux1:, 1.4250068764980943, 0.1313568653630835, 0.1311590234241338, -0.00282164843958789, -1.61466768936883, 0.9617387715339905
flux1:, 1.4259892333686983, 0.1305177950397405, 0.1302066145505348, 0.0037512489869647083, -1.5975917172552638, 0.9556032532692827
flux1:, 1.4269715902393023, 0.10060180841175445, 0.10042354057958042, -0.006831951293005943, -1.716283564260927, 1.0246957016953016
flux1:, 1.427953947109906, 0.08495117645827298, 0.08494687173522734, -0.019503055209400908, -1.8279101662418502, 1.087047738579551
flux1:, 1.42893630398051, 0.1059144556036479, 0.10586306006414739, -0.01668626315301356, -1.8084604363467383, 1.0757986794590122
flux1:, 1.429918660851114, 0.13463607994199786, 0.13436219126371957, -0.003366981776079794, -1.7316161050143237, 1.035399033031873
flux1:, 1.430901017721718, 0.13252805053256192, 0.1321477785801208, 0.000588178961164228, -1.7559593997773115, 1.0535243569762602
flux1:, 1.431883374592322, 0.10482397445463101, 0.1045879537555636, -0.01095502074051421, -1.8931863726973681, 1.1329830586068383
flux1:, 1.4328657314629258, 0.09199508016384114, 0.09194379725729139, -0.022013911231841637, -1.9968450400876265, 1.191231696156135
flux1:, 1.4338480883335298, 0.11283958294884514, 0.11274632376747946, -0.017698098719444937, -1.9804279754979326, 1.1834946328446068
flux1:, 1.4348304452041338, 0.13915976061108296, 0.13884258537423722, -0.005310300327776158, -1.940676773490475, 1.1662476539716344
flux1:, 1.4358128020747378, 0.1359260242492669, 0.13550242290821482, -0.0034951151493996277, -2.0104605889781633, 1.211124888158926
flux1:, 1.4367951589453418, 0.109654244413337, 0.10938733746928123, -0.015575298310830488, -2.1645718513874224, 1.300220975729821
flux1:, 1.4377775158159456, 0.09820840466123594, 0.09815113468022772, -0.025178430946889627, -2.262646877390114, 1.3560460206165295
flux1:, 1.4387598726865496, 0.11782936187104137, 0.1177520483300511, -0.01980505383430805, -2.2581526010546544, 1.3571937855861498
flux1:, 1.4397422295571536, 0.14145449061315826, 0.14115844238791148, -0.008385545200295703, -2.262453909563114, 1.3671955175172352
flux1:, 1.4407245864277576, 0.13710781416961576, 0.13670167158061564, -0.008196385340250903, -2.375379602883663, 1.437488772768825
flux1:, 1.4417069432983616, 0.11182075511665088, 0.1115826434866379, -0.020322180709675924, -2.5386984661359833, 1.53180243906165
flux1:, 1.4426893001689653, 0.10073181992118974, 0.10073969075618447, -0.028500395773337545, -2.6269817919000165, 1.582760112539294
flux1:, 1.4436716570395693, 0.1181020826909351, 0.11813078155937866, -0.02238460647162893, -2.6343648002629183, 1.5925837153348963
flux1:, 1.4446540139101733, 0.1385440897409155, 0.13837112462296472, -0.011904275181919678, -2.678492725545284, 1.6270270219871783
flux1:, 1.4456363707807773, 0.1330637104463818, 0.1327749861834414, -0.012801368082400575, -2.8210405657315714, 1.714521557789964
flux1:, 1.4466187276513813, 0.1087143126798432, 0.10859822216477204, -0.024420079678093475, -2.976144530637765, 1.803623854654141
flux1:, 1.447601084521985, 0.09760677379240079, 0.0977757698600992, -0.031084253916838684, -3.0410959008335157, 1.8414432507452092
flux1:, 1.448583441392589, 0.1122089037730674, 0.11245376340597896, -0.02443702371433051, -3.049659546220262, 1.8530802594508637
flux1:, 1.449565798263193, 0.12920945401710351, 0.12928202171956132, -0.01486438932852773, -3.118076298886599, 1.9021491300062152
flux1:, 1.450548155133797, 0.12276962700985435, 0.12271841941423978, -0.016392954835118274, -3.2675882619306704, 1.9929990968201161
flux1:, 1.451530512004401, 0.0997881020404016, 0.09990039690062019, -0.027020261858942452, -3.3917495599155045, 2.0631698406912724
flux1:, 1.4525128688750049, 0.08906278165499062, 0.08948982616888589, -0.03207017121378264, -3.4170071346145527, 2.077780052434702
flux1:, 1.4534952257456089, 0.10115568623642296, 0.10171760433362016, -0.025077065640969304, -3.413632997996721, 2.0828186105177884
flux1:, 1.4544775826162128, 0.11494808274947985, 0.11537578879528373, -0.016458828920125807, -3.4891514960986263, 2.1356625594218817
flux1:, 1.4554599394868168, 0.10794974182186927, 0.10824322093054185, -0.0183655716214042, -3.624550000883841, 2.216997631345927
flux1:, 1.4564422963574208, 0.08699125660592087, 0.08742225105628823, -0.027728599064787054, -3.7010046876006943, 2.258181043128733
flux1:, 1.4574246532280246, 0.07746019765498718, 0.07821809915181117, -0.031171803207344265, -3.6787402658950223, 2.244756425714768
flux1:, 1.4584070100986286, 0.08780152772357662, 0.08874914299017429, -0.024045878985654395, -3.6589225175840587, 2.2401084494701267
flux1:, 1.4593893669692326, 0.09893758812769887, 0.09979506266612548, -0.016502952027352105, -3.732827024007763, 2.2911414995891612
flux1:, 1.4603717238398366, 0.09177946911096024, 0.09249214096658252, -0.018721701584282043, -3.8430003096125414, 2.356266796511692
flux1:, 1.4613540807104406, 0.07330415235217914, 0.0741135263005041, -0.02676560962655985, -3.8670056414955503, 2.3658256993509568
flux1:, 1.4623364375810444, 0.06563187786534018, 0.06676118191467663, -0.02872894206270797, -3.80174559299913, 2.3271773506295634
flux1:, 1.4633187944516486, 0.07497051053448259, 0.07633725759844986, -0.02168533292685049, -3.7717007128336033, 2.3164291948572844
flux1:, 1.4643011513222524, 0.08399881064774427, 0.08532542496793455, -0.01533149355518219, -3.844348611139252, 2.365738944828293
flux1:, 1.4652835081928564, 0.0769011714117052, 0.07807508989312842, -0.017871467441917012, -3.9268699162353315, 2.4133561640106453
flux1:, 1.4662658650634603, 0.06100051782318446, 0.06221683866030704, -0.02466165034900771, -3.90226265146437, 2.3939447930259683
flux1:, 1.4672482219340643, 0.055455925987502236, 0.05696326028671214, -0.025327946069738618, -3.805835624073211, 2.3373997426285347
flux1:, 1.4682305788046683, 0.0642752140176308, 0.06605631928704774, -0.01853789600772524, -3.7769464967666604, 2.3273751518272023
flux1:, 1.4692129356752721, 0.07160060555314626, 0.07339566673028175, -0.01342168383234943, -3.852359114733885, 2.377353596650024
flux1:, 1.470195292545876, 0.06462615028972511, 0.0662624408971926, -0.016290046462870172, -3.9079859397100947, 2.408111191210802
flux1:, 1.47117764941648, 0.05112912752097784, 0.052733761296311854, -0.02193719282113245, -3.841195712067772, 2.3639177177447706
flux1:, 1.472160006287084, 0.047667213002237876, 0.04949714494764302, -0.021499263802770712, -3.7266009959574893, 2.2974696542567576
flux1:, 1.473142363157688, 0.056209615959052245, 0.05832032645403274, -0.015077870470850114, -3.7100288088171003, 2.2948146228730044
flux1:, 1.4741247200282919, 0.06211991631804161, 0.06429012648563115, -0.011187085994840962, -3.7916707451824214, 2.3474124937913974
flux1:, 1.4751070768988959, 0.05527090409426821, 0.05727050571854041, -0.014392759138370416, -3.8208227255592324, 2.361546566185447
flux1:, 1.4760894337694999, 0.04390933088565299, 0.0457700213819061, -0.01905422505258682, -3.717442866711748, 2.2959836228765624
flux1:, 1.4770717906401039, 0.04233890897625682, 0.044294094279447076, -0.017722525431458695, -3.5956552596710822, 2.226143145050354
flux1:, 1.4780541475107078, 0.05071960298370903, 0.052896539422164025, -0.011747272205589698, -3.6000396131324357, 2.2357220471559303
flux1:, 1.4790365043813116, 0.055450210038577905, 0.05769703932853909, -0.009035123540206393, -3.689583602006148, 2.291455338103433
flux1:, 1.4800188612519156, 0.04873019057999215, 0.050783545303722644, -0.012619355009714407, -3.6914951112888224, 2.2879902554956213
flux1:, 1.4810012181225196, 0.039225831714296576, 0.04100616079154677, -0.016533173364269457, -3.555135205840593, 2.2027321486726055
flux1:, 1.4819835749931236, 0.03930460286433819, 0.040981298727735156, -0.014564517188972037, -3.4338374399610476, 2.1335995526140676
flux1:, 1.4829659318637276, 0.04757802197111632, 0.049335791740397254, -0.00907771284168639, -3.4646289076047254, 2.1580881133308325
flux1:, 1.4839482887343314, 0.051335140818995456, 0.05313107865426379, -0.007422693291416789, -3.562022278649033, 2.2162066180714146
flux1:, 1.4849306456049354, 0.04474395775255065, 0.04634357186358913, -0.011387585365266085, -3.5347147260047875, 2.1931464573918626
flux1:, 1.4859130024755394, 0.03679564683115581, 0.03803508968743681, -0.014803080692362377, -3.3660520403586514, 2.0878472261139143
flux1:, 1.4868953593461434, 0.03821401515437771, 0.03917267473643265, -0.01245113660251485, -3.2480177304300506, 2.0205904496289033
flux1:, 1.4878777162167474, 0.04634809085036424, 0.04723428090471049, -0.007404565268779109, -3.3062609996802386, 2.0604392392108
flux1:, 1.4888600730873511, 0.04927198946078691, 0.05016725435919474, -0.006504576884383732, -3.409435893067753, 2.119663351114301
flux1:, 1.4898424299579551, 0.042763416602511685, 0.04352858516731464, -0.0106522676715462, -3.3495858847875244, 2.074872443185815
flux1:, 1.4908247868285591, 0.036000283410144725, 0.03644532644382223, -0.013675138634871322, -3.1452096834744054, 1.9472807345673606
flux1:, 1.4918071436991631, 0.03832461180156587, 0.03843423588703962, -0.011118611096152446, -3.0260899927764546, 1.879376742170899
flux1:, 1.4927895005697671, 0.04613427278520823, 0.046085330975706065, -0.006401954804384627, -3.106636910080983, 1.932127532451226
flux1:, 1.4937718574403709, 0.048237270184664956, 0.048195851255948725, -0.005843410894662429, -3.2117429591461946, 1.9910798858667198
flux1:, 1.4947542143109749, 0.04167643138645098, 0.04161816196196633, -0.009817782794165689, -3.116900759047141, 1.9237782621756951
flux1:, 1.4957365711815789, 0.03562941034184642, 0.03539015536919913, -0.012426656936135877, -2.8717719998273123, 1.7711076919967792
flux1:, 1.4967189280521829, 0.03826419094902744, 0.037752920053006934, -0.009830709899280282, -2.741259160021408, 1.6965774037627326
flux1:, 1.4977012849227869, 0.04535324101084584, 0.044672596971057466, -0.005431000346202752, -2.833373203123665, 1.7565198091330365
flux1:, 1.4986836417933906, 0.04646753315836885, 0.04580453308724899, -0.0049120075167418675, -2.9377100142246326, 1.8148018547675338
flux1:, 1.4996659986639946, 0.03963271380443951, 0.03905584425166373, -0.008390932386592729, -2.81393256894999, 1.7296789177498966
flux1:, 1.5006483555345986, 0.0338165692408188, 0.03322044713599864, -0.0105410776788606, -2.5328071690677803, 1.5551714516309403
flux1:, 1.5016307124052026, 0.036149494689819255, 0.035405857347829375, -0.008110298778958816, -2.385891483739291, 1.471027646025175
flux1:, 1.5026130692758066, 0.04208804147007339, 0.04121610832160078, -0.004199284571856047, -2.480974150195897, 1.533419930757667
flux1:, 1.5035954261464104, 0.04208076547476801, 0.04123424965564707, -0.003681924918572987, -2.588018988221862, 1.5942416581447687
flux1:, 1.5045777830170146, 0.03496496802090015, 0.034258920353217974, -0.006528285538425667, -2.4566094804931273, 1.505357446381216
flux1:, 1.5055601398876184, 0.02930564039035682, 0.02869628470714314, -0.008204845542533147, -2.1654394286244467, 1.3252429076037933
flux1:, 1.5065424967582224, 0.031228779381409107, 0.03058691744164398, -0.006115475333808031, -2.0154130995933524, 1.239402741675999
flux1:, 1.5075248536288264, 0.036064405172512345, 0.03534441984213711, -0.002938786720907676, -2.113826669333152, 1.3043424450378631
flux1:, 1.5085072104994304, 0.035231963531584976, 0.034528251225680893, -0.0025938695024207955, -2.228131241208878, 1.3708506097697708
flux1:, 1.5094895673700344, 0.028281824691359484, 0.02771112845431523, -0.004870095210063686, -2.1105797612945016, 1.291891973916797
flux1:, 1.5104719242406381, 0.02323104335832396, 0.02279348475638326, -0.006083957747522164, -1.8395768793645348, 1.1247759190505766
flux1:, 1.5114542811112421, 0.02516479226120453, 0.02475382319768297, -0.004361041852241619, -1.7056835245531525, 1.0485407424449196
flux1:, 1.5124366379818461, 0.029331711381009824, 0.028871633603791896, -0.001993695743694315, -1.8078447379299143, 1.115606930173529
flux1:, 1.5134189948524501, 0.02812736004850988, 0.027662180985392075, -0.0019432332299974102, -1.9229258415773622, 1.183417505485659
flux1:, 1.5144013517230541, 0.02175782878476014, 0.021386036892392307, -0.0037639003382472095, -1.821502818077163, 1.1156656469171506
flux1:, 1.515383708593658, 0.017658522861124588, 0.01740509878650034, -0.004539983562997535, -1.5824214642483152, 0.9686329772858505
flux1:, 1.516366065464262, 0.01990269278156072, 0.019691210271126053, -0.0030941230242589506, -1.4730713698480955, 0.9067903618262477
flux1:, 1.5173484223348659, 0.02367750383605312, 0.02342982183887178, -0.0014207255328887026, -1.5748715113527445, 0.9729182894658515
flux1:, 1.5183307792054699, 0.022306705752979425, 0.022036911310663796, -0.0016453904871143407, -1.6788758696665644, 1.0342799384898778
flux1:, 1.5193131360760739, 0.016598181501456897, 0.016384025001096522, -0.003095017328956614, -1.5849956753920194, 0.9721941315474444
flux1:, 1.5202954929466777, 0.013442450596943928, 0.013319412364833578, -0.0034912219120881963, -1.3763851310832118, 0.8442419095550836
flux1:, 1.5212778498172816, 0.01600356565296938, 0.015920639855749506, -0.0022424909882146128, -1.2917659497582548, 0.7968169842753299
flux1:, 1.5222602066878856, 0.019445734791788294, 0.019333942082826766, -0.0011016673067484322, -1.3891650518333258, 0.8593628579060314
flux1:, 1.5232425635584896, 0.017941656671568235, 0.017799969994916256, -0.0015195866732834217, -1.474461532319707, 0.9093605477918488
flux1:, 1.5242249204290936, 0.012814717391374185, 0.012703149096467576, -0.0026569586405771214, -1.3813480820733184, 0.8485786309011332
flux1:, 1.5252072772996974, 0.01044671436490672, 0.010402607512113264, -0.002755337813375472, -1.1993918470609288, 0.7372877980284298
flux1:, 1.5261896341703014, 0.013216199892794754, 0.01320635941004278, -0.001667885998729565, -1.1372408010416912, 0.7029398907388328
flux1:, 1.5271719910409054, 0.0163164756763076, 0.016283410659112787, -0.0009252960902032603, -1.2279127594409214, 0.7605301482834734
flux1:, 1.5281543479115094, 0.014682706243591652, 0.01461839243572494, -0.001452974713802266, -1.2920615488862788, 0.7976117686940212
flux1:, 1.5291367047821134, 0.0100486348371497, 0.009999076948358887, -0.0023240092474281025, -1.1973403073039826, 0.7365408654884004
flux1:, 1.5301190616527172, 0.00830822297919791, 0.008308440963674609, -0.002208221340155139, -1.039333119860965, 0.6401804610716283
flux1:, 1.5311014185233212, 0.011173782096052997, 0.011202343606991754, -0.0012713700082701831, -0.9969391375247519, 0.6173214333254066
flux1:, 1.5320837753939252, 0.013924391443399091, 0.013934461232363216, -0.0008256656932378985, -1.0796231718832867, 0.66930870542434
flux1:, 1.5330661322645291, 0.012178101923979274, 0.012158823573301794, -0.0013962419529471365, -1.123257071245931, 0.6938828949864296
flux1:, 1.5340484891351331, 0.00797490250339194, 0.007961422864818206, -0.002040518576730365, -1.0274655991816917, 0.6327534024330106
flux1:, 1.535030846005737, 0.006733320031195797, 0.006756651644749414, -0.0017834093930508444, -0.8917667175319788, 0.5502460354671561
flux1:, 1.536013202876341, 0.00960692881856227, 0.009653386568922548, -0.0009933459547624768, -0.8663498528226486, 0.5372408533868924
flux1:, 1.536995559746945, 0.012014063971516402, 0.012045988275149048, -0.0007669478998207949, -0.9402869281493385, 0.583296122435316
flux1:, 1.537977916617549, 0.010185176780605345, 0.010191035651170941, -0.001331630094527115, -0.9654996062882402, 0.5966893586406317
flux1:, 1.538960273488153, 0.006372841425621267, 0.006379326453587165, -0.0017852277522384333, -0.8705355800142042, 0.536584113399045
flux1:, 1.5399426303587567, 0.005530737609246887, 0.005564350444870481, -0.0014455179209525754, -0.7559725883460157, 0.46714479667894265
flux1:, 1.5409249872293607, 0.008348464718230829, 0.008400693404918697, -0.0007969174809866313, -0.7447529576712071, 0.46235165250791227
flux1:, 1.5419073440999647, 0.010429261484524078, 0.01047022105782882, -0.0007286385291127714, -0.8094847788248994, 0.5023210190377296
flux1:, 1.5428897009705687, 0.008552805224289113, 0.008571445993276491, -0.0012541607598595124, -0.8189863445391621, 0.5062369684819331
flux1:, 1.5438720578411727, 0.005103733037185603, 0.005120098658598724, -0.0015506309477361468, -0.7271519056796847, 0.44849656951882644
flux1:, 1.5448544147117764, 0.00458327653553508, 0.004619371548307024, -0.0011734751060551345, -0.6325928293375968, 0.39137448240548445
flux1:, 1.5458367715823806, 0.007300015175527635, 0.007350808512138729, -0.0006572174233152781, -0.632837992697421, 0.39317695668547586
flux1:, 1.5468191284529844, 0.009078117313622461, 0.009120302155458525, -0.0006981457265603148, -0.6881651556911942, 0.42705056369412103
flux1:, 1.5478014853235884, 0.007188696892229834, 0.007212349000727683, -0.0011638459322107703, -0.6848562922997601, 0.42330035402971966
flux1:, 1.5487838421941924, 0.004080999830702788, 0.004100909222875172, -0.0013342904790290373, -0.5983362761179973, 0.3691994944957279
flux1:, 1.5497661990647964, 0.0038195031792423806, 0.0038534187541688332, -0.0009529905538099602, -0.5224693253131425, 0.3235445955390202
flux1:, 1.5507485559354004, 0.006404226762779639, 0.006449431966494172, -0.0005564937095198398, -0.5315519699333205, 0.3303888264806785
flux1:, 1.5517309128060042, 0.007906557750553853, 0.007945300235391375, -0.000667799687274886, -0.5775272224151188, 0.3582954971932691
flux1:, 1.5527132696766082, 0.0060353781352934874, 0.006059211151052836, -0.0010630179649552605, -0.5642649000831865, 0.3486514258873785
flux1:, 1.5536956265472122, 0.0032491281986591672, 0.003268702156167016, -0.001135812481999442, -0.4848587209284001, 0.2992329846325046
flux1:, 1.5546779834178162, 0.0031947980053266423, 0.0032239570419683107, -0.0007736971562794185, -0.42611640997937866, 0.26404927427017866
flux1:, 1.5556603402884202, 0.0056270381722659515, 0.005664541817186708, -0.00048207524859996656, -0.4415772023718276, 0.2744825070231402
flux1:, 1.556642697159024, 0.0068817308381291555, 0.006914481280563947, -0.0006336351027458341, -0.4784930212321443, 0.296682056324662
flux1:, 1.557625054029628, 0.005055299601447499, 0.005076491608634318, -0.000955431057878526, -0.45794799781700984, 0.28279019738629335
flux1:, 1.558607410900232, 0.0025706941626035735, 0.002587751203822488, -0.0009558614283674157, -0.38695020099849725, 0.23879156444437016
flux1:, 1.559589767770836, 0.0026799079659377474, 0.002703178684149773, -0.0006280309777331125, -0.34352352123439267, 0.2129445949323113
flux1:, 1.56057212464144, 0.004947188715804031, 0.0049762944623305775, -0.0004253018162746615, -0.363132616178518, 0.22565191946745533
flux1:, 1.5615544815120437, 0.005982280176258301, 0.006007971716452729, -0.0005945531606984728, -0.39149671079543713, 0.2425205630930448
flux1:, 1.5625368383826477, 0.004222072264532428, 0.004239215954758101, -0.0008456667104143721, -0.3660635053418135, 0.2258468386953751
flux1:, 1.5635191952532517, 0.0020187206193482458, 0.002032266438673444, -0.0007956150029692285, -0.3042355553267345, 0.1876828089859366
flux1:, 1.5645015521238557, 0.0022542666535478716, 0.0022715054643418714, -0.0005104960212430385, -0.2741401898275082, 0.16993886425112822
flux1:, 1.5654839089944597, 0.0043501737806849825, 0.004371141982828197, -0.0003805688733985114, -0.29595198695164515, 0.18377565514138183
flux1:, 1.5664662658650634, 0.005192752796249706, 0.005211328396927435, -0.0005513773986061152, -0.31645409115553985, 0.19578656182729798
flux1:, 1.5674486227356674, 0.0035153842103653114, 0.0035280408042574736, -0.0007384117341352716, -0.28819709633180374, 0.17758567226658192
flux1:, 1.5684309796062714, 0.0015722163435857104, 0.001582050238884023, -0.0006561677089145479, -0.23579561660453602, 0.14536633107577993
flux1:, 1.5694133364768754, 0.001902120599091255, 0.0019138065533029541, -0.0004169004905904871, -0.21696278279442677, 0.1344468832136901
flux1:, 1.5703956933474794, 0.0038247729872079002, 0.003838444044425691, -0.0003443069069560629, -0.23935954216780664, 0.1484647655288197
flux1:, 1.5713780502180832, 0.0045003618514791125, 0.004512385845074563, -0.0005058349082316277, -0.2528347744390742, 0.15616699994627653
flux1:, 1.5723604070886872, 0.002917983436939143, 0.0029263193165923185, -0.0006377132503289387, -0.22346236940166897, 0.13746882414805095
flux1:, 1.5733427639592912, 0.0012134759663705353, 0.0012198775555654598, -0.0005379790871386067, -0.1802994888702852, 0.11103723375037292
flux1:, 1.5743251208298952, 0.001610192591672661, 0.0016171464665916838, -0.0003436864730791457, -0.170670141908884, 0.10567574577143848
flux1:, 1.5753074777004992, 0.00336097221459463, 0.0033684830953232803, -0.00031409936368964516, -0.19239106938731998, 0.11914019460824452
flux1:, 1.576289834571103, 0.0038929922931736764, 0.003899357596671947, -0.00045973492993476624, -0.19978595851944334, 0.12313968811310311
flux1:, 1.577272191441707, 0.0024136999097023244, 0.0024182137331241354, -0.0005464880442427652, -0.17064906008232322, 0.10475060537992908
flux1:, 1.578254548312311, 0.0009262262369881349, 0.0009297317748366141, -0.0004406137721483277, -0.1361668430786426, 0.08372891400899311
flux1:, 1.579236905182915, 0.0013660921164734988, 0.0013692984713942087, -0.000287578669189468, -0.13377112453792234, 0.08271875861685488
flux1:, 1.580219262053519, 0.0029486105566309405, 0.00295123383490322, -0.0002881488318367797, -0.1539227874243256, 0.09511576260538752
flux1:, 1.5812016189241227, 0.0033578859951634205, 0.003359650224344526, -0.00041451689258847576, -0.1562705787911892, 0.09606224063117504
flux1:, 1.5821839757947267, 0.001986033367045913, 0.001987398199774676, -0.0004664082689177834, -0.12838814680081023, 0.0785826495877576
flux1:, 1.5831663326653307, 0.0006942489883292539, 0.0006955247310627616, -0.00036287576300389625, -0.10173711256169073, 0.06242017699363666
flux1:, 1.5841486895359347, 0.0011572771215109746, 0.0011578036146369468, -0.0002456743294485172, -0.10474234634927812, 0.0646431691003336
flux1:, 1.5851310464065387, 0.0025768341067128183, 0.002575933930630368, -0.00026521495834574515, -0.12277877906990267, 0.0756676781304482
flux1:, 1.5861134032771425, 0.0028814268128462515, 0.0028797798531127357, -0.0003712107999711944, -0.12118373318059314, 0.07424734362497146
flux1:, 1.5870957601477467, 0.0016180269180871513, 0.0016170480665702288, -0.00039806203038607785, -0.09530316689836378, 0.05811020643894016
flux1:, 1.5880781170183504, 0.0005014126457233106, 0.0005012010670969974, -0.000303127720877793, -0.07543081199967305, 0.04613685921153774
flux1:, 1.5890604738889544, 0.0009717103425566097, 0.0009706611033092489, -0.00021577521531279252, -0.08215012267774044, 0.050566972004010446
flux1:, 1.5900428307595584, 0.002235865981449535, 0.002232880540604913, -0.0002449160783255168, -0.0977972600522843, 0.06007699800239354
flux1:, 1.5910251876301624, 0.002452081432234224, 0.0024483551813586427, -0.0003307375383076662, -0.09339877749740501, 0.05699293712875106
flux1:, 1.5920075445007664, 0.0012959798886707148, 0.0012935943704935476, -0.00034119057835808365, -0.0700829893909744, 0.04251866414800602
flux1:, 1.5929899013713702, 0.0003357587755794336, 0.00033481758727532565, -0.00025935784022063785, -0.05585568189480653, 0.03401834729827706
flux1:, 1.5939722582419742, 0.000802370865715392, 0.000800747466381382, -0.00019635925493315326, -0.06474818588031844, 0.039719294376319166
flux1:, 1.5949546151125782, 0.001922375702180741, 0.0019186371613797056, -0.00022786298138223132, -0.07786820841452544, 0.04765207401008939
flux1:, 1.5959369719831822, 0.0020668723446232596, 0.0020623775024263677, -0.0002942785664432061, -0.07173015145156438, 0.043558269504913864
flux1:, 1.5969193288537862, 0.0010165538640192703, 0.0010136987938123866, -0.00029492259574825404, -0.051408535910557066, 0.030987969531881827
flux1:, 1.59790168572439, 0.0001960953466824573, 0.00019504326148821408, -0.00022878335885400322, -0.04176302742172538, 0.025291273885544863
flux1:, 1.598884042594994, 0.0006521344784645736, 0.0006505868752094926, -0.0001855652046167665, -0.05150307019563286, 0.031457004193003776
flux1:, 1.599866399465598, 0.0016420678348447815, 0.0016384518185682108, -0.00021468087375953643, -0.06200036449592875, 0.03776999197163251
flux1:, 1.600848756336202, 0.0017318569168506151, 0.0017275162063635579, -0.00026298011960005957, -0.054963043751706554, 0.03318122043874415
flux1:, 1.601831113206806, 0.0007855641698444055, 0.0007829019526386121, -0.00025805004687709683, -0.037888716470739964, 0.022652396928408286
flux1:, 1.6028134700774097, 8.906262554586899e-05, 8.822868411088874e-05, -0.00020790824519532493, -0.031926146649829394, 0.019195926896552168
flux1:, 1.6037958269480137, 0.0005284354460251895, 0.0005271669127335705, -0.0001804398676921055, -0.041529477440015755, 0.025228782389507272
flux1:, 1.6047781838186177, 0.0014012353397419666, 0.0013980327382960387, -0.00020475099296355325, -0.04940239715779728, 0.02993149205796618
flux1:, 1.6057605406892217, 0.0014507717591028904, 0.0014469524217847064, -0.00023712269514423892, -0.04204887619651759, 0.02520248006405016
flux1:, 1.6067428975598257, 0.0006051790226014296, 0.0006029815442715087, -0.00022925695981025377, -0.02823915563345504, 0.01671253120860987
flux1:, 1.6077252544304295, 1.694580988178803e-05, 1.6402284048281234e-05, -0.00019355703979507296, -0.025197741349181325, 0.015022935668980775
flux1:, 1.6087076113010335, 0.0004331408175108416, 0.00043209182406562824, -0.000177960431926449, -0.034050838529672056, 0.020553332790568982
flux1:, 1.6096899681716375, 0.001198860290274138, 0.0011960157409199785, -0.00019664733703464665, -0.039469343582260716, 0.023756571285560506
flux1:, 1.6106723250422414, 0.0012187138298088375, 0.0012154205458767282, -0.00021609596266532866, -0.03220782504100736, 0.019132620227389246
flux1:, 1.6116546819128454, 0.00046884321802697016, 0.00046712636591405855, -0.0002072102681598471, -0.021467098188400927, 0.012551277504859376
flux1:, 1.6126370387834492, -2.5571962991986513e-05, -2.5865088539297398e-05, -0.00018352182024952918, -0.020658603897598892, 0.01220467630674203
flux1:, 1.6136193956540532, 0.00036212914462122986, 0.00036119255715224674, -0.00017616712963047128, -0.028426637732621267, 0.017034737867549107
flux1:, 1.6146017525246572, 0.0010293263584391363, 0.0010267062120436403, -0.00018927340201601147, -0.0317089223311244, 0.018937725805821228
flux1:, 1.6155841093952612, 0.0010270740562631588, 0.0010241926305686296, -0.00019905919765823805, -0.02484358451900687, 0.014598961686840065
flux1:, 1.6165664662658652, 0.00036688047524261456, 0.00036556788435382657, -0.0001906379357342491, -0.01684181426982899, 0.009715334417555468
flux1:, 1.617548823136469, -4.623226919534166e-05, -4.632775782374327e-05, -0.00017637629836610307, -0.017636821057387883, 0.010326308390946271
flux1:, 1.618531180007073, 0.0003099530200149002, 0.00030906713197344113, -0.00017414902570132723, -0.024164211633500958, 0.014368020800917902
flux1:, 1.619513536877677, 0.0008870412510924623, 0.0008845522169798882, -0.00018217250828848718, -0.025701306726526627, 0.01521291476263757
flux1:, 1.620495893748281, 0.000868311750512304, 0.0008657309253232008, -0.00018532459376003683, -0.01945506872744312, 0.011289201426687425
flux1:, 1.621478250618885, 0.0002909678370590512, 0.00028997340646793544, -0.000178412869391721, -0.013799828859557378, 0.007855696973325797
flux1:, 1.6224606074894887, -5.171827370752061e-05, -5.1649863814791004e-05, -0.0001711657407653884, -0.015646474790876858, 0.009087633279861356
flux1:, 1.6234429643600927, 0.00027204836646746097, 0.000271206889646937, -0.00017161067165074486, -0.02089742522395745, 0.012325721906844351
flux1:, 1.6244253212306967, 0.0007677033235972593, 0.0007653138060189443, -0.00017529803441613677, -0.021090617695544555, 0.012359643138914618
flux1:, 1.6254076781013007, 0.0007368415608927062, 0.0007344880161405646, -0.00017437073993762983, -0.015608776509652722, 0.00893347140488245
flux1:, 1.6263900349719047, 0.00023492315554373748, 0.00023417601793128038, -0.00016957039452805637, -0.011892472243711295, 0.006694731400102278
flux1:, 1.6273723918425085, -4.7106056760011905e-05, -4.6890284766189016e-05, -0.00016722586488140975, -0.01433439031894864, 0.008270266028156758
flux1:, 1.6283547487131127, 0.00024478779696494505, 0.0002440210500649723, -0.00016855323456394864, -0.01835888959020507, 0.010741075531408278
flux1:, 1.6293371055837165, 0.000667852991230929, 0.0006655797440955342, -0.00016876956405363722, -0.017582517423248897, 0.010193600512051086
flux1:, 1.6303194624543205, 0.0006283793612544431, 0.0006262183494679922, -0.0001657690345270518, -0.012937254325249366, 0.007303202254972901
flux1:, 1.6313018193249245, 0.00019417070423642085, 0.00019361750871916238, -0.0001632975253565517, -0.010765598310989397, 0.006013472689954313
flux1:, 1.6322841761955285, -3.621040381688361e-05, -3.585784644105846e-05, -0.0001640935724383748, -0.013447753609580344, 0.00771775625064376
flux1:, 1.6332665330661325, 0.0002251352419217805, 0.0002244861175314614, -0.00016510545896587363, -0.016357158094066803, 0.009494246724004651
flux1:, 1.6342488899367362, 0.0005843448551596929, 0.0005822305076251862, -0.00016273108353948818, -0.01493983208055637, 0.008566167578141999
flux1:, 1.6352312468073402, 0.0005392844324091341, 0.000537308884687546, -0.0001591273020252893, -0.011139829055456898, 0.006211554761732455
flux1:, 1.6362136036779442, 0.00016519248673833994, 0.00016479299077914688, -0.00015891018541375386, -0.01014870425615033, 0.005644827564273604
flux1:, 1.6371959605485482, -2.1862769262704753e-05, -2.1388141435346842e-05, -0.00016144725350616197, -0.012812154238940915, 0.007322089672460529
flux1:, 1.6381783174191522, 0.00021054580443533114, 0.00021005003552950312, -0.00016143209781190827, -0.014758147859096927, 0.00850102843032155
flux1:, 1.639160674289756, 0.0005141912707673713, 0.0005122832203852256, -0.00015728240240043604, -0.012975536842343123, 0.007360191456450615
flux1:, 1.64014303116036, 0.00046624721383338897, 0.00046446499861414964, -0.00015406308403328133, -0.009979666811773393, 0.005511580203346952
flux1:, 1.641125388030964, 0.0001452143790913663, 0.00014493684723902955, -0.0001558337593186037, -0.009844685852382802, 0.005467192254713501
flux1:, 1.642107744901568, -5.9993652304075685e-06, -5.426967574527384e-06, -0.00015906729773333746, -0.012313655594728738, 0.007012626056665733
flux1:, 1.643090101772172, 0.00019913024773539166, 0.00019880366616017615, -0.00015769240152971778, -0.013468632582232761, 0.007702692295808911
flux1:, 1.6440724586427757, 0.00045476108770109924, 0.00045309501388436467, -0.0001524629313262193, -0.011542993481862843, 0.006483947112183149
flux1:, 1.6450548155133797, 0.00040630232663602345, 0.00040472486749032813, -0.00015020402073327656, -0.009276398025428564, 0.005091591024508577
flux1:, 1.6460371723839837, 0.00013206210451634882, 0.00013188061691596457, -0.00015359148649214, -0.00971854281012051, 0.0053974031921372794
flux1:, 1.6470195292545877, 1.0277356199528405e-05, 1.0914072759411435e-05, -0.00015681181664041157, -0.011883830375923757, 0.0067468160228352034
flux1:, 1.6480018861251917, 0.0001898410042953085, 0.00018967526875082584, -0.00015403277052198372, -0.012422238877201258, 0.00705729205727178
flux1:, 1.6489842429957955, 0.0004041007113469502, 0.00040269070465900935, -0.000148273782754176, -0.010524391927005912, 0.005863915496187568
flux1:, 1.6499665998663995, 0.0003570093865298853, 0.0003556431204109455, -0.0001472108768340282, -0.008894288799565423, 0.004867775995454801
flux1:, 1.6509489567370035, 0.0001240622453207167, 0.00012395605442348058, -0.00015179694357715946, -0.009684080283812383, 0.005382491761158494
flux1:, 1.6519313136076075, 2.64581902570959e-05, 2.712248973997607e-05, -0.00015459035703646097, -0.011487695400840202, 0.006502731294220453
flux1:, 1.6529136704782115, 0.00018233829937612574, 0.00018230559507395155, -0.00015058371630136632, -0.01157037803084805, 0.0065339874129962325
flux1:, 1.6538960273488152, 0.0003609860872708024, 0.0003598230923319228, -0.0001447144642215692, -0.009821609108936213, 0.005439009495571929
flux1:, 1.6548783842194192, 0.00031652212959826063, 0.00031536396439066296, -0.0001448219684945048, -0.008729203088772244, 0.004776061820046159
flux1:, 1.6558607410900232, 0.00011990478097366724, 0.0001198584887590065, -0.000150164703734133, -0.009688855587261297, 0.005390407059464711
flux1:, 1.6568430979606272, 4.224303356500295e-05, 4.29028819669785e-05, -0.00015233758892221292, -0.011112894652637524, 0.006272445598895287
flux1:, 1.6578254548312312, 0.00017653319111277612, 0.00017659680234920766, -0.0001474297107813441, -0.010877987286929965, 0.006110395976941672
flux1:, 1.658807811701835, 0.0003245930141194618, 0.00032365036535326536, -0.0001417772268530622, -0.00935311544111523, 0.005158541766283079
flux1:, 1.659790168572439, 0.000283422016786132, 0.00028245847645498096, -0.00014286965120678078, -0.008700156863255556, 0.0047667787436973886
flux1:, 1.660772525443043, 0.00011850879242769957, 0.00011851139499862671, -0.00014852784964352038, -0.009701201198156525, 0.00540199327465049
flux1:, 1.661754882313647, 5.73003379826731e-05, 5.793381144168941e-05, -0.00015001496696385227, -0.010759342111175905, 0.006055716761555856
flux1:, 1.662737239184251, 0.0001722382029071773, 0.00017236333613768532, -0.00014458986381401997, -0.010320166514949061, 0.005770560009117978
flux1:, 1.6637195960548548, 0.0002941630976166867, 0.0002934054937162557, -0.0001394114449949331, -0.009054007090833626, 0.004982179612677329
flux1:, 1.6647019529254587, 0.00025652118982489284, 0.00025573035842917113, -0.00014124428766977575, -0.008746200041478918, 0.0048026102756822345
flux1:, 1.6656843097960627, 0.00011897184949335654, 0.000119014391846134, -0.0001468242384657628, -0.009702479207467652, 0.005406123847932095
flux1:, 1.6666666666666667, 7.126903078895012e-05, 7.186492091067073e-05, -0.00014762818377347248, -0.010431229297933053, 0.005855049524879727
