flux1:, 1.1764705882352942, 0.00013680378292919273, 0.00013991935265076733, -0.00018651345354454417, -0.012841728157559308, 0.007013736711384598
flux1:, 1.1774529451058982, 0.00015883576461400082, 0.00016223165684315928, -0.0001877108828801165, -0.012934876120365616, 0.007064915549469262
flux1:, 1.1784353019765021, 0.00018565643551167251, 0.00018936073504864585, -0.0001888230187333443, -0.013025144612468875, 0.007114492681810364
flux1:, 1.179417658847106, 0.00021751441641423342, 0.00022155525148452278, -0.00018984783687391054, -0.01311206243704795, 0.007162202472760514
flux1:, 1.18040001571771, 0.00025463492572867417, 0.00025904021343381027, -0.00019078500109475258, -0.01319519569404946, 0.007207799456243547
flux1:, 1.181382372588314, 0.00029721596201415327, 0.0003020131369115999, -0.00019163605859303542, -0.013274160064961026, 0.007251065178958378
flux1:, 1.182364729458918, 0.0003454244902194011, 0.0003506402177191416, -0.00019240462318645003, -0.013348633329695768, 0.007291815186097181
flux1:, 1.183347086329522, 0.00039939267290861575, 0.0004050525494739296, -0.0001930965419444427, -0.0134183678959116, 0.007329906028457582
flux1:, 1.1843294432001257, 0.0004592141901663732, 0.00046534243260539377, -0.00019372004067602037, -0.01348320310058725, 0.007365242158229292
flux1:, 1.1853118000707297, 0.0005249406939296879, 0.0005315598203588136, -0.00019428584364557572, -0.013543077025948359, 0.007397782570647983
flux1:, 1.1862941569413337, 0.0005965784441669263, 0.000603708949513204, -0.000194807262896264, -0.013598037557861133, 0.0074275470406655495
flux1:, 1.1872765138119377, 0.0006740851755440569, 0.0006817452047270694, -0.00019530025265018642, -0.013648252404640784, 0.007454621797829051
flux1:, 1.1882588706825417, 0.000757367243964509, 0.0007655722661549627, -0.00019578342443550572, -0.013694017788909581, 0.007479164479272036
flux1:, 1.1892412275531457, 0.0008462771025777994, 0.0008550395901655174, -0.0001962780188669922, -0.013735765525087772, 0.007501408200333614
flux1:, 1.1902235844237494, 0.0009406111565004447, 0.0009499402726144826, -0.00019680783037962795, -0.013774068200459797, 0.00752166458492
flux1:, 1.1912059412943534, 0.001040108044532661, 0.0010500093431363882, -0.00019739908169211936, -0.01380964218955813, 0.007540325603888165
flux1:, 1.1921882981649574, 0.0011444473945706446, 0.0011549225373005407, -0.00019808024535440707, -0.013843348249507165, 0.007557864079283281
flux1:, 1.1931706550355614, 0.001253249097168898, 0.0012642955911933524, -0.00019888181041330331, -0.013876189468665921, 0.007574832725591111
flux1:, 1.1941530119061654, 0.0013660731387953096, 0.0013776841000347456, -0.00019983599300707702, -0.013909306372245425, 0.007591861616196595
flux1:, 1.1951353687767692, 0.0014824200327271837, 0.0014945839787957058, -0.00020097639057157672, -0.01394396902660159, 0.007609653984011988
flux1:, 1.1961177256473732, 0.0016017318812578576, 0.0016144325584558018, -0.0002023375802969834, -0.01398156602858019, 0.007628980289729116
flux1:, 1.1971000825179772, 0.0017233940979320282, 0.0017366103465350875, -0.000203954663508197, -0.01402359031694184, 0.007650670519009156
flux1:, 1.1980824393885812, 0.0018467378129114066, 0.0018604434748629283, -0.0002058627587409968, -0.014071621799640196, 0.007675604701212356
flux1:, 1.1990647962591852, 0.0019710429783233044, 0.0019852068512396137, -0.00020809644743672535, -0.01412730685239584, 0.007704701676358459
flux1:, 1.200047153129789, 0.0020955421835941487, 0.002110128024736724, -0.00021068917736338842, -0.0141923348101259, 0.007738906173637593
flux1:, 1.201029510000393, 0.0022194251833582003, 0.002234391766910358, -0.00021367263007505196, -0.014268411642484389, 0.007779174303482401
flux1:, 1.202011866870997, 0.002341844132620155, 0.002357145363229143, -0.00021707605992107352, -0.014357231076707876, 0.00782645760523746
flux1:, 1.202994223741601, 0.002461919515498533, 0.002477504600607162, -0.00022092561329306275, -0.014460443504233715, 0.007881685833319704
flux1:, 1.203976580612205, 0.002578746745155735, 0.0025945604281519706, -0.0002252436379256464, -0.014579623080547041, 0.007945748705560104
flux1:, 1.2049589374828087, 0.002691403403516676, 0.002707386259176971, -0.0002300479931234288, -0.014716233499258694, 0.00801947687750536
flux1:, 1.2059412943534127, 0.002798957080184661, 0.0028150458732802705, -0.00023535137274559783, -0.014871592989659593, 0.008103622444827643
flux1:, 1.2069236512240167, 0.0029004737606688376, 0.002916601867947294, -0.0002411606536154407, -0.015046839150582525, 0.0081988393118527
flux1:, 1.2079060080946207, 0.0029950267047688973, 0.0030111245998201927, -0.00024747628270994427, -0.015242894290600252, 0.008305663796647742
flux1:, 1.2088883649652247, 0.0030817057468054848, 0.0030977015465792714, -0.0002542917169967816, -0.015460431993459508, 0.008424495870996411
flux1:, 1.2098707218358287, 0.003159626940494344, 0.003175447011457429, -0.00026159293010334883, -0.01569984566731254, 0.008555581456445957
flux1:, 1.2108530787064324, 0.003227942462721984, 0.0032435120838412114, -0.000269358000093367, -0.01596121986381652, 0.008698996213800908
flux1:, 1.2118354355770364, 0.003285850682450559, 0.0033010947613630283, -0.0002775567924813598, -0.016244305168724184, 0.008854631273037216
flux1:, 1.2128177924476404, 0.0033326062935709186, 0.0033474501314700346, -0.0002861507522050112, -0.016548497466165952, 0.009022181351952374
flux1:, 1.2138001493182444, 0.003367530403863906, 0.0033819005037950115, -0.00029509281759217994, -0.01687282236434571, 0.0092011357048682
flux1:, 1.2147825061888484, 0.0033900204664561798, 0.0034038453788899537, -0.00030432746838835866, -0.017215925539265545, 0.009390772326484506
flux1:, 1.2157648630594522, 0.003399559935384465, 0.003412771134129895, -0.00031379091864438874, -0.01757606970471304, 0.009590155810162797
flux1:, 1.2167472199300562, 0.003395727523227809, 0.003408260303970393, -0.0003234114637023685, -0.017951138850577295, 0.009798139224181594
flux1:, 1.2177295768006602, 0.0033782059363561315, 0.003390000329372459, -0.0003331099886592597, -0.018338650307401193, 0.010013370323732588
flux1:, 1.2187119336712642, 0.0033467899622598115, 0.0033577916501778098, -0.00034280064354422674, -0.018735775093088068, 0.010234302360660166
flux1:, 1.2196942905418682, 0.0033013937837732357, 0.0033115550146299564, -0.00035239168802655047, -0.019139366878120328, 0.01045920968732999
flux1:, 1.220676647412472, 0.0032420573968690945, 0.0032513378821761936, -0.0003617865058003146, -0.019545999769919206, 0.010686208276272703
flux1:, 1.221659004283076, 0.0031689520121278903, 0.0031773197991999793, -0.0003708847858916011, -0.019952014965506793, 0.010913281193635126
flux1:, 1.22264136115368, 0.003082384325054457, 0.003089816632498255, -0.00037958386503800717, -0.020353576156982245, 0.011138308973342566
flux1:, 1.223623718024284, 0.002982799547126868, 0.0029892835521396015, -0.0003877802220363979, -0.020746733397783743, 0.011359104740962606
flux1:, 1.224606074894888, 0.002870783097865266, 0.002876316663858698, -0.0003953711115871137, -0.021127494952252423, 0.011573453833175472
flux1:, 1.2255884317654917, 0.0027470608682616015, 0.0027516532013218994, -0.0004022563217301228, -0.021491906459128414, 0.01177915755187091
flux1:, 1.2265707886360957, 0.002612497977624207, 0.002616170200445513, -0.00040834003552728265, -0.02183613654456977, 0.011974080583018845
flux1:, 1.2275531455066997, 0.002468095959181866, 0.0024708815913789682, -0.00041353277425338047, -0.022156567825700257, 0.01215620150158131
flux1:, 1.2285355023773037, 0.0023149883246180118, 0.0023169336587364705, -0.00041775339608017764, -0.02244989205498728, 0.012323665676772582
flux1:, 1.2295178592479077, 0.002154434473949401, 0.0021555988370529997, -0.00042093112114110587, -0.02271320797330854, 0.012474839789332216
flux1:, 1.2305002161185117, 0.001987811934722745, 0.001988267826150844, -0.00042300755101373533, -0.022944120269068027, 0.01260836707624274
flux1:, 1.2314825729891155, 0.0018166069332355415, 0.0018164400299863432, -0.0004239386481296928, -0.023140837886879182, 0.012723222331093636
flux1:, 1.2324649298597194, 0.001642403320219446, 0.0016417123424286259, -0.0004236966384796245, -0.023302269795948426, 0.012818765612222834
flux1:, 1.2334472867303234, 0.0014668698939886, 0.0014657663241319568, -0.00042227179929869407, -0.023428116219825833, 0.012894793548341634
flux1:, 1.2344296436009274, 0.0012917461852333468, 0.0012903538359821988, -0.0004196740922592417, -0.023518953249621635, 0.012951587084816885
flux1:, 1.2354120004715314, 0.0011188267892123004, 0.001117281216303495, -0.00041593460212496276, -0.02357630871586677, 0.012989954485255738
flux1:, 1.2363943573421352, 0.0009499443528250304, 0.0009483921108641428, -0.00041110674089132095, -0.023602727183470902, 0.013011268394539218
flux1:, 1.2373767142127392, 0.0007869513456694692, 0.0007855490864544515, -0.00040526717820225504, -0.02360182196284614, 0.013017495782749057
flux1:, 1.2383590710833432, 0.0006317007654402206, 0.0006306141801597756, -0.00039851646033149657, -0.023578312100450166, 0.013011219625850463
flux1:, 1.2393414279539472, 0.0004860259486225989, 0.0004854285571332293, -0.0003909792822864811, -0.0235380424263543, 0.012995651239984297
flux1:, 1.2403237848245512, 0.00035171967709847344, 0.0003517914693989701, -0.00038280438064947, -0.023487984895520404, 0.01297463227220234
flux1:, 1.241306141695155, 0.0002305127897099461, 0.00023143872669281979, -0.0003741640186286259, -0.023436219664505147, 0.012952625462140835
flux1:, 1.242288498565759, 0.0001240525247390106, 0.00012602090728406097, -0.0003652530394446213, -0.023391894595488568, 0.012934693426121786
flux1:, 1.243270855436363, 3.388083436408641e-05, 3.708155182748765e-05, -0.0003562874696119616, -0.023365162174199306, 0.012926464877164133
flux1:, 1.244253212306967, -3.8587074832138704e-05, -3.3964403712623555e-05, -0.00034750265985212874, -0.023367093165020135, 0.012934087880090707
flux1:, 1.245235569177571, -9.208371057392745e-05, -8.585168941566498e-05, -0.00033915095825473324, -0.023409566702625777, 0.012964169948883731
flux1:, 1.2462179260481747, -0.0001255095000504521, -0.00011748498241242745, -0.0003314989178164774, -0.023505136930796432, 0.013023705021439949
flux1:, 1.2472002829187787, -0.00013795195356001893, -0.00012795812783400923, -0.00032482404855926135, -0.023666876740847744, 0.013119987592310143
flux1:, 1.2481826397893827, -0.00012870350655074412, -0.00011657201798254518, -0.000319411132962814, -0.023908199628412313, 0.013260514543596674
flux1:, 1.2491649966599867, -9.727776109372524e-05, -8.285084927970515e-05, -0.0003155481323335583, -0.02424266117153366, 0.01345287548430156
flux1:, 1.2501473535305907, -4.3423852354733365e-05, -2.6556481254116684e-05, -0.0003135217208497518, -0.02468374212771364, 0.013704632684924986
flux1:, 1.2511297104011945, 3.2861326306675144e-05, 5.2299369908293925e-05, -0.0003136124932304167, -0.025244615644130122, 0.014023191972277691
flux1:, 1.2521120672717985, 0.00013132329430502008, 0.0001534453588265333, -0.0003160899011308304, -0.025937901565239778, 0.01441566622457833
flux1:, 1.2530944241424025, 0.00025144279022113635, 0.00027634339939178545, -0.0003212069823058691, -0.026775411295570112, 0.014888733373470879
flux1:, 1.2540767810130065, 0.0003924314339710047, 0.0004201844349604228, -0.0003291949551404547, -0.027767887122993915, 0.015448491072229273
flux1:, 1.2550591378836105, 0.0005532304424822278, 0.0005838872880876497, -0.0003402577591512154, -0.028924740319320026, 0.01610031042257903
flux1:, 1.2560414947542144, 0.0007325125704529466, 0.0007661007611599105, -0.0003545666293377348, -0.030253792700098415, 0.01684869136037918
flux1:, 1.2570238516248182, 0.0009286874182121316, 0.0009652091294149733, -0.0003722547986322894, -0.03176102663453353, 0.017697122477457028
flux1:, 1.2580062084954222, 0.001139910215940374, 0.0011793411347557528, -0.00039341242798580917, -0.03345034873935867, 0.018647948197570326
flux1:, 1.2589885653660262, 0.0013640941577662004, 0.0014063825526905067, -0.0004180818676703335, -0.03532337265837718, 0.019702246323633755
flux1:, 1.2599709222366302, 0.0015989263208193245, 0.0016439923659664801, -0.000446253356014491, -0.03737922641378868, 0.02085971902629546
flux1:, 1.2609532791072342, 0.0018418871635173517, 0.0018896225373286634, -0.0004778612628679969, -0.039614389808482336, 0.022118600346106746
flux1:, 1.261935635977838, 0.002090273554566775, 0.0021405413307143415, -0.0005127809844865612, -0.04202256725413248, 0.02347558322949021
flux1:, 1.262917992848442, 0.0023412252397905613, 0.002393860085510251, -0.0005508265941247096, -0.04459460119299095, 0.024925769009392376
flux1:, 1.263900349719046, 0.0025917546083984292, 0.002646563302701203, -0.0005917493483274314, -0.04731843096767411, 0.026462642072556677
flux1:, 1.26488270658965, 0.0028387795741961356, 0.0028955418553361285, -0.0006352371426612118, -0.05017910157170124, 0.028078072225921038
flux1:, 1.265865063460254, 0.0030791593410130253, 0.003137629089259857, -0.000680915002376174, -0.05315882618328359, 0.02976234698413003
flux1:, 1.266847420330858, 0.003309732775831731, 0.0033696395340299047, -0.0007283466832414785, -0.05623710574781455, 0.03150423564954268
flux1:, 1.2678297772014617, 0.0035273590683515825, 0.0035884098989827414, -0.0007770374455635138, -0.05939090813444795, 0.03329108664734029
flux1:, 1.2688121340720657, 0.0037289603125479926, 0.003790841986077282, -0.0008264380502447518, -0.06259490855496436, 0.03510895911458177
flux1:, 1.2697944909426697, 0.003911565604812076, 0.003973947110036594, -0.0008759500097599548, -0.06582179200626807, 0.03694278922732515
flux1:, 1.2707768478132737, 0.004072356215083466, 0.004134891578051185, -0.0009249321092468381, -0.06904261749224914, 0.03877659119024115
flux1:, 1.2717592046838777, 0.004208711352569235, 0.004271042746445984, -0.0009727081936976836, -0.07222724270699148, 0.040593692214279026
flux1:, 1.2727415615544815, 0.004318254016800992, 0.004380015140879217, -0.0010185761966955303, -0.07534480673559546, 0.04237700017886934
flux1:, 1.2737239184250855, 0.004398896398424455, 0.004459716100340294, -0.0010618183645056433, -0.07836426716441577, 0.044109302023157514
flux1:, 1.2747062752956895, 0.004448884272803685, 0.0045083903840108155, -0.0011017126068755068, -0.08125498680928739, 0.04577359024696401
flux1:, 1.2756886321662935, 0.004466839813729239, 0.004524663164421234, -0.0011375448829210198, -0.08398736408582362, 0.0473534142363439
flux1:, 1.2766709890368975, 0.004451802244678761, 0.004507580820710412, -0.0011686225073074138, -0.0865334998808137, 0.04883325247222271
flux1:, 1.2776533459075012, 0.004403265741612784, 0.004456648942597636, -0.0011942882389332332, -0.08886789265935205, 0.05019890104565658
flux1:, 1.2786357027781052, 0.004321214004495742, 0.004371866959205254, -0.0012139349918580571, -0.09096815248041558, 0.051437873301846314
flux1:, 1.2796180596487092, 0.0042061509249074445, 0.004253758817417002, -0.0012270209866798853, -0.09281572361564987, 0.05253980487939283
flux1:, 1.2806004165193132, 0.004059126794440512, 0.004103399152208681, -0.0012330851403622963, -0.09439660459540347, 0.05349685791433595
flux1:, 1.2815827733899172, 0.003881759523176002, 0.00392243441645119, -0.0012317624740339392, -0.09570205376201585, 0.05430411775146966
flux1:, 1.282565130260521, 0.003676250369454812, 0.003713098470121194, -0.0012227993019504587, -0.09672926781625599, 0.0549599751611994
flux1:, 1.283547487131125, 0.003445393721330772, 0.003478222168570555, -0.001206067950993237, -0.09748202041473616, 0.05546648680822496
flux1:, 1.284529844001729, 0.0031925805164101633, 0.0032212365364058266, -0.0011815807491831283, -0.09797124763494203, 0.05582970657022374
flux1:, 1.285512200872333, 0.002921794939984386, 0.0029461691673401892, -0.0011495030140460999, -0.09821556708292771, 0.05605998026800712
flux1:, 1.286494557742937, 0.0026376041011596007, 0.002657633550808087, -0.0011101647676179435, -0.09824171759140887, 0.05617219645164958
flux1:, 1.2874769146135407, 0.002345140452641641, 0.002360811092733575, -0.0010640709047060055, -0.09808490685226619, 0.05618598609539103
flux1:, 1.2884592714841447, 0.0020500767914690167, 0.002061425670131754, -0.0010119095449788236, -0.09778905495417686, 0.05612586439173853
flux1:, 1.2894416283547487, 0.0017585937546933613, 0.0017657106365841946, -0.0009545583077304496, -0.09740692265707958, 0.0560213083046295
flux1:, 1.2904239852253527, 0.0014773398051165132, 0.001480368277386276, -0.0008930882609055036, -0.0970001143293519, 0.05590676414240152
flux1:, 1.2914063420959567, 0.0012133837869573773, 0.0012125217985606074, -0.0008287653132542398, -0.09663894679718323, 0.05582158014182436
flux1:, 1.2923886989665605, 0.000974160218897445, 0.0009696600221148198, -0.0007630488403221283, -0.09640217689954561, 0.05580985990979447
flux1:, 1.2933710558371645, 0.0007674075814668639, 0.0007595750500117818, -0.000697587361325259, -0.09637658229477872, 0.05592023354319513
flux1:, 1.2943534127077685, 0.000601099946195687, 0.0005902932503194956, -0.0006342111146736649, -0.09665639200765788, 0.0562055443298371
flux1:, 1.2953357695783725, 0.0004833723844057106, 0.00047000000994708297, -0.0005749214147942838, -0.09734256531994961, 0.05672245011386154
flux1:, 1.2963181264489765, 0.0004224406828667972, 0.00040695878815397705, -0.0005218767116851078, -0.09854191986608302, 0.05753093967283422
flux1:, 1.2973004833195805, 0.00042651598075879187, 0.00040942509260526644, -0.00047737531695448023, -0.10036611217166677, 0.05869376578582174
flux1:, 1.2982828401901843, 0.0005037150263312289, 0.0004855560839953624, -0.0004438348055305783, -0.1029304763321177, 0.06027579805331103
flux1:, 1.2992651970607882, 0.0006619668312949308, 0.0006433165951249121, -0.00042376815027943396, -0.10635272903904722, 0.062343299942517166
flux1:, 1.3002475539313922, 0.0009089165751706454, 0.0008903824246451357, -0.00041975669686705313, -0.1107515516822785, 0.06496313595268575
flux1:, 1.3012299108019962, 0.0012518276795437432, 0.0012340418334578222, -0.0004344201377236236, -0.11624506274817972, 0.06820191620338618
flux1:, 1.3022122676726002, 0.0016974830323713828, 0.0016810962319147185, -0.0004703836962330297, -0.12294919615711719, 0.07212508712031744
flux1:, 1.303194624543204, 0.0022520863941899055, 0.0022377610975244304, -0.0005302427845448503, -0.1309760034923399, 0.07679597820414057
flux1:, 1.304176981413808, 0.002921165060355171, 0.0029095682049254086, -0.0006165254499259768, -0.1404319002267197, 0.08227481609417728
flux1:, 1.305159338284412, 0.0037094748854725945, 0.003701270281574356, -0.0007316529745344548, -0.1514158780098723, 0.0886177182563628
flux1:, 1.306141695155016, 0.004620908797188911, 0.004616749223183666, -0.0008778990410959131, -0.16401770679551433, 0.09587567961052698
flux1:, 1.30712405202562, 0.005658409935837248, 0.005658929011731618, -0.0010573479213691103, -0.1783161520269233, 0.10409356624275058
flux1:, 1.308106408896224, 0.006823890553581241, 0.006829694475400555, -0.0012718521847001464, -0.1943772332236865, 0.11330913100523961
flux1:, 1.3090887657668278, 0.008118157791145086, 0.008129817013523844, -0.0015229904595604796, -0.21225255108645585, 0.12355206626646889
flux1:, 1.3100711226374318, 0.009540847421800882, 0.00955888838040708, -0.001812025811014298, -0.23197771063645783, 0.13484310932563326
flux1:, 1.3110534795080357, 0.011090366610725577, 0.011115263579448552, -0.002139865320818915, -0.2535708679021089, 0.14719321602993043
flux1:, 1.3120358363786397, 0.012763846683236369, 0.012796013863427318, -0.002507021473679812, -0.27703142724191726, 0.16060281792233683
flux1:, 1.3130181932492437, 0.014557106827797203, 0.014596890768193444, -0.0029135759624694607, -0.30233891553483255, 0.1750611777916848
flux1:, 1.3140005501198475, 0.016464629579475427, 0.016512302025708886, -0.003359146526463436, -0.3294520581724331, 0.19054585779344718
flux1:, 1.3149829069904515, 0.018479548837080913, 0.018535300108825127, -0.0038428574294582705, -0.3583080800507026, 0.20702231335740423
flux1:, 1.3159652638610555, 0.020593651063137448, 0.02065758405495061, -0.004363314168659896, -0.38882225258891495, 0.22444362490032665
flux1:, 1.3169476207316595, 0.0227973902009753, 0.02286951509973321, -0.004918582980346421, -0.4208877052182961, 0.2427503779282355
flux1:, 1.3179299776022635, 0.025079916718363775, 0.025160146525833815, -0.005506175674381197, -0.45437551679997323, 0.2618707004521344
flux1:, 1.3189123344728673, 0.027429121053392683, 0.027517267996988733, -0.006123040286775465, -0.48913509908497527, 0.281720464772773
flux1:, 1.3198946913434713, 0.029831691596844324, 0.02992746450493943, -0.006765557987865436, -0.5249948806517766, 0.3022036586316551
flux1:, 1.3208770482140753, 0.032273187197488507, 0.032376189907883324, -0.007429546623595112, -0.5617632957938645, 0.32321292850269256
flux1:, 1.3218594050846793, 0.034738124023882766, 0.034847854885181696, -0.008110271199366421, -0.5992300786310346, 0.3446302954385815
flux1:, 1.3228417619552832, 0.03721007646002065, 0.03732592897581492, -0.008802461540505329, -0.6371678583369971, 0.3663280414187597
flux1:, 1.323824118825887, 0.03967179155402242, 0.03979305620899997, -0.009500337281387954, -0.6753340468775635, 0.3881697616076053
flux1:, 1.324806475696491, 0.042105316380827644, 0.04223118367630858, -0.010197640247462855, -0.7134730060960748, 0.41001157535507343
flux1:, 1.325788832567095, 0.044492137523108564, 0.0446217022371522, -0.010887674201839958, -0.7513184764412958, 0.4317034861998942
flux1:, 1.326771189437699, 0.04681333172127572, 0.04694559839552631, -0.011563351831851582, -0.7885962451741653, 0.45309087860467595
flux1:, 1.327753546308303, 0.04904972659521039, 0.04918361623717942, -0.012217248752227383, -0.825027027586543, 0.4740161367047535
flux1:, 1.3287359031789068, 0.05118207019897848, 0.05131642817462984, -0.012841664201503764, -0.860329530689579, 0.4943203680287996
flux1:, 1.3297182600495108, 0.053191208037111845, 0.05332481311457135, -0.013428688008418904, -0.8942236650543534, 0.5138452129903347
flux1:, 1.3307006169201148, 0.05505826604867218, 0.05518984053977728, -0.013970273306613167, -0.9264338670788766, 0.5324347189934283
flux1:, 1.3316829737907188, 0.05676483795495987, 0.05689305888735043, -0.014458314380499715, -0.956692490983819, 0.5499372562825542
flux1:, 1.3326653306613228, 0.05829317526988577, 0.05841668650858658, -0.014884728934003982, -0.9847432273590363, 0.566207451227725
flux1:, 1.3336476875319265, 0.05962637819018913, 0.059743803414295894, -0.015241543988526528, -1.0103445031577418, 0.581108111607552
flux1:, 1.3346300444025305, 0.06074858551709333, 0.06085854194443176, -0.015520984538276411, -1.0332728167056817, 0.5945121176592205
flux1:, 1.3356124012731345, 0.06164516171286276, 0.061746274453485614, -0.015715564021423045, -1.053325960603932, 0.6063042522306505
flux1:, 1.3365947581437385, 0.062302879166078046, 0.06239379607437955, -0.015818175605608473, -1.0703260853901833, 0.6163829433174223
flux1:, 1.3375771150143425, 0.0627100937289989, 0.06278950061419351, -0.01582218323737968, -1.084122557497581, 0.6246618926029041
flux1:, 1.3385594718849465, 0.06285691159991778, 0.06292354764581473, -0.015721511368137847, -1.0945945664382182, 0.631071564360014
flux1:, 1.3395418287555503, 0.06273534565321856, 0.06278801889075011, -0.015510732245165243, -1.1016534382284562, 0.6355605102114393
flux1:, 1.3405241856261543, 0.06233945937021867, 0.06237706204018225, -0.015185149645950028, -1.105244614864378, 0.6380965067821984
flux1:, 1.3415065424967583, 0.061665496594729724, 0.06168702023379435, -0.014740877937991037, -1.1053492631217006, 0.6386674852003282
flux1:, 1.3424888993673623, 0.06071199542854025, 0.06071654550883896, -0.014174915364959777, -1.1019854800689375, 0.6372822336934058
flux1:, 1.3434712562379663, 0.05947988469286503, 0.05946669464454058, -0.013485210493705895, -1.0952090673906416, 0.6339708571614373
flux1:, 1.34445361310857, 0.057972561512098474, 0.057941005959043654, -0.012670720805218486, -1.0851138518824783, 0.6287849805594012
flux1:, 1.345435969979174, 0.05619594872439085, 0.05614555576618013, -0.01173146247600231, -1.0718315352168069, 0.6217976861480625
flux1:, 1.346418326849778, 0.054158530989009745, 0.05408899336667789, -0.01066855047409709, -1.0555310622310714, 0.6131031781395647
flux1:, 1.347400683720382, 0.05187136864147974, 0.051782553631374205, -0.00948422818545184, -1.0364175034656908, 0.6028161719202866
flux1:, 1.348383040590986, 0.049348088542755165, 0.0492400464311536, -0.008181885890814781, -1.0147304543933902, 0.5910710088326584
flux1:, 1.34936539746159, 0.04660485137617826, 0.04647782237768089, -0.006766067529602976, -0.9907419606332816, 0.5780205013812164
flux1:, 1.3503477543321938, 0.04366029506412204, 0.04351471455894698, -0.005242465314199992, -0.9647539853395527, 0.5638345176452993
flux1:, 1.3513301112027978, 0.040535454202617574, 0.040371956181756645, -0.0036179018943638818, -0.9370954417843156, 0.5486983175665459
flux1:, 1.3523124680734018, 0.03725365564489737, 0.037073074267530474, -0.0019002999153107465, -0.9081188208169273, 0.532810657578437
flux1:, 1.3532948249440058, 0.03384039060123072, 0.03364375978572462, -9.863896285213362e-05, -0.8781964492690318, 0.5163816836950575
flux1:, 1.3542771818146098, 0.03032316386041178, 0.030111714848498002, 0.0017770999571227694, -0.8477164213876578, 0.49963063662074475
flux1:, 1.3552595386852135, 0.026731320975086632, 0.026506477828261165, 0.003716002101533052, -0.817078250909296, 0.4827833956196385
flux1:, 1.3562418955558175, 0.02309585448644165, 0.022859227494075797, 0.005706298376022303, -0.7866882963498387, 0.46606989074514776
flux1:, 1.3572242524264215, 0.019449190491096825, 0.019202567490995952, 0.007735455810494258, -0.756955016385042, 0.4497214155194901
flux1:, 1.3582066092970255, 0.015824957071742914, 0.01557029270573, 0.009790278360976975, -0.7282841157566872, 0.4339678742290976
flux1:, 1.3591889661676295, 0.0122577363207149, 0.011997139270023738, 0.011857017130884002, -0.7010736448873384, 0.4190349996192155
flux1:, 1.3601713230382333, 0.008782801880053294, 0.00851852014766283, 0.013921488969380816, -0.6757091182699784, 0.40514157790124955
flux1:, 1.3611536799088373, 0.005435844100235881, 0.005170248429520503, 0.0159692022795698, -0.6525587176639881, 0.3924967185966809
flux1:, 1.3621360367794413, 0.002252685080568756, 0.001988250621537776, 0.01798548875639, -0.6319686461474824, 0.3812972068152352
flux1:, 1.3631183936500453, -0.0007310140047313489, -0.0009917276490257968, 0.01995563967531557, -0.6142586981284509, 0.37172497508975144
flux1:, 1.3641007505206493, -0.003480050771252526, -0.003734420965090574, 0.02186504526970422, -0.5997181084998104, 0.36394473086267093
flux1:, 1.365083107391253, -0.005959982060159768, -0.006205345849872442, 0.023699335668418114, -0.5886017412469746, 0.35810177414450867
flux1:, 1.366065464261857, -0.00813742425362233, -0.008371102186138185, 0.025444521817411754, -0.5811266740079706, 0.35432003775662096
flux1:, 1.367047821132461, -0.009980350732444293, -0.010199671570612868, 0.027087134780179413, -0.5774692303877458, 0.35270037995254394
flux1:, 1.368030178003065, -0.011458383719099208, -0.011660709831958343, 0.02861436180322073, -0.5777625062948134, 0.3533191561140911
flux1:, 1.369012534873669, -0.01254307775704237, -0.012725830950371048, 0.030014177544316893, -0.5820944302729745, 0.3562270926803682
flux1:, 1.3699948917442728, -0.013208192112469225, -0.01336887965427927, 0.031275468893723804, -0.5905063908229096, 0.36144848253500617
flux1:, 1.3709772486148768, -0.01342994944732646, -0.013566190034559047, 0.032388151871236205, -0.6029924561491122, 0.3689807168051671
flux1:, 1.3719596054854808, -0.013187278202409934, -0.013296827609159059, 0.03334327915514568, -0.6194992037268356, 0.37879416347178696
flux1:, 1.3729419623560848, -0.012462036245951548, -0.012542812390153502, 0.03413313689168447, -0.6399261686826049, 0.39083239842263295
flux1:, 1.3739243192266888, -0.01123921348552217, -0.011289320650319326, 0.03475132954473506, -0.6641269113391467, 0.40501278966472193
flux1:, 1.3749066760972926, -0.009507111308146764, -0.00952486325612405, 0.035192851674152356, -0.6919106955209683, 0.42122743042458716
flux1:, 1.3758890329678966, -0.007257496903838276, -0.007241438627074139, 0.0354541456755249, -0.7230447604833177, 0.4393444118792383
flux1:, 1.3768713898385005, -0.004485730739606756, -0.004434658595989178, 0.03553314467292335, -0.7572571607443984, 0.4592094213509493
flux1:, 1.3778537467091045, -0.0011908656824593433, -0.001103845678967538, 0.03542929992714004, -0.7942401398054564, 0.4806476470442479
flux1:, 1.3788361035797085, 0.0026242834811742864, 0.002747899484583184, 0.035143592303065435, -0.8336539958622917, 0.503465965875257
flux1:, 1.3798184604503125, 0.006953101118212903, 0.007113661494926106, 0.03467852752884579, -0.875131390270106, 0.5274553867144982
flux1:, 1.3808008173209163, 0.011785163125940502, 0.011982705051993434, 0.034038115173888106, -0.9182820428390962, 0.5523937175019548
flux1:, 1.3817831741915203, 0.017106261039110435, 0.017340501717849767, 0.03322783147010253, -0.9626977521199699, 0.578048421260344
flux1:, 1.3827655310621243, 0.02289845799965672, 0.023168788691559885, 0.032254566298386175, -1.0079576737828841, 0.6041796230857549
flux1:, 1.3837478879327283, 0.02914017642428731, 0.029445659407166976, 0.031126554857636893, -1.0536337860850977, 0.6305432277829147
flux1:, 1.3847302448033323, 0.03580631690693597, 0.03614568546541855, 0.02985329472389265, -1.0992964683340483, 0.6568941059779401
flux1:, 1.3857126016739363, 0.042868407596861995, 0.043240069112166546, 0.028445449189931755, -1.1445201162380914, 0.6829893053171054
flux1:, 1.38669495854454, 0.05029478300190595, 0.05069682518382389, 0.02691473794840103, -1.1888887171328084, 0.7085912427674596
flux1:, 1.387677315415144, 0.05805079088348982, 0.05848099115635625, 0.02527381634175572, -1.2320013083049204, 0.7334708340916595
flux1:, 1.388659672285748, 0.06609902563776189, 0.06655486366142475, 0.02353614454789541, -1.2734772430037582, 0.757410517274259
flux1:, 1.389642029156352, 0.07439958629928081, 0.07487825957489849, 0.02171584819921911, -1.3129611912243955, 0.7802071280263249
flux1:, 1.390624386026956, 0.08291035706197272, 0.08340879954125496, 0.01982757204313439, -1.350127805931069, 0.8016745874713899
flux1:, 1.3916067428975598, 0.09158730798980184, 0.09210221157534156, 0.017886328342194047, -1.3846859900165058, 0.8216463646911396
flux1:, 1.3925890997681638, 0.10038481338873768, 0.10091265218271243, 0.015907341780762585, -1.4163827048942026, 0.8399776799481492
flux1:, 1.3935714566387678, 0.10925598513435264, 0.10979304226341369, 0.013905892691346532, -1.445006268116217, 0.8565474180582203
flux1:, 1.3945538135093718, 0.1181530180979623, 0.11869541491389987, 0.011897160436739522, -1.4703890946997804, 0.8712597255035642
flux1:, 1.3955361703799758, 0.1270275446897952, 0.1275712721188774, 0.009896068783612452, -1.492409844823681, 0.8840452693970255
flux1:, 1.3965185272505796, 0.1358309954419317, 0.13637194723095836, 0.007917135078957614, -1.5109949490963692, 0.894862141258666
flux1:, 1.3975008841211836, 0.1445149624878521, 0.14504897007223466, 0.0059743249931613375, -1.5261194915744758, 0.9036963936755327
flux1:, 1.3984832409917876, 0.15303156275964516, 0.1535544314584582, 0.004080914523089462, -1.537807439980683, 0.9105622032039917
flux1:, 1.3994655978623916, 0.16133379771937306, 0.16184134394459992, 0.002249360856171099, -1.546131221994977, 0.9155016582605113
flux1:, 1.4004479547329955, 0.1693759064671721, 0.1698639956194643, 0.0004911835834620227, -1.5512106559221386, 0.9185841761477224
flux1:, 1.4014303116035993, 0.1771137091258605, 0.1775782938372661, -0.0011831423826225962, -1.553211253329793, 0.9199055586938668
flux1:, 1.4024126684742033, 0.1845049374889344, 0.1849420958643683, -0.0027642809798604315, -1.5523419202562296, 0.9195867011630604
flux1:, 1.4033950253448073, 0.19150955003557174, 0.19191552353943217, -0.004244115216123023, -1.5488520921698437, 0.9177719740399072
flux1:, 1.4043773822154113, 0.19809002856108898, 0.1984612591934673, -0.0056158125749460625, -1.5430283458850584, 0.9146273019285678
flux1:, 1.4053597390860153, 0.2042116538428428, 0.20454482025128248, -0.006873874933097797, -1.5351905389830192, 0.9103379680613901
flux1:, 1.406342095956619, 0.20984275795817875, 0.21013481013593904, -0.008014172513689502, -1.5256875338322347, 0.9051061767199438
flux1:, 1.407324452827223, 0.21495495109061422, 0.2152031433208767, -0.009033961601081249, -1.5148925689566601, 0.8991484091726508
flux1:, 1.408306809697827, 0.2195233209006607, 0.2197252426180257, -0.009931885949290196, -1.503198345169707, 0.8926926114791306
flux1:, 1.409289166568431, 0.22352660279632364, 0.22368020705220373, -0.01070796202104362, -1.4910118975132234, 0.8859752546594482
flux1:, 1.410271523439035, 0.22694731971244084, 0.22705094894943684, -0.011363548397219718, -1.478749326556373, 0.8792383092454179
flux1:, 1.4112538803096388, 0.2297718902949345, 0.22982429915683045, -0.011901299893471067, -1.4668304639890501, 0.8727261771005949
flux1:, 1.4122362371802428, 0.23199070468290905, 0.23199107961136498, -0.012325107109671779, -1.4556735476676763, 0.8666826236036131
flux1:, 1.4132185940508468, 0.23359816738508182, 0.2335461427811833, -0.01264002231594886, -1.445689980345219, 0.8613477528376847
flux1:, 1.4142009509214508, 0.23459270705433072, 0.2344883778126736, -0.012852172744085866, -1.437279244259347, 0.8569550673267807
flux1:, 1.4151833077920548, 0.23497675327205161, 0.23482068352668128, -0.012968662502844938, -1.4308240406062556, 0.8537286521291712
flux1:, 1.4161656646626586, 0.23475668075925912, 0.23454990871426648, -0.012997464468316509, -1.4266857187479072, 0.8518805207729901
flux1:, 1.4171480215332626, 0.2339427217311332, 0.23368676048370632, -0.012947303614055727, -1.4252000548618695, 0.8516081576359126
flux1:, 1.4181303784038666, 0.2325488474026341, 0.23224568170254825, -0.01282753333911536, -1.42667343373627, 0.8530922879853919
flux1:, 1.4191127352744706, 0.23059261993235422, 0.23024469885888194, -0.012648006423983242, -1.4313794806380937, 0.8564949030617957
flux1:, 1.4200950921450746, 0.22809501635682453, 0.22770524193152208, -0.012418942294096284, -1.4395561827607184, 0.861957563372777
flux1:, 1.4210774490156786, 0.22508022631575142, 0.22465193810713333, -0.01215079229752364, -1.451403531805453, 0.8695999988416664
flux1:, 1.4220598058862823, 0.2215754255974774, 0.22111238141088832, -0.011854104707419627, -1.4670817109110115, 0.8795190196935211
flux1:, 1.4230421627568863, 0.21761052774126732, 0.21711688052388814, -0.011539391141127056, -1.4867098405481627, 0.8917877470480038
flux1:, 1.4240245196274903, 0.21321791611688942, 0.2126981872434435, -0.011216996046801748, -1.5103652892890809, 0.9064551671994665
flux1:, 1.4250068764980943, 0.20843215906059684, 0.20789120819958198, -0.010896970845959059, -1.5380835466827556, 0.9235460085843311
flux1:, 1.4259892333686983, 0.20328971077870073, 0.2027327025715042, -0.010588954237480516, -1.5698586469617546, 0.9430609355441579
flux1:, 1.4269715902393023, 0.19782860083433007, 0.19726096865008932, -0.010302060066722024, -1.605644124106302, 0.9649770482692391
flux1:, 1.427953947109906, 0.19208811510884113, 0.19151552216606993, -0.010044774044087962, -1.645354471032749, 0.989248673827447
flux1:, 1.42893630398051, 0.18610847117615703, 0.1855367693476627, -0.00982486046258748, -1.6888670684733107, 1.015808429017236
flux1:, 1.429918660851114, 0.17993049104599038, 0.1793656776862548, -0.009649279915570151, -1.7360245425870409, 1.0445685319966609
flux1:, 1.430901017721718, 0.17359527422037957, 0.17304344737407454, -0.009524118856221269, -1.7866375045858698, 1.0754223362905178
flux1:, 1.431883374592322, 0.16714387396780583, 0.16661118633431454, -0.009454531671892552, -1.8404876207590397, 1.1082460579141187
flux1:, 1.4328657314629258, 0.16061697965099897, 0.16010959169253353, -0.00944469577135308, -1.8973309573056758, 1.142900664016952
flux1:, 1.4338480883335298, 0.1540546078493808, 0.1535786404393875, -0.009497780004128735, -1.9569015413902755, 1.1792338896743406
flux1:, 1.4348304452041338, 0.1474958048963949, 0.1470572919103497, -0.00961592655076322, -2.018915077856439, 1.217082348260033
flux1:, 1.4358128020747378, 0.1409783633067965, 0.14058320455914433, -0.009800246243628467, -2.0830727600893417, 1.2562737002337363
flux1:, 1.4367951589453418, 0.13453855440181287, 0.1341924693306852, -0.010050827102294631, -2.149065113606767, 1.2966288451707995
flux1:, 1.4377775158159456, 0.12821087925226962, 0.1279193617477431, -0.010366755697834825, -2.216575812065837, 1.3379641024427034
flux1:, 1.4387598726865496, 0.12202783985377079, 0.12179611461587171, -0.01074615079905547, -2.285285407463555, 1.3800933471055814
flux1:, 1.4397422295571536, 0.1160197322263482, 0.11585271302584868, -0.011186208602616089, -2.3548749193331564, 1.4228300692419111
flux1:, 1.4407245864277576, 0.11021446289566582, 0.11011671309410644, -0.011683258710265144, -2.4250292316292743, 1.4659893271912137
flux1:, 1.4417069432983616, 0.10463738996705031, 0.10461308563250564, -0.012232829891708827, -2.495440250671732, 1.5093895677527724
flux1:, 1.4426893001689653, 0.09931118974945816, 0.09936408568155662, -0.012829724562412147, -2.5658097828901307, 1.5528542894957074
flux1:, 1.4436716570395693, 0.09425574962710075, 0.09438914857893917, -0.013468100813192179, -2.635852097072925, 1.5962135287081372
flux1:, 1.4446540139101733, 0.08948808761441725, 0.08970481297052821, -0.014141560753734211, -2.705296142264216, 1.639305151194966
flux1:, 1.4456363707807773, 0.08502229876800926, 0.08532467090673342, -0.01484324387591094, -2.773887399250058, 1.6819759370241603
flux1:, 1.4466187276513813, 0.08086952837008549, 0.0812593449058833, -0.015565924105377603, -2.8413893506100627, 1.7240824493516937
flux1:, 1.447601084521985, 0.07703797154409125, 0.07751649161080566, -0.016302109191555465, -2.907584561449426, 1.7654916825546316
flux1:, 1.448583441392589, 0.07353289871736392, 0.0741008314175747, -0.017044141086646952, -2.97227537005193, 1.8060814889961894
flux1:, 1.449565798263193, 0.07035670611015918, 0.07101420321889215, -0.017784295983330943, -3.0352841946722378, 1.8457407877626426
flux1:, 1.450548155133797, 0.0675089902073408, 0.06825564318087446, -0.018514882717655227, -3.0964534694038606, 1.8843695625826402
flux1:, 1.451530512004401, 0.06498664496078649, 0.06582148626349206, -0.01922833829740487, -3.15564522839843, 1.921878659796191
flux1:, 1.4525128688750049, 0.06278398027870269, 0.06370548900313695, -0.019917319385801484, -3.2127403635683547, 1.9581894006224512
flux1:, 1.4534952257456089, 0.06089286018452756, 0.061898971902716204, -0.020574788654388748, -3.2676375861815927, 1.9932330250268424
flux1:, 1.4544775826162128, 0.05930285887413096, 0.060390979621503006, -0.02119409501591435, -3.3202521273723433, 2.0269499871599814
flux1:, 1.4554599394868168, 0.05800143276699658, 0.059168457025086746, -0.021769046856195056, -3.370514216472161, 2.0592891245896916
flux1:, 1.4564422963574208, 0.05697410653592448, 0.058216439046090876, -0.02229397750158754, -3.4183673791524534, 2.0902067253419423
flux1:, 1.4574246532280246, 0.05620467101114493, 0.05751825221945634, -0.022763802283861226, -3.4637665996258566, 2.119665518079432
flux1:, 1.4584070100986286, 0.055675390789196345, 0.0570557256926263, -0.023174066695004342, -3.506676392547072, 2.1476336115623638
flux1:, 1.4593893669692326, 0.055367219334617176, 0.056809409471000646, -0.02352098525881345, -3.5470688307755553, 2.1740834098483877
flux1:, 1.4603717238398366, 0.0552600193433891, 0.05675879764250329, -0.023801470881982204, -3.5849215748179537, 2.198990529497044
flux1:, 1.4613540807104406, 0.05533278614089615, 0.056882554331725836, -0.024013154582843425, -3.6202159485761896, 2.2223327443640866
flux1:, 1.4623364375810444, 0.0555638719134191, 0.05715874016334902, -0.02415439562901397, -3.652935104022498, 2.2440889824165446
flux1:, 1.4633187944516486, 0.05593120861996349, 0.05756503706545806, -0.02422428224407594, -3.6830623146560035, 2.2642383974035436
flux1:, 1.4643011513222524, 0.05641252749979725, 0.058078969315197335, -0.024222623166383475, -3.7105794341281473, 2.2827595362129873
flux1:, 1.4652835081928564, 0.056985573179022524, 0.058678118820504895, -0.024149930458502507, -3.7354655523286606, 2.299629620374682
flux1:, 1.4662658650634603, 0.057628310485605676, 0.05934033274115572, -0.02400739407220395, -3.7576958765872814, 2.3148239574829126
flux1:, 1.4672482219340643, 0.05831912220501129, 0.0600439216784847, -0.02379684877009789, -3.7772408605583356, 2.3283154953617715
flux1:, 1.4682305788046683, 0.059036996146186425, 0.06076784680415101, -0.023520734089770536, -3.794065597916971, 2.3400745286404985
flux1:, 1.4692129356752721, 0.05976170003836761, 0.061491894452388875, -0.023182048108841412, -3.8081294923128692, 2.3500685641059786
flux1:, 1.470195292545876, 0.06047394294117811, 0.06219683686544579, -0.0227842958289313, -3.8193862092036004, 2.358262347815944
flux1:, 1.47117764941648, 0.061155522021686344, 0.06286457795627506, -0.022331433042719367, -3.827783909337834, 2.3646180535557537
flux1:, 1.472160006287084, 0.06178945373053983, 0.0634782831340017, -0.021827806580753582, -3.8332657578847584, 2.3690956288625546
flux1:, 1.473142363157688, 0.06236008859293466, 0.06402249242417632, -0.021278091853446864, -3.8357706976121606, 2.371653291589029
flux1:, 1.4741247200282919, 0.06285320901684563, 0.06448321630514248, -0.02068722860887461, -3.835234469208438, 2.3722481668894235
flux1:, 1.4751070768988959, 0.063256109708792, 0.06484801387212519, -0.020060355818964613, -3.8315908569084343, 2.3708370516405717
flux1:, 1.4760894337694999, 0.06355766047414843, 0.06510605312957975, -0.019402746585952278, -3.824773133113091, 2.367377290709658
flux1:, 1.4770717906401039, 0.0637483513629982, 0.06524815339825617, -0.01871974392830401, -3.8147156717591377, 2.361827747193976
flux1:, 1.4780541475107078, 0.06382032030161736, 0.06526681000419808, -0.018016698261539187, -3.801355696864909, 2.3541498468227533
flux1:, 1.4790365043813116, 0.06376736352226536, 0.06515620159085889, -0.017298907335542808, -3.7846351300065386, 2.344308675162428
flux1:, 1.4800188612519156, 0.06358492926842053, 0.06491218056107155, -0.0165715593271449, -3.7645024985031337, 2.33227410512542
flux1:, 1.4810012181225196, 0.063270095407181, 0.0645322473109796, -0.015839679716242727, -3.740914864843988, 2.3180219315684663
flux1:, 1.4819835749931236, 0.06282153172417954, 0.06401550906215843, -0.01510808249679063, -3.7138397373818806, 2.3015349894865067
flux1:, 1.4829659318637276, 0.06223944780764458, 0.063362624229629, -0.014381326192001194, -3.683256922553775, 2.2828042324656788
flux1:, 1.4839482887343314, 0.06152552754607735, 0.06257573338119653, -0.01366367505743991, -3.6491602798560985, 2.2618297486441055
flux1:, 1.4849306456049354, 0.060682851367715854, 0.06165837794685611, -0.012959065767769904, -3.6115593424712524, 2.238621692431667
flux1:, 1.4859130024755394, 0.059715807438665766, 0.06061540792503868, -0.01227107979411065, -3.57048076878317, 2.213201111633843
flux1:, 1.4868953593461434, 0.058629993109816265, 0.059452879904764167, -0.011602921590617602, -3.5259695929748434, 2.1856006513858395
flux1:, 1.4878777162167474, 0.05743210796014502, 0.058177946779061324, -0.010957402622345042, -3.4780902464196815, 2.1558651183929163
flux1:, 1.4888600730873511, 0.05612983982556747, 0.056798740565127875, -0.01033693118285966, -3.4269273255867594, 2.12405189135565
flux1:, 1.4898424299579551, 0.05473174522809154, 0.0553242497706588, -0.009743507870620345, -3.3725860866032056, 2.0902311660848745
flux1:, 1.4908247868285591, 0.0532471256299988, 0.05376419275388483, -0.009178726518845293, -3.315192651374005, 2.0544860266365443
flux1:, 1.4918071436991631, 0.05168590093235317, 0.05212888851741656, -0.008643780305341837, -3.2548939151594714, 2.0169123367672883
flux1:, 1.4927895005697671, 0.05005848161695676, 0.05042912635363695, -0.008139472707406998, -3.191857150666766, 1.977618449074003
flux1:, 1.4937718574403709, 0.048375640896524706, 0.04867603572273319, -0.007666232913018657, -3.1262693089297553, 1.936724732282367
flux1:, 1.4947542143109749, 0.04664838819022688, 0.04688095769443914, -0.0072241352536878325, -3.0583360224384397, 1.8943629202328496
flux1:, 1.4957365711815789, 0.04488784518170851, 0.04505531922203905, -0.006812922186865547, -2.98828032104884, 1.8506752891286626
flux1:, 1.4967189280521829, 0.043105125645317904, 0.04321051144328368, -0.006432030326927544, -2.9163410760634294, 1.8058136725010623
flux1:, 1.4977012849227869, 0.04131122014473106, 0.04135777311877342, -0.006080619003596251, -2.842771192446609, 1.759938326071885
flux1:, 1.4986836417933906, 0.03951688661755069, 0.03950808022521325, -0.005757600815114126, -2.7678355733452253, 1.7132166571984815
flux1:, 1.4996659986639946, 0.03773254776120184, 0.03767204262016335, -0.005461673640393845, -2.6918088848598587, 1.6658218358368655
flux1:, 1.5006483555345986, 0.035968196030733465, 0.03585980858773514, -0.005191353579421162, -2.6149731522928996, 1.6179313059161449
flux1:, 1.5016307124052026, 0.034233306949413414, 0.03408097796256381, -0.004945008303940135, -2.537615221836528, 1.5697252176515928
flux1:, 1.5026130692758066, 0.03253676131956934, 0.03234452441365874, -0.0047208903203880105, -2.460024123817577, 1.5213848026101262
flux1:, 1.5035954261464104, 0.03088677680534717, 0.030658727351771994, -0.004517169673551982, -2.382488375154472, 1.4730907142632355
flux1:, 1.5045777830170146, 0.0292908492423692, 0.029031113805188212, -0.0043319656517774125, -2.3052932595904068, 1.4250213573061523
flux1:, 1.5055601398876184, 0.02775570391278324, 0.027468410490454686, -0.004163377092032409, -2.2287181245313223, 1.3773512291829517
flux1:, 1.5065424967582224, 0.026287256909387057, 0.02597650618803306, -0.0040095109248930085, -2.1530337329498708, 1.3302492970380735
flux1:, 1.5075248536288264, 0.024890586600450088, 0.02456042441924048, -0.0038685086447395726, -2.0784997078253533, 1.2838774327230265
flux1:, 1.5085072104994304, 0.023569915098693304, 0.023224306311323797, -0.003738570438263202, -2.0053621050003567, 1.2383889275365276
flux1:, 1.5094895673700344, 0.02232859953472439, 0.021971403433180017, -0.0036179767539311065, -1.93385114818544, 1.1939271070875555
flux1:, 1.5104719242406381, 0.02116913283795556, 0.02080408028600215, -0.0035051071454799986, -1.8641791571737272, 1.150624065070292
flux1:, 1.5114542811112421, 0.020093153637574693, 0.019723826041913792, -0.003398456272978679, -1.7965386971908546, 1.1085995328565215
flux1:, 1.5124366379818461, 0.019101464813185053, 0.018731275040151454, -0.0032966469947208667, -1.7311009737615348, 1.0679598996804807
flux1:, 1.5134189948524501, 0.018194060149995358, 0.017826235475273622, -0.003198440531442972, -1.668014493585196, 1.0287973958514118
flux1:, 1.5144013517230541, 0.017370158487382943, 0.017007725645678085, -0.0031027437304061807, -1.6074040077507958, 0.9911894489220675
flux1:, 1.515383708593658, 0.016628244692754937, 0.01627401707386974, -0.0030086135001256495, -1.5493697492559793, 0.95519822010838
flux1:, 1.516366065464262, 0.01596611674511596, 0.015622683762656043, -0.002915258526419919, -1.4939869723039763, 0.9208703255444326
flux1:, 1.5173484223348659, 0.01538093817488568, 0.0150506568140176, -0.0028220384165141893, -1.4413057963070801, 0.8882367442087657
flux1:, 1.5183307792054699, 0.01486929507826244, 0.014554283609764244, -0.0027284604497891975, -1.3913513530053025, 0.8573129116220229
flux1:, 1.5193131360760739, 0.0144272569058492, 0.014129390735277877, -0.002634174141104943, -1.3441242306830619, 0.8280989957322358
flux1:, 1.5202954929466777, 0.014050440216119406, 0.013771349819426962, -0.002538963845254575, -1.2996012052070145, 0.8005803488176392
flux1:, 1.5212778498172816, 0.013734074584400745, 0.01347514546489478, -0.0024427396488656606, -1.257736243580059, 0.7747281267853103
flux1:, 1.5222602066878856, 0.01347306986701432, 0.013235444453299595, -0.002345526808947086, -1.2184617619699103, 0.7505000649662947
flux1:, 1.5232425635584896, 0.013262084037607855, 0.013046665428170859, -0.002247454005304872, -1.1816901167796947, 0.7278413974340239
flux1:, 1.5242249204290936, 0.013095590838046558, 0.012903048285539766, -0.002148740677343831, -1.1473153043319742, 0.7066859050361162
flux1:, 1.5252072772996974, 0.012967946518885188, 0.012798722536006965, -0.002049683714518133, -1.115214842172689, 0.6869570757499494
flux1:, 1.5261896341703014, 0.01287345498379896, 0.012727773943003983, -0.0019506437641557425, -1.0852518029041263, 0.6685693596736054
flux1:, 1.5271719910409054, 0.012806430697700492, 0.012684308788850308, -0.001852031410865697, -1.057276969845639, 0.6514294999581581
flux1:, 1.5281543479115094, 0.012761258768872958, 0.012662515172372536, -0.0017542934686054668, -1.0311310827136388, 0.6354379202847784
flux1:, 1.5291367047821134, 0.012732451670551695, 0.012656720798517922, -0.0016578996101493074, -1.0066471409165514, 0.6204901490968404
flux1:, 1.5301190616527172, 0.012714702126161282, 0.012661446780725085, -0.0015633295395896907, -0.9836527319690164, 0.6064782607100494
flux1:, 1.5311014185233212, 0.012702931744109231, 0.012671457040039484, -0.0014710608920843796, -0.9619723529368399, 0.5932923136385523
flux1:, 1.5320837753939252, 0.012692335051799364, 0.012681802950212172, -0.0013815580218128035, -0.9414296937084764, 0.5808217669812754
flux1:, 1.5330661322645291, 0.012678418643585022, 0.012687862944517294, -0.0012952618145027886, -0.9218498522249005, 0.5689568564947922
flux1:, 1.5340484891351331, 0.012657035222958546, 0.0126853768669703, -0.0012125806354208353, -0.9030614535557174, 0.557589913018478
flux1:, 1.535030846005737, 0.012624412384588127, 0.012670474917241695, -0.001133882497850633, -0.8848986468465506, 0.5466166071916307
flux1:, 1.536013202876341, 0.012577176046165671, 0.012639701104121144, -0.0010594885112734623, -0.8672029566351186, 0.5359371058840556
flux1:, 1.536995559746945, 0.0125123685027372, 0.01259003118621062, -0.0009896676431352485, -0.8498249677976288, 0.5254571274240285
flux1:, 1.537977916617549, 0.012427461136579238, 0.012518885139927504, -0.0009246328036398689, -0.832625826385417, 0.5150888845178518
flux1:, 1.538960273488153, 0.012320361873229215, 0.012424134253346186, -0.0008645382398080381, -0.8154785417964905, 0.5047519056831331
flux1:, 1.5399426303587567, 0.012189417528390615, 0.012304102999308373, -0.0008094782034090735, -0.7982690790371433, 0.4943737280281641
flux1:, 1.5409249872293607, 0.012033411240687297, 0.012157565892157739, -0.0007594868375871278, -0.7808972332131872, 0.48389045626996163
flux1:, 1.5419073440999647, 0.011851555231197906, 0.011983739578964309, -0.000714539209298364, -0.7632772817906224, 0.47324718495945106
flux1:, 1.5428897009705687, 0.011643479172053196, 0.011782270457888263, -0.0006745533992361835, -0.7453384135291018, 0.46239828294101026
flux1:, 1.5438720578411727, 0.011409214482808846, 0.011553218153076942, -0.0006393935478839098, -0.7270249362662402, 0.4513075410840061
flux1:, 1.5448544147117764, 0.011149174904659581, 0.011297035207037799, -0.0006088737457859003, -0.7082962688678389, 0.4399481862554933
flux1:, 1.5458367715823806, 0.010864133728649944, 0.011014543377601134, -0.0005827626481155128, -0.6891267256133615, 0.4283027663288905
flux1:, 1.5468191284529844, 0.010555198074819134, 0.010706906947339749, -0.0005607886881277566, -0.6695051040179215, 0.416362912717677
flux1:, 1.5478014853235884, 0.010223780634669204, 0.010375603468628446, -0.0005426457610771093, -0.6494340895640968, 0.40412898846361306
flux1:, 1.5487838421941924, 0.009871569299524447, 0.010022392377471575, -0.000527999249565543, -0.628929493001228, 0.3916096312773779
flux1:, 1.5497661990647964, 0.009500495102360477, 0.009649281913907933, -0.000516492262935203, -0.6080193377396509, 0.37882120210922005
flux1:, 1.5507485559354004, 0.009112698900691272, 0.009258494786399219, -0.0005077519670846697, -0.5867428164054102, 0.36578715080691726
flux1:, 1.5517309128060042, 0.008710497223324579, 0.008852433012337652, -0.0005013958867761241, -0.5651491368140816, 0.3525373111893325
flux1:, 1.5527132696766082, 0.008296347694497993, 0.008433642356949286, -0.0004970380699102217, -0.543296278464138, 0.33910713842120527
flux1:, 1.5536956265472122, 0.007872814435375845, 0.008004776778715073, -0.0004942950121463191, -0.5212496811396202, 0.3255369019176135
flux1:, 1.5546779834178162, 0.0074425338254710685, 0.0075685632713413525, -0.0004927912504021978, -0.49908088735438466, 0.3118708471365812
flux1:, 1.5556603402884202, 0.007008180985630291, 0.007127767470669489, -0.0004921645449263517, -0.4768661601763376, 0.29815633954227794
flux1:, 1.556642697159024, 0.006572437320138538, 0.00668516037008238, -0.0004920705815526435, -0.45468509745457447, 0.2844430037463303
flux1:, 1.557625054029628, 0.006137959428733181, 0.006243486460424442, -0.0004921871381619064, -0.43261926265686457, 0.2707818703742345
flux1:, 1.558607410900232, 0.005707349670225749, 0.005805433580572154, -0.0004922176720507169, -0.41075085143252044, 0.2572245425709281
flux1:, 1.559589767770836, 0.005283128628495151, 0.005373604733060738, -0.0004918942976017283, -0.38916141167507146, 0.24382239327087854
flux1:, 1.56057212464144, 0.004867709699241346, 0.004950492086005195, -0.0004909801361411719, -0.36793063330071485, 0.23062580343235534
flux1:, 1.5615544815120437, 0.004463375982517964, 0.0045384533483994755, -0.0004892710319510322, -0.34713522221589144, 0.2176834503921109
flux1:, 1.5625368383826477, 0.004072259632129136, 0.004139690671178806, -0.00048659663988568855, -0.3268478710555384, 0.2050416543573779
flux1:, 1.5635191952532517, 0.003696323778852398, 0.0037562321915657207, -0.0004828209007591213, -0.30713633726751915, 0.19274378983745413
flux1:, 1.5645015521238557, 0.0033373471105905377, 0.0033899163036510854, -0.00047784193047485413, -0.28806263703642315, 0.18082976755047378
flux1:, 1.5654839089944597, 0.0029969111592827846, 0.003042378704216706, -0.00047159135764688064, -0.26968236141673235, 0.169335591043863
flux1:, 1.5664662658650634, 0.002676390312090619, 0.002715042229859222, -0.00046403315210986993, -0.25204411891577194, 0.158292990960476
flux1:, 1.5674486227356674, 0.0023769445333489667, 0.0024091094698669804, -0.0004551619931733117, -0.23518910666688597, 0.14772913858876285
flux1:, 1.5684309796062714, 0.0020995147543175457, 0.0021255581093112706, -0.0004450012316898815, -0.21915081029341976, 0.13766643907332035
flux1:, 1.5694133364768754, 0.0018448208601466872, 0.001865138928712304, -0.00043360050396552905, -0.2039548306142104, 0.12812240345054288
flux1:, 1.5703956933474794, 0.0016133621779238013, 0.001628376360667576, -0.00042103305824075024, -0.18961883350973474, 0.11910959753038496
flux1:, 1.5713780502180832, 0.0014054203463773009, 0.0014155714801731085, -0.0004073928559425114, -0.17615261757727532, 0.1106356645838183
flux1:, 1.5723604070886872, 0.0012210644269471842, 0.0012268072841914235, -0.0003927915101948396, -0.16355829267465408, 0.10270341782980692
flux1:, 1.5733427639592912, 0.0010601580976140337, 0.0010619560974519345, -0.0003773551232427088, -0.15183056110296292, 0.09531099785698588
flux1:, 1.5743251208298952, 0.0009223687551886134, 0.0009206889255872782, -0.00036122108257303045, -0.1409570920211906, 0.08845208937161327
flux1:, 1.5753074777004992, 0.000807178338777459, 0.0008024865635872137, -0.0003445348727009903, -0.1309189787309603, 0.08211619104226249
flux1:, 1.576289834571103, 0.0007138956768519276, 0.0007066522571839282, -0.0003274469559351993, -0.12169126772248322, 0.07628893171668008
flux1:, 1.577272191441707, 0.0006416701527730755, 0.0006323257071817021, -0.0003101097710575025, -0.11324354783580949, 0.07095242591947508
flux1:, 1.578254548312311, 0.0005895064787002982, 0.000578498201844479, -0.0002926748938711785, -0.10554058756381944, 0.06608566130099147
flux1:, 1.579236905182915, 0.0005562803654815778, 0.0005440286601979692, -0.00027529039811227, -0.09854300839918492, 0.061664910594834574
flux1:, 1.580219262053519, 0.000540754876279771, 0.0005276603693777946, -0.00025809844940457416, -0.09220798220006886, 0.05766416065062912
flux1:, 1.5812016189241227, 0.0005415972542255997, 0.0005280382018505606, -0.00024123315889974046, -0.08648994080754907, 0.054055551233329405
flux1:, 1.5821839757947267, 0.0005573960191396253, 0.0005437261032832302, -0.0002248187170943971, -0.08134128657774288, 0.05080981651292831
flux1:, 1.5831663326653307, 0.0005866781351964328, 0.0005732246488969467, -0.00020896782217939085, -0.07671309307918141, 0.04789672250031691
flux1:, 1.5841486895359347, 0.0006279260601172154, 0.000614988475113508, -0.00019378041125447387, -0.0725557859325993, 0.04528549410547852
flux1:, 1.5851310464065387, 0.0006795944968875389, 0.0006674434039970577, -0.0001793426969426489, -0.06881979461813348, 0.04294522599248965
flux1:, 1.5861134032771425, 0.000740126680911429, 0.0007290030902120238, -0.00016572650644383798, -0.06545616702340466, 0.04084527196959708
flux1:, 1.5870957601477467, 0.0008079700487066081, 0.0007980850337322531, -0.00015298891496566636, -0.0624171395352502, 0.038955608270015755
flux1:, 1.5880781170183504, 0.0008815911485237705, 0.0008731258161462356, -0.00014117216082144292, -0.05965665656652088, 0.03724716673692295
flux1:, 1.5890604738889544, 0.0009594896684059595, 0.0009525954338761142, -0.00013030382534936225, -0.057130834537003496, 0.03569213461201128
flux1:, 1.5900428307595584, 0.0010402114729822572, 0.001035010617749247, -0.00012039725722702278, -0.05479836647370401, 0.03426421832832736
flux1:, 1.5910251876301624, 0.0011223605565059973, 0.0011189470449199327, -0.00011145221775802905, -0.05262086454060834, 0.032938869412634714
flux1:, 1.5920075445007664, 0.0012046098360923097, 0.0012030503659222532, -0.00010345572131397646, -0.05056313893329431, 0.03169347129889652
flux1:, 1.5929899013713702, 0.0012857107255789802, 0.001286045986435485, -9.638304333047079e-05, -0.04859341266196676, 0.03050748653161012
flux1:, 1.5939722582419742, 0.001364501446753762, 0.001366747559983743, -9.019886707198885e-05, -0.04668347278169156, 0.02936256448574421
flux1:, 1.5949546151125782, 0.0014399140506687197, 0.0014440641640763568, -8.48585397855577e-05, -0.04480875959705141, 0.02824261034001142
flux1:, 1.5959369719831822, 0.0015109801372430033, 0.0015170061480680732, -8.030940882831351e-05, -0.04294839625751092, 0.02713381660414797
flux1:, 1.5969193288537862, 0.0015768352761842467, 0.0015846896561204928, -7.649220884504659e-05, -0.04108516195969812, 0.02602465901230526
flux1:, 1.59790168572439, 0.001636722146301131, 0.0016463398429420566, -7.334247205054042e-05, -0.039205412674826176, 0.024905859047847454
flux1:, 1.598884042594994, 0.0016899924234223447, 0.0017012928133584885, -7.079193508306265e-05, -0.03729895391799008, 0.023770315755864038
flux1:, 1.599866399465598, 0.001736107459262794, 0.0017489963291004037, -6.876991769533612e-05, -0.03535887056669671, 0.02261300982544582
flux1:, 1.600848756336202, 0.0017746378046195278, 0.0017890093374217046, -6.72046506733376e-05, -0.03338131911683098, 0.021430883182624972
flux1:, 1.601831113206806, 0.0018052616401562892, 0.0018210003861998697, -6.602453276776732e-05, -0.03136528803520255, 0.020222697526329946
flux1:, 1.6028134700774097, 0.0018277621866912071, 0.0018447449989609864, -6.515929902439891e-05, -0.029312332030760488, 0.018988875364484552
flux1:, 1.6037958269480137, 0.0018420241743233325, 0.0018601220908053776, -6.45410856500738e-05, -0.027226286124907323, 0.017731327167216305
flux1:, 1.6047781838186177, 0.001848029455868918, 0.0018671095124317956, -6.410537938919025e-05, -0.025112965360137914, 0.016453268251723614
flux1:, 1.6057605406892217, 0.0018458518549598786, 0.0018657788144030528, -6.379184225579233e-05, -0.022979855852205234, 0.015159028952498198
flux1:, 1.6067428975598257, 0.0018356513427667965, 0.0018562893274458247, -6.354500531515838e-05, -0.020835802671373343, 0.013853861515439502
flux1:, 1.6077252544304295, 0.0018176676396875853, 0.0018388816569739834, -6.331482798342607e-05, -0.01869069974230226, 0.01254374699033319
flux1:, 1.6087076113010335, 0.0017922133395309482, 0.0018138706912094714, -6.305712197177458e-05, -0.016555186588752966, 0.011235205188541637
flux1:, 1.6096899681716375, 0.0017596666537578586, 0.0017816382222858944, -6.273384149994726e-05, -0.014440356328844195, 0.009935110527712164
flux1:, 1.6106723250422414, 0.001720463872304911, 0.0017426252786392395, -6.231324370857913e-05, -0.012357478859681663, 0.008650516309221888
flux1:, 1.6116546819128454, 0.0016750916354423776, 0.0016973242648610147, -6.176992528121608e-05, -0.010317742666930215, 0.007388489673156066
flux1:, 1.6126370387834492, 0.0016240791081345571, 0.0016462710021308646, -6.108474312153376e-05, -0.008332018166623252, 0.006155959156721116
flux1:, 1.6136193956540532, 0.0015679901445075958, 0.0015900367583967492, -6.024462850221942e-05, -0.0064106449430132, 0.004959576451213671
flux1:, 1.6146017525246572, 0.0015074155254262696, 0.0015292203527691914, -5.924230539723122e-05, -0.004563244698028456, 0.0038055936164866524
flux1:, 1.6155841093952612, 0.001442965346893822, 0.0014644404132008952, -5.807592472386756e-05, -0.00279856118424254, 0.0026997566760942828
flux1:, 1.6165664662658652, 0.001375261631135562, 0.0013963278605540722, -5.674862695437242e-05, -0.0011243278631369882, 0.001647216186626951
flux1:, 1.617548823136469, 0.0013049312258988817, 0.0013255186857078721, -5.5268046014556775e-05, 0.0004528364778992903, 0.0006524550563689416
flux1:, 1.618531180007073, 0.001232599050789943, 0.0012526470795196191, -5.3645767578341164e-05, 0.0019275043961053163, -0.00028076641421788146
flux1:, 1.619513536877677, 0.0011588817424867872, 0.0011783389683441452, -5.189675480650685e-05, 0.0032954894417648165, -0.0011494485800984976
flux1:, 1.620495893748281, 0.0010843817434856567, 0.0011032060005022927, -5.003875428323156e-05, 0.004553869878850403, -0.0019513741564395793
flux1:, 1.621478250618885, 0.001009681871774209, 0.001027840021696854, -4.809169439606515e-05, 0.005700987931005242, -0.002685114382188728
flux1:, 1.6224606074894887, 0.0009353404015455491, 0.0009528080699664577, -4.607708770706588e-05, 0.006736426316876302, -0.00335002064811884
flux1:, 1.6234429643600927, 0.0008618866778672775, 0.0008786479134433918, -4.401744800078109e-05, 0.0076609640994021715, -0.003946202768738281
flux1:, 1.6244253212306967, 0.00078981728116907, 0.0008058641470100329, -4.193573169483078e-05, 0.00847651408260095, -0.004474495219848828
flux1:, 1.6254076781013007, 0.0007195927505873959, 0.0007349248570086141, -3.985481218975524e-05, 0.00918604414674117, -0.0049364127743077475
flux1:, 1.6263900349719047, 0.0006516348686689057, 0.000666258856513037, -3.7796994542379266e-05, 0.009793485018892266, -0.005334097047727156
flux1:, 1.6273723918425085, 0.0005863245037396418, 0.000600253487375425, -3.5783576600703374e-05, 0.010303627032557742, -0.005670255514287733
flux1:, 1.6283547487131127, 0.0005240000004494898, 0.0005372529793684531, -3.383446146352485e-05, 0.010722008439283556, -0.005948094571529954
flux1:, 1.6293371055837165, 0.0004649561036448418, 0.0004775573513024822, -3.1967824850570795e-05, 0.011054797800160897, -0.006171248223754152
flux1:, 1.6303194624543205, 0.00040944339583227224, 0.0004214218340296296, -3.0199839712317082e-05, 0.011308672909314246, -0.00634370391840092
flux1:, 1.6313018193249245, 0.00035766822411469615, 0.0003690567907978172, -2.854445919488792e-05, 0.01149069858877302, -0.006469727010787691
flux1:, 1.6322841761955285, 0.00030979308861366826, 0.00032062810649151504, -2.701325792416924e-05, 0.011608205549141788, -0.006553785252543466
flux1:, 1.6332665330661325, 0.00026593746106849745, 0.0002762580139237695, -2.5615330500385826e-05, 0.011668672337707409, -0.006600474600695005
flux1:, 1.6342488899367362, 0.00022617899950716941, 0.00023602632250829984, -2.4357245116130695e-05, 0.01167961220005216, -0.0066144475305955795
flux1:, 1.6352312468073402, 0.000190555122642978, 0.0001999720123684922, -2.324304933753327e-05, 0.011648466467653192, -0.006600344909690033
flux1:, 1.6362136036779442, 0.00015906490593313915, 0.00016809515520028583, -2.227432432899836e-05, 0.011582505857494652, -0.006562732353590557
flux1:, 1.6371959605485482, 0.00013167126004393702, 0.00014035912200052747, -2.145028316380642e-05, 0.011488740834915806, -0.006506041843921033
flux1:, 1.6381783174191522, 0.00010830335178113132, 0.00011669303708089309, -2.0767908348416537e-05, 0.011373841952715921, -0.0064345192419322005
flux1:, 1.639160674289756, 8.885922733412669e-05, 9.699443757919318e-05, -2.0222123299079897e-05, 0.011244070842176698, -0.006352178185664866
flux1:, 1.64014303116036, 7.320859793423314e-05, 8.113209794060464e-05, -1.9805992244145668e-05, 0.011105222299153167, -0.0062627607139981835
flux1:, 1.641125388030964, 6.119574869900014e-05, 6.89489795284907e-05, -1.951094288017714e-05, 0.010962577684656036, -0.006169704820754034
flux1:, 1.642107744901568, 5.2642532501060094e-05, 6.026526661212364e-05, -1.9327006079154856e-05, 0.01082086964758951, -0.006076119008221693
flux1:, 1.643090101772172, 4.735141211907844e-05, 5.488145142427951e-05, -1.924306702111661e-05, 0.010684257980288757, -0.0059847637838385094
flux1:, 1.6440724586427757, 4.510851566896147e-05, 5.258143275318702e-05, -1.924712230140063e-05, 0.010556316238027578, -0.005898039928152434
flux1:, 1.6450548155133797, 4.568667233154912e-05, 5.313559458628278e-05, -1.9326537825528797e-05, 0.010440028593038836, -0.005817983257567993
flux1:, 1.6460371723839837, 4.8848397648808145e-05, 5.630383361708831e-05, -1.946830264581084e-05, 0.01033779625411489, -0.005746265513243367
flux1:, 1.6470195292545877, 5.434880011811409e-05, 6.183850692473849e-05, -1.965927430041202e-05, 0.010251452664684925, -0.0056842009281527165
flux1:, 1.6480018861251917, 6.193838342922712e-05, 6.948727379324369e-05, -1.988641167659684e-05, 0.010182286596561676, -0.005632757958557363
flux1:, 1.6489842429957955, 7.13657214220729e-05, 7.899580841493258e-05, -2.0136991921495975e-05, 0.01013107218320433, -0.005592575614034267
flux1:, 1.6499665998663995, 8.237998566058265e-05, 9.01103630841952e-05, -2.0398808455411154e-05, 0.010098104884973876, -0.005563983781670822
flux1:, 1.6509489567370035, 9.47333083778167e-05, 0.00010258016439228242, -2.0660347691218534e-05, 0.010083242348950023, -0.0055470269148622745
flux1:, 1.6519313136076075, 0.0001081829664162396, 0.00011615962784685523, -2.091094261837782e-05, 0.010085949116389764, -0.005541490444790866
flux1:, 1.6529136704782115, 0.00012249337463530682, 0.00013061037923171217, -2.114090196010557e-05, 0.01010534414048312, -0.0055469292724110286
flux1:, 1.6538960273488152, 0.0001374378800474815, 0.0001457030738531438, -2.1341614148311113e-05, 0.010140250104232987, -0.005562697709773274
flux1:, 1.6548783842194192, 0.0001528003506564018, 0.00016121900757242382, -2.150562587294734e-05, 0.01018924357121445, -0.005587980260745323
flux1:, 1.6558607410900232, 0.00016837655557008736, 0.00017695151616145825, -2.1626695443874887e-05, 0.010250705058913076, -0.005621822661612026
flux1:, 1.6568430979606272, 0.00018397533543657968, 0.00019270716202912652, -2.1699821646752687e-05, 0.010322868193036733, -0.005663162640308817
flux1:, 1.6578254548312312, 0.00019941956457013654, 0.00020830670972003248, -2.1721249174125256e-05, 0.010403867179752965, -0.005710859898043278
flux1:, 1.658807811701835, 0.00021454690829352904, 0.0002235858937753956, -2.168845206553235e-05, 0.010491781919025604, -0.005763724867435829
flux1:, 1.659790168572439, 0.00022921038099826832, 0.00023839598454980523, -2.160009689166476e-05, 0.010584680174071376, -0.005820545855825888
flux1:, 1.660772525443043, 0.00024327871221117522, 0.00025260415938874653, -2.1455987666201076e-05, 0.01068065630716994, -0.005880114239651577
flux1:, 1.661754882313647, 0.00025663652954460497, 0.0002660936881821897, -2.125699466412386e-05, 0.010777866189092157, -0.005941247434821612
flux1:, 1.662737239184251, 0.00026918436879317157, 0.0002787639437134489, -2.1004969466761627e-05, 0.010874557985888388, -0.006002809427308597
flux1:, 1.6637195960548548, 0.0002808385226199215, 0.000290530248417755, -2.070264864312325e-05, 0.010969098621446944, -0.006063728706955942
flux1:, 1.6647019529254587, 0.00029153074025140924, 0.0003013235701537199, -2.0353548516395204e-05, 0.011059995805334545, -0.006123013504596681
flux1:, 1.6656843097960627, 0.0003012077913736993, 0.00031109008037243736, -1.996185345636971e-05, 0.011145915601471034, -0.00617976428706904
flux1:, 1.6666666666666667, 0.0003098309079963466, 0.0003197905886503366, -1.9532300086540153e-05, 0.011225695593420845, -0.006233183516026869
