flux1:, 1.1764705882352942, 0.0012342396388385724, 1.990598439791136e-06, 0.0002692115846973532, -6.189934111952741e-06, 6.241975478580638e-05
flux1:, 1.1774529451058982, 0.0008679807256954697, 1.69268313589808e-05, 0.0002467703872193723, 1.841550432545392e-05, 7.528966680922221e-05
flux1:, 1.1784353019765021, 0.00033268692219524736, 4.589688308665128e-05, 0.00019462263989533887, 4.126421891496733e-06, 8.32392791196534e-05
flux1:, 1.179417658847106, 0.0004044116877553704, 4.959405374169834e-05, 0.00019179310862372658, -3.2077320351026086e-05, 7.567414506400022e-05
flux1:, 1.18040001571771, 0.0010754466813563985, 2.279634198657719e-05, 0.00025395753569505523, -3.982346135088742e-05, 6.357846632227294e-05
flux1:, 1.181382372588314, 0.0014767979843030479, 6.023297377314746e-06, 0.00030130705449683766, -1.0507653730387885e-05, 6.667968667719449e-05
flux1:, 1.182364729458918, 0.0010312032675774472, 2.9662123001894553e-05, 0.0002658870555442598, 7.910344658784813e-06, 8.538298362717018e-05
flux1:, 1.183347086329522, 0.00031249274615479587, 6.691299854598755e-05, 0.00019529104990675017, -1.80430344193203e-05, 9.707072144710253e-05
flux1:, 1.1843294432001257, 0.00034702969283263875, 6.754687589698522e-05, 0.00019654433644022474, -5.503239052181148e-05, 8.61707054675788e-05
flux1:, 1.1853118000707297, 0.001195307760514918, 3.130712326863989e-05, 0.0002836976837753208, -5.107270662008335e-05, 6.836511068422356e-05
flux1:, 1.1862941569413337, 0.0017678196689737923, 1.487452345655765e-05, 0.0003449020309534277, -1.5670841012205648e-05, 7.201096602142221e-05
flux1:, 1.1872765138119377, 0.001260935790753324, 5.3279191618680466e-05, 0.000293204835663924, -9.144135148235355e-06, 9.806154465806692e-05
flux1:, 1.1882588706825417, 0.00032525772951322497, 0.00010361611704022489, 0.0001991336415724113, -5.1070057679754084e-05, 0.0001148163222753485
flux1:, 1.1892412275531457, 0.0002797479085580568, 9.962687031806517e-05, 0.00020556380262128787, -8.550218250094508e-05, 0.00010014110577898815
flux1:, 1.1902235844237494, 0.0013065068625252726, 4.987698836342061e-05, 0.00032493387345164485, -6.323496439023157e-05, 7.527353280960353e-05
flux1:, 1.1912059412943534, 0.0020930373592844913, 3.655351658339577e-05, 0.0004052512227640141, -2.1922284135611033e-05, 7.927012969101932e-05
flux1:, 1.1921882981649574, 0.0015549754448811299, 0.00010176316020655356, 0.00033488151528143496, -3.5821783131988967e-05, 0.00011405943009989668
flux1:, 1.1931706550355614, 0.0003818783682266986, 0.00017690497580880504, 0.00021150798888272147, -0.0001001958604654314, 0.00013714449463582946
flux1:, 1.1941530119061654, 0.00021032889128849995, 0.00016939829637623328, 0.00022272505304490485, -0.0001276111713612949, 0.00011842992106384661
flux1:, 1.1951353687767692, 0.001399849236357892, 0.00010081044289962096, 0.0003818561391524263, -7.739299428878181e-05, 8.54897905120488e-05
flux1:, 1.1961177256473732, 0.0024330678252304657, 9.56295357482353e-05, 0.0004899268302861838, -2.951454719271117e-05, 8.977204448615702e-05
flux1:, 1.1971000825179772, 0.0019040393371141835, 0.0002122049977061642, 0.0004024436465627466, -7.595103891212334e-05, 0.00013439160423058195
flux1:, 1.1980824393885812, 0.0004902628537936186, 0.0003432297346262523, 0.00024355671271803883, -0.00017458938041509494, 0.00016472698814824755
flux1:, 1.1990647962591852, 0.0001437208722309214, 0.0003470903774122794, 0.0002527214868700717, -0.00019241922135357709, 0.0001419473518303838
flux1:, 1.200047153129789, 0.0014503668491554621, 0.0002543403126772463, 0.0004521497803931504, -0.0001005887070544363, 0.00010067613514338696
flux1:, 1.201029510000393, 0.0027347530261410888, 0.0002559740873350085, 0.0005974187759335331, -3.915182919848657e-05, 0.0001054825028622086
flux1:, 1.202011866870997, 0.002263353923285217, 0.0004529229242137222, 0.000503282164803321, -0.0001290200045448623, 0.0001602061430808939
flux1:, 1.202994223741601, 0.0006452548472029524, 0.0006921139473990421, 0.00030661845446636654, -0.0002821531088066211, 0.00019764473528869264
flux1:, 1.203976580612205, 9.328131379283547e-05, 0.0007400609196577428, 0.0002899626416840666, -0.00030126934719478335, 0.00017127680668246748
flux1:, 1.2049589374828087, 0.0014225616325024362, 0.0005968553931620232, 0.0004925844237326127, -0.00015996680523363185, 0.00012401795412510434
flux1:, 1.2059412943534127, 0.002868689477102014, 0.0005246650853828396, 0.000648729157412493, -6.587040602992595e-05, 0.00013234935889197335
flux1:, 1.2069236512240167, 0.0024525784451296063, 0.0007125269278977686, 0.0005512480369575907, -0.0001845590531282863, 0.00019780130409865587
flux1:, 1.2079060080946207, 0.0007308806295061584, 0.001002122334398887, 0.0003392489399612083, -0.0003935965903338725, 0.00024005440423785558
flux1:, 1.2088883649652247, 9.64980670962902e-05, 0.0010639313358888046, 0.00030245048785866835, -0.0004318552549817216, 0.00020894329783511406
flux1:, 1.2098707218358287, 0.0014805631687404583, 0.0008279545113489666, 0.0004736704713727556, -0.0002632973038412021, 0.00015985828826616037
flux1:, 1.2108530787064324, 0.002998495583216634, 0.0006003058520408926, 0.0005882726547888492, -0.00014364480363288846, 0.00017935172340673253
flux1:, 1.2118354355770364, 0.0025237227833187345, 0.0006787885860801925, 0.00047068538673344863, -0.00027134525127179996, 0.0002596857249130263
flux1:, 1.2128177924476404, 0.0006989134109480673, 0.0009550615242002851, 0.0002907469587841179, -0.0005017623726361163, 0.00030360421524390144
flux1:, 1.2138001493182444, 0.00012784029270771212, 0.0010457406104109434, 0.0003130869394884094, -0.0005420483828451455, 0.00026192756928740103
flux1:, 1.2147825061888484, 0.001735955351777204, 0.000804350986820327, 0.0005012594755486962, -0.0003678497376525812, 0.0002102764210577555
flux1:, 1.2157648630594522, 0.0033668966377701287, 0.0005329035275815331, 0.0005645795855576856, -0.0002660402440121473, 0.0002464256367997415
flux1:, 1.2167472199300562, 0.0027276843470993104, 0.0005867226909049237, 0.0003936869331202163, -0.0004260457608188092, 0.00034660644153254366
flux1:, 1.2177295768006602, 0.0006778342013886411, 0.0008881627515431213, 0.00024118182587479342, -0.0006607989749166193, 0.000391088739428609
flux1:, 1.2187119336712642, 0.0001613463750546377, 0.001018729068297517, 0.00035528719903905225, -0.0006724654530007754, 0.0003347158209643261
flux1:, 1.2196942905418682, 0.0020832740388494367, 0.000789492220265076, 0.0005912947735489435, -0.0004904805364305117, 0.0002804573549259772
flux1:, 1.220676647412472, 0.003889710828398833, 0.0005163724592211991, 0.0005989362087816913, -0.000437841206768549, 0.00033846729819895653
flux1:, 1.221659004283076, 0.0030454776848429397, 0.0005989089833630672, 0.000347913973649876, -0.0006571124592964478, 0.0004627061723962031
flux1:, 1.22264136115368, 0.0006879545163449019, 0.0009589453002271953, 0.00021154012429708074, -0.0008888954845484737, 0.0005065533416083412
flux1:, 1.223623718024284, 0.0002096670694599398, 0.0011259127003984241, 0.00043324641555268474, -0.0008486548374774647, 0.00043287437321279897
flux1:, 1.224606074894888, 0.002508410446947199, 0.0008869382944867936, 0.0007325883618897182, -0.0006599545604918241, 0.00037862424580995343
flux1:, 1.2255884317654917, 0.004540363355599552, 0.0006113421964837022, 0.0006738263733111951, -0.0006864010889881807, 0.00046561638601236153
flux1:, 1.2265707886360957, 0.0034590506862456185, 0.0007625622877450077, 0.000319154261153516, -0.0009845323040285664, 0.0006179974537185631
flux1:, 1.2275531455066997, 0.0007274985778213854, 0.0012375578805835152, 0.00019870309787814016, -0.0011966190543335523, 0.0006587604383446925
flux1:, 1.2285355023773037, 0.00028659545771939597, 0.001470639699502197, 0.0005599505222764647, -0.0010805693577972456, 0.0005649608725229885
flux1:, 1.2295178592479077, 0.003043216204877721, 0.001217469958518384, 0.0009511980770152373, -0.0009003861880287128, 0.0005150123629415977
flux1:, 1.2305002161185117, 0.005369701879946075, 0.0009496435577664862, 0.0008137600707189382, -0.0010532805821043556, 0.0006402660260971642
flux1:, 1.2314825729891155, 0.004022724478863264, 0.0012533118206481677, 0.0003163243743294883, -0.001449552932084265, 0.0008257189942017317
flux1:, 1.2324649298597194, 0.0008278365786650861, 0.0020003269393649224, 0.00020740933022169095, -0.0016029765453796014, 0.0008603508001652851
flux1:, 1.2334472867303234, 0.00039990771979757204, 0.0024641448166026728, 0.0007788001798216454, -0.0013697032436025304, 0.0007428784290859699
flux1:, 1.2344296436009274, 0.0037247252852562803, 0.002320575179643408, 0.0013635539297986348, -0.0012339473735492254, 0.0007018225077557832
flux1:, 1.2354120004715314, 0.006512588661896397, 0.002207957359906188, 0.0011780772166624575, -0.0016151529114571282, 0.0008764248964534977
flux1:, 1.2363943573421352, 0.004957675222049789, 0.0030145151038452585, 0.0004561353777710261, -0.002161775744423202, 0.0011031514365639943
flux1:, 1.2373767142127392, 0.001153669788632321, 0.0047726808154103925, 0.00028434024195867543, -0.002172955431533751, 0.0011317959097111804
flux1:, 1.2383590710833432, 0.000482391357402525, 0.006659733503667269, 0.0012203074690851383, -0.001681366207079927, 0.000986112108448441
flux1:, 1.2393414279539472, 0.004249109817509327, 0.008156639642258755, 0.0024695597404028945, -0.0015933474980364616, 0.0009496061294928384
flux1:, 1.2403237848245512, 0.007678810043839652, 0.00975942770566963, 0.0027601443043546456, -0.0024673257513090994, 0.001170961816142631
flux1:, 1.241306141695155, 0.006258787621217834, 0.012104065647707956, 0.0018509032152990565, -0.0035501967821221178, 0.0014411473585116102
flux1:, 1.242288498565759, 0.001835867722316903, 0.014534844040748325, 0.0007735513544867476, -0.003589373890561632, 0.001477569018242166
flux1:, 1.243270855436363, 2.856550233886035e-05, 0.015160591974197654, 0.0005560127098793617, -0.002528269037006765, 0.0013283366119611346
flux1:, 1.244253212306967, 0.002521303338635434, 0.012737220470236524, 0.0010868308284543052, -0.0017582169017863278, 0.0013131049673544262
flux1:, 1.245235569177571, 0.005002410508467588, 0.00828966708321169, 0.0014596047349038606, -0.002388157096337218, 0.0015665713762943042
flux1:, 1.2462179260481747, 0.0035903198458082084, 0.004410843033079819, 0.001161715683321702, -0.003761941007104095, 0.0018376421216653263
flux1:, 1.2472002829187787, 0.0005201209683867561, 0.002840977609622825, 0.0005447615861704851, -0.004293570490441457, 0.001851311872602326
flux1:, 1.2481826397893827, 0.000833595581967338, 0.0030088031079645735, 0.00018901392724214017, -0.0035810294492671308, 0.0017213879945880074
flux1:, 1.2491649966599867, 0.00476130315745559, 0.003090593014234112, 0.00021253586044141134, -0.0029267026757969408, 0.0017995566163472303
flux1:, 1.2501473535305907, 0.006979489203667576, 0.0021816321248443876, 0.00036046945597301144, -0.003519176055960333, 0.002155057552560314
flux1:, 1.2511297104011945, 0.0042348268714315004, 0.0010236245886280802, 0.0004660787826215131, -0.004787145219331871, 0.0024467591306829516
flux1:, 1.2521120672717985, 0.0004542162963168924, 0.0006966697563622864, 0.0005294925847925934, -0.00523589643994028, 0.002409450216963317
flux1:, 1.2530944241424025, 0.0014961863868652274, 0.0011612375543349682, 0.0004970406325437099, -0.00459021283520584, 0.0022644348218329897
flux1:, 1.2540767810130065, 0.006572194966348, 0.0014521597568476587, 0.00030595438186577836, -0.004187794287395115, 0.0024263741905128705
flux1:, 1.2550591378836105, 0.008840678856106057, 0.0010342207037388916, 0.00013610258106756858, -0.0050400303261072, 0.0028925522193167076
flux1:, 1.2560414947542144, 0.005026403938710988, 0.00042460564779091373, 0.00027934460373816206, -0.0063451130605428775, 0.0032115364622003458
flux1:, 1.2570238516248182, 0.0005526567307969744, 0.0003628496964362789, 0.0006512524112703907, -0.0066362244190194515, 0.003126690068145705
flux1:, 1.2580062084954222, 0.002258476525859832, 0.0007874268697783902, 0.0007531534042337274, -0.00593933900560794, 0.002980093319707325
flux1:, 1.2589885653660262, 0.008459093328573164, 0.0010000728610795489, 0.0003602067863200672, -0.0057821890190945914, 0.0032484165673673125
flux1:, 1.2599709222366302, 0.010758398332863564, 0.0006766210499294389, -2.0691508521285257e-05, -0.006970070401599715, 0.003837644634284315
flux1:, 1.2609532791072342, 0.005846398999471562, 0.0002744920136802867, 0.00022304391823468918, -0.008353766358048506, 0.004177678486075698
flux1:, 1.261935635977838, 0.0007320571368400514, 0.00033181418508228884, 0.0008532223951794639, -0.008467137404321479, 0.004040218149715874
flux1:, 1.262917992848442, 0.0032553027968179765, 0.0007108762221456185, 0.0009794411726552286, -0.007713581601154376, 0.003910243256168663
flux1:, 1.263900349719046, 0.010681220616251402, 0.0008376563018942122, 0.0003370086154466347, -0.007854351936678631, 0.004316941430981466
flux1:, 1.26488270658965, 0.012924640111165023, 0.0005363294114654206, -0.0001873030897275343, -0.009432183774347413, 0.005044013629470465
flux1:, 1.265865063460254, 0.006756589886806363, 0.000253139621195092, 0.0002508167081411281, -0.010889563115521673, 0.005394501325826731
flux1:, 1.266847420330858, 0.001020926301248976, 0.00038905221517895444, 0.0011328485590331927, -0.01079742681628499, 0.005197818643412237
flux1:, 1.2678297772014617, 0.004586948892234351, 0.0007302535652423227, 0.00118075950782511, -0.01001738247426348, 0.005108521476356699
flux1:, 1.2688121340720657, 0.013396558917293236, 0.0007802408119430729, 0.00022920754898772493, -0.01054119056882891, 0.0056922142870168115
flux1:, 1.2697944909426697, 0.015463603914646245, 0.000482745558348746, -0.00036774025130750744, -0.012558305903656912, 0.006571737527324528
flux1:, 1.2707768478132737, 0.0078119590788788724, 0.00028739018649430925, 0.0003717003057600617, -0.01405976503818437, 0.00691783924873014
flux1:, 1.2717592046838777, 0.0014695619668229013, 0.0004854391787196808, 0.0014955328707152724, -0.01373086770315099, 0.006656158039248196
flux1:, 1.2727415615544815, 0.006368249516720593, 0.0007920814856018549, 0.0013461122085668856, -0.012980748320514835, 0.006639446986030647
flux1:, 1.2737239184250855, 0.01676129029785981, 0.0007717739134604911, 2.759857295992995e-05, -0.013996065070191329, 0.007445091218921839
flux1:, 1.2747062752956895, 0.018492457631122162, 0.0004740939405911173, -0.0005463401598020249, -0.01649559488493372, 0.008489746769425419
flux1:, 1.2756886321662935, 0.009069845774349052, 0.0003547889395608606, 0.0006136016441325655, -0.0179918918603905, 0.008811738435431435
flux1:, 1.2766709890368975, 0.002147344236997507, 0.0006062116492480375, 0.0019461955403609664, -0.017396927927133814, 0.008481624167394378
flux1:, 1.2776533459075012, 0.008744978716614763, 0.0008775865667279003, 0.0014535014124105491, -0.01676036478466753, 0.008579107524015183
flux1:, 1.2786357027781052, 0.020960145752735304, 0.0007904992534657011, -0.00027715165768711614, -0.018395242439277464, 0.009657891437174854
flux1:, 1.2796180596487092, 0.0221445567521311, 0.0004939949409021706, -0.0006927492251510138, -0.021410196496172214, 0.010876721773755357
flux1:, 1.2806004165193132, 0.010598886198909347, 0.0004472250340297368, 0.001016255890702626, -0.022833408295083686, 0.011149254450560088
flux1:, 1.2815827733899172, 0.0031486624829610505, 0.0007459965026268665, 0.0024855713026024602, -0.021950269828547645, 0.010751126895530079
flux1:, 1.282565130260521, 0.011907959407498551, 0.0009784888522458995, 0.0014712845899356236, -0.021541527686373588, 0.011016003315776669
flux1:, 1.283547487131125, 0.026225896262056698, 0.0008262614241953164, -0.0006903752483277804, -0.023941063075397055, 0.012425111679814325
flux1:, 1.284529844001729, 0.0265842229748367, 0.0005351193641882765, -0.0007594038149996684, -0.027489520830961987, 0.013821571737735686
flux1:, 1.285512200872333, 0.012487001888075017, 0.0005614905475097553, 0.0016296053378582049, -0.028753005526352186, 0.014012893745156362
flux1:, 1.286494557742937, 0.00460267275773814, 0.0009023194237232461, 0.0031069278174667776, -0.02757235414028899, 0.01355277182374579
flux1:, 1.2874769146135407, 0.01611116675917862, 0.0010901300531106597, 0.0013584504260751842, -0.02754056862397019, 0.01405189011988298
flux1:, 1.2884592714841447, 0.03286079663156745, 0.0008734651100697887, -0.001208195879446804, -0.030864405996522376, 0.015854081245651106
flux1:, 1.2894416283547487, 0.03202211351254238, 0.0005938721053286661, -0.0006764601396354689, -0.034944146534551725, 0.017423738278220732
flux1:, 1.2904239852253527, 0.014850998396251718, 0.000696223349095586, 0.002513399213213114, -0.03594242472068939, 0.017494871814322792
flux1:, 1.2914063420959567, 0.0066879134062057975, 0.0010735312515827876, 0.003792249215056595, -0.034473899128957645, 0.016986481992902345
flux1:, 1.2923886989665605, 0.021697723323856468, 0.001209119975823485, 0.001064896527168259, -0.03500779787623876, 0.017802716993744278
flux1:, 1.2933710558371645, 0.04126586054079859, 0.0009284962510982199, -0.001810441579735248, -0.03942736817217343, 0.02006573199183365
flux1:, 1.2943534127077685, 0.038735673242557264, 0.0006683893753733121, -0.00034462295001598585, -0.04401003469963236, 0.021793518997365906
flux1:, 1.2953357695783725, 0.017850126161437822, 0.0008507803212663992, 0.0037369849908525737, -0.04461887916930422, 0.021697352752794417
flux1:, 1.2963181264489765, 0.00965454100112057, 0.0012580715837888208, 0.0045074605370544335, -0.042898158024982286, 0.02116474748455361
flux1:, 1.2973004833195805, 0.029138950736679013, 0.0013324554828260697, 0.0005324105240645918, -0.044231399359783395, 0.022399918686391726
flux1:, 1.2982828401901843, 0.051984165689186915, 0.00098871442370053, -0.002450428085133066, -0.04992698123782875, 0.025195792293893512
flux1:, 1.2992651970607882, 0.047099266094871785, 0.00075776453258882, 0.0003748213526218299, -0.05495178521867203, 0.027052678257446644
flux1:, 1.3002475539313922, 0.021706757292427242, 0.0010248440062419098, 0.005379008879806698, -0.055028540269421625, 0.02673289308154798
flux1:, 1.3012299108019962, 0.013859067189050844, 0.0014542492245824229, 0.005196328828251339, -0.053125548966967834, 0.026213800060827252
flux1:, 1.3022122676726002, 0.03909491022804503, 0.0014572446868260402, -0.0003028116042508615, -0.0555432382052006, 0.02799251359910703
flux1:, 1.303194624543204, 0.06576767882237704, 0.001052141467637541, -0.0030396102798915027, -0.0627012335903389, 0.0313969158843853
flux1:, 1.304176981413808, 0.057630895988715306, 0.0008618657011519755, 0.0016743494588183337, -0.0680680990156906, 0.03333576671098027
flux1:, 1.305159338284412, 0.026739342365850564, 0.001218423046301853, 0.007527017089422215, -0.0674520580632645, 0.03272545851958992
flux1:, 1.306141695155016, 0.019820212793415073, 0.0016603273929325791, 0.005772559976854653, -0.06548083001105463, 0.03227575834473235
flux1:, 1.30712405202562, 0.05251115280966769, 0.0015807969091865867, -0.0015047550286360855, -0.06932834983553376, 0.034750853352601994
flux1:, 1.308106408896224, 0.08368398063409505, 0.001117595334451241, -0.0034236099963796006, -0.07813949785814127, 0.03884269956116105
flux1:, 1.3090887657668278, 0.07106747282768423, 0.0009815811129870373, 0.0038218971649652362, -0.08370134965652605, 0.04079293494224438
flux1:, 1.3100711226374318, 0.03341689254257428, 0.001432195256567914, 0.010277183393732476, -0.0822138458148622, 0.0398126911688701
flux1:, 1.3110534795080357, 0.02831161847272065, 0.0018749115507747495, 0.00610940675218452, -0.08034509678378694, 0.039512709492201245
flux1:, 1.3120358363786397, 0.07077851759952791, 0.001701072222545314, -0.0031266839537901995, -0.08604144771679323, 0.04287348519630984
flux1:, 1.3130181932492437, 0.10729279628193461, 0.0011852756939907218, -0.003343064208246414, -0.09670128142469228, 0.04773521098820375
flux1:, 1.3140005501198475, 0.08849066206299878, 0.001119551289107197, 0.007195592060555288, -0.10225489143674915, 0.049595568007191296
flux1:, 1.3149829069904515, 0.04245242691899043, 0.0016683051080516773, 0.013734812193263586, -0.09969856295141932, 0.048150622683457156
flux1:, 1.3159652638610555, 0.04052134106322212, 0.0020977756215543935, 0.006025816001915604, -0.09817708469495261, 0.048114541125392526
flux1:, 1.3169476207316595, 0.09600706759908137, 0.0018176455190663148, -0.005189417106514101, -0.10623678654188935, 0.052599928196678615
flux1:, 1.3179299776022635, 0.1389495820796112, 0.0012580007802927876, -0.0023663809415709757, -0.1189505828843407, 0.05831916458281418
flux1:, 1.3189123344728673, 0.11154604446827705, 0.0012816421885809704, 0.012342759045386755, -0.12422482787546532, 0.05994734091128764
flux1:, 1.3198946913434713, 0.054969923057216485, 0.0019319019839984638, 0.01801721347506148, -0.12038127090439427, 0.057923184162697455
flux1:, 1.3208770482140753, 0.058337800259708035, 0.0023314367209845963, 0.005267917078687349, -0.11955237571831291, 0.05831404054194436
flux1:, 1.3218594050846793, 0.13151637426602772, 0.001933561927523246, -0.0076370988107044395, -0.13062362530632776, 0.06423476741496989
flux1:, 1.3228417619552832, 0.1823516996163626, 0.0013435892686873342, 0.00023253547015472865, -0.14562002334934435, 0.07090881919341019
flux1:, 1.323824118825887, 0.14284316772812544, 0.001479755614716748, 0.020086646890554945, -0.1502594809012228, 0.07210578308503196
flux1:, 1.324806475696491, 0.07281713574540262, 0.0022340584132590486, 0.023262993500926622, -0.14488420849695038, 0.06936124032647797
flux1:, 1.325788832567095, 0.08488796762437209, 0.0025841656964462126, 0.003485096712904054, -0.1452378502673481, 0.07041650669617026
flux1:, 1.326771189437699, 0.18275881559358986, 0.002058931437172113, -0.010243233331633432, -0.1601720936048184, 0.07819432731629376
flux1:, 1.327753546308303, 0.24357481984588888, 0.0014594943025087513, 0.0057114315071778105, -0.17773363932259992, 0.08594039025189136
flux1:, 1.3287359031789068, 0.1867276617545554, 0.0017372925785882145, 0.031733112524365205, -0.1812737909737022, 0.08642520703016464
flux1:, 1.3297182600495108, 0.09918594511522758, 0.0025974706242883577, 0.02965870939184373, -0.1740871680865486, 0.08278134543932518
flux1:, 1.3307006169201148, 0.12561108872851284, 0.0028759722532960327, 0.00020358627749415717, -0.176338158279228, 0.08485961266940042
flux1:, 1.3316829737907188, 0.25916801908028797, 0.0022182212723710535, -0.012398697438184517, -0.19632289793295202, 0.09510062615486348
flux1:, 1.3326653306613228, 0.33317037882896317, 0.0016422922587103553, 0.016355166349444884, -0.21685139095288325, 0.10407837215025673
flux1:, 1.3336476875319265, 0.25087587539548223, 0.0021003927909679955, 0.049503426479499034, -0.21867871983563483, 0.10344540248827225
flux1:, 1.3346300444025305, 0.13993102564835566, 0.0030683261201280383, 0.03751500161647931, -0.2093517145330198, 0.0986675325527138
flux1:, 1.3356124012731345, 0.19055953919330587, 0.0032513828885409883, -0.0051825809584544755, -0.21459800113389152, 0.10234028823890631
flux1:, 1.3365947581437385, 0.3781485036718941, 0.002466213903915239, -0.012595287324093643, -0.24142530857369496, 0.1159814799127748
flux1:, 1.3375771150143425, 0.47076177407609743, 0.0019686849689383615, 0.036606618975091876, -0.2655849541215733, 0.1264446872304158
flux1:, 1.3385594718849465, 0.349877341935466, 0.002662998329879782, 0.07753015992437941, -0.2648703185022964, 0.12408633800172972
flux1:, 1.3395418287555503, 0.2066272780514826, 0.003743216888633271, 0.04749698726074335, -0.25300686570994724, 0.1178547367456881
flux1:, 1.3405241856261543, 0.2997921094593846, 0.003809346958040486, -0.013309586905613888, -0.26307123688003425, 0.12410327970850389
flux1:, 1.3415065424967583, 0.5745435658458633, 0.0029264671048129503, -0.0070368314829939585, -0.2997257255369635, 0.14273211529234409
flux1:, 1.3424888993673623, 0.6961862062937612, 0.0026068760444568867, 0.07594811363177058, -0.32878154483906313, 0.15515697704009807
flux1:, 1.3434712562379663, 0.5141978297834365, 0.003628894840398259, 0.12443903571729911, -0.32436996250768063, 0.150115543522949
flux1:, 1.34445361310857, 0.3244993939150865, 0.004837324079841707, 0.061399228654153315, -0.3095045996277562, 0.14197990594898766
flux1:, 1.345435969979174, 0.4975756747524909, 0.004782023293596536, -0.024197428289496767, -0.32776022528491566, 0.1526679061810364
flux1:, 1.346418326849778, 0.9260637664622874, 0.0038962785755744392, 0.01461656238633959, -0.37986163038538706, 0.17930729455460367
flux1:, 1.347400683720382, 1.1003438492167772, 0.0039596670575662496, 0.15737570940474138, -0.4165892427311041, 0.1947574707436809
flux1:, 1.348383040590986, 0.8160550408665926, 0.005487726123495781, 0.2111906412567445, -0.40684782872078135, 0.18542576166748137
flux1:, 1.34936539746159, 0.556328066953174, 0.0068842322402820014, 0.08519941058971443, -0.38857028963379386, 0.17475391751253602
flux1:, 1.3503477543321938, 0.8961563511155572, 0.006777595797248072, -0.033823116329598196, -0.4222689860359788, 0.19394998819528547
flux1:, 1.3513301112027978, 1.634168615771496, 0.006185396164438371, 0.08487279102579588, -0.502248475595714, 0.23534046029382438
flux1:, 1.3523124680734018, 1.9278700854166737, 0.00714060763692738, 0.3477945784940112, -0.5539047961791411, 0.25673756922064095
flux1:, 1.3532948249440058, 1.4607523179879152, 0.009618707604094714, 0.4008340644024043, -0.5367958235156656, 0.2402636006809801
flux1:, 1.3542771818146098, 1.0917595348136635, 0.011455321745511018, 0.14427047256788492, -0.5157073054409405, 0.22635956505147106
flux1:, 1.3552595386852135, 1.8450324384528962, 0.011718554866128345, -0.013519810440587816, -0.584239363277672, 0.26497917293461837
flux1:, 1.3562418955558175, 3.3536788344927726, 0.012514319410083347, 0.3334698191429679, -0.7269019251894299, 0.34013347920443565
flux1:, 1.3572242524264215, 4.0270694666521045, 0.016041524647384352, 0.9048924495864946, -0.8183104821582761, 0.3782665972922587
flux1:, 1.3582066092970255, 3.225102129153677, 0.02105539935060276, 0.9572661179515496, -0.7949147954996135, 0.3500704646055507
flux1:, 1.3591889661676295, 2.713928164505469, 0.024731340788034503, 0.39361687354828023, -0.7803519047147119, 0.3344710506777725
flux1:, 1.3601713230382333, 4.871280830386132, 0.028061088462935042, 0.2653811052388093, -0.9579523076006761, 0.433851585053479
flux1:, 1.3611536799088373, 9.210553871909573, 0.03620695605024048, 1.5530921937306632, -1.3093051453201163, 0.6231666883261324
flux1:, 1.3621360367794413, 11.999637919983792, 0.05148398978935637, 3.462494782874263, -1.5792495732803398, 0.7445869249704534
flux1:, 1.3631183936500453, 11.089211645172638, 0.06957049719723384, 3.9036032171993797, -1.6144288119166137, 0.7177319654755347
flux1:, 1.3641007505206493, 11.32949105677887, 0.08958874562462278, 2.747434593585702, -1.7321605235787225, 0.7462439380456584
flux1:, 1.365083107391253, 23.092708423255427, 0.13000318681861103, 4.497616813761947, -2.606347405187022, 1.2222393742723365
flux1:, 1.366065464261857, 52.49250097755453, 0.22647658920619554, 16.07474232601939, -4.6134973334567855, 2.3244746058282564
flux1:, 1.367047821132461, 91.75275138029441, 0.4004459365120668, 39.92025468643115, -7.230653957898842, 3.6891639852037224
flux1:, 1.368030178003065, 120.68144038358534, 0.6218030545169613, 68.56679060922575, -9.168947896390113, 4.550628133364904
flux1:, 1.369012534873669, 120.72234712953308, 0.8069655424844531, 87.23726276646113, -9.264636818646013, 4.312865048392574
flux1:, 1.3699948917442728, 90.1507016085357, 0.867149363516546, 84.05426370053894, -7.380516574621598, 3.053718658333754
flux1:, 1.3709772486148768, 46.32716836825074, 0.7719192628251005, 59.52394696892704, -4.509787399976139, 1.4835342528750834
flux1:, 1.3719596054854808, 12.37526721938553, 0.5724477315690123, 26.616904034015285, -2.007217264745218, 0.3884865404881276
flux1:, 1.3729419623560848, 0.16072549914886836, 0.3629983584695282, 1.1036013875288069, -0.6545287594739394, 0.06892628862853614
flux1:, 1.3739243192266888, 4.381415461733384, 0.2153050616620976, -9.314534288123978, -0.332136144667554, 0.2500901990634407
flux1:, 1.3749066760972926, 11.26624990339091, 0.14182818519833024, -8.009182924087279, -0.4260291375311426, 0.45987583856343606
flux1:, 1.3758890329678966, 11.809318459247697, 0.11113937167591735, -3.484217380255368, -0.451255211891122, 0.4529897123409591
flux1:, 1.3768713898385005, 7.121398818558524, 0.08936236418640678, -1.4112132827022674, -0.32701440324668335, 0.30793929347365173
flux1:, 1.3778537467091045, 3.2538834288135283, 0.06574493569863217, -1.82403342438991, -0.20789285220449752, 0.21120392923404283
flux1:, 1.3788361035797085, 3.287442979502819, 0.046967341465604634, -2.166808295169851, -0.1956957733771326, 0.22748749717690642
flux1:, 1.3798184604503125, 5.100933963651963, 0.038325922926639194, -1.300909155183429, -0.24400765884725056, 0.2787221464378052
flux1:, 1.3808008173209163, 5.334061899654207, 0.03565667999889082, -0.23998251552163796, -0.2643035164420994, 0.27971228680418553
flux1:, 1.3817831741915203, 3.5325175112154223, 0.03197232393894025, -0.10919537359719327, -0.23864314035617426, 0.23503602715565397
flux1:, 1.3827655310621243, 1.8692909307159515, 0.02563740272334303, -0.631523740057051, -0.21243333781058255, 0.20423410526595434
flux1:, 1.3837478879327283, 1.9011187368316784, 0.019924727070925817, -0.8045416613196434, -0.2183624409207403, 0.214920064791633
flux1:, 1.3847302448033323, 2.833969329446108, 0.017201065501197384, -0.34573786011144647, -0.24197921854299728, 0.23878503741944404
flux1:, 1.3857126016739363, 2.9979031482984464, 0.01624181853273873, 0.104813171769019, -0.2543112727375733, 0.2407791240165237
flux1:, 1.38669495854454, 2.071882032212714, 0.014729743665218977, 0.017167224220041185, -0.2507335645186487, 0.22321817556835724
flux1:, 1.387677315415144, 1.2044863085854998, 0.01218249748971475, -0.34150294447141205, -0.24788803901496498, 0.2130216130469975
flux1:, 1.388659672285748, 1.290015627565807, 0.009703035792972575, -0.39658489871385477, -0.256116157072755, 0.2219456921647
flux1:, 1.389642029156352, 1.8783887793392888, 0.008064622873934899, -0.08236730691846314, -0.26888076296512636, 0.23536165101988957
flux1:, 1.390624386026956, 1.9722634988684566, 0.007045528975996855, 0.1500805454768649, -0.2766088515736426, 0.23678316155124754
flux1:, 1.3916067428975598, 1.3897507262113604, 0.006160070701034468, 0.019259548355652883, -0.27963938759212137, 0.2291648963751234
flux1:, 1.3925890997681638, 0.8698562897870191, 0.005151402175030418, -0.22716122922412915, -0.2840901415396392, 0.22674034451048392
flux1:, 1.3935714566387678, 0.9768453273485149, 0.0038590646440032892, -0.2183201251459492, -0.2916109889176379, 0.234177698769563
flux1:, 1.3945538135093718, 1.3883853314032708, 0.002307999402381537, 0.018306896529972857, -0.2987363950673578, 0.2424818390164343
flux1:, 1.3955361703799758, 1.4350138844841704, 0.0009908327947991688, 0.1426652369508967, -0.303761661224795, 0.24349553599299234
flux1:, 1.3965185272505796, 1.0224011010209182, 0.00043345658189606994, 0.0057162755514923586, -0.3089381319354749, 0.24041107665882844
flux1:, 1.3975008841211836, 0.6830025189132776, 0.0002903442371444315, -0.16562323898726572, -0.31569565829765506, 0.24131087296684067
flux1:, 1.3984832409917876, 0.796488980095454, -0.0005068027648512804, -0.12113230965047474, -0.32188151357326894, 0.2474711745348133
flux1:, 1.3994655978623916, 1.1030613373723663, -0.0022934892717082125, 0.06395713480754019, -0.32555051106505495, 0.2528946182490504
flux1:, 1.4004479547329955, 1.1188141716857805, -0.003929183748225667, 0.12488006763328706, -0.3286626827847133, 0.25366926050169497
flux1:, 1.4014303116035993, 0.8040809765278262, -0.0042201956439406165, -0.00669765846727601, -0.33427307744836937, 0.25288400124599203
flux1:, 1.4024126684742033, 0.5703269168762206, -0.003762333138318166, -0.12480586749312553, -0.3414553626753513, 0.2552256798782682
flux1:, 1.4033950253448073, 0.6838931420109967, -0.004373444038063111, -0.0601278285640042, -0.34617719059238955, 0.260283351158185
flux1:, 1.4043773822154113, 0.9219844814778937, -0.0065381950079037, 0.0863319491579656, -0.3473134431485065, 0.2639007330576338
flux1:, 1.4053597390860153, 0.9171704375881302, -0.00847168711026015, 0.10629142559797877, -0.3487657888395177, 0.2644924628858851
flux1:, 1.406342095956619, 0.6650776862899146, -0.008487693865347777, -0.01539558629242202, -0.35402374689496846, 0.26488176961539367
flux1:, 1.407324452827223, 0.4986236763305619, -0.007541884444497413, -0.09377144063130188, -0.36083274171829804, 0.26773540956687525
flux1:, 1.408306809697827, 0.6094693669129686, -0.008130378855012171, -0.01818468972818427, -0.3640359909600999, 0.2718118025378122
flux1:, 1.409289166568431, 0.7997807549377894, -0.010752713939035125, 0.0971321426839553, -0.3629687544204117, 0.274176242301661
flux1:, 1.410271523439035, 0.7809193280788067, -0.012953248514256763, 0.0892151904257269, -0.36277592320623087, 0.2745578936036771
flux1:, 1.4112538803096388, 0.5720828273099079, -0.012650963477611748, -0.02052331586786382, -0.3672973999822445, 0.275456184511597
flux1:, 1.4122362371802428, 0.45127082864207596, -0.011251381359514017, -0.06817720176919026, -0.3733782327821165, 0.278290575130761
flux1:, 1.4132185940508468, 0.5581958313753177, -0.011906529895137566, 0.012245686393069485, -0.37498222722946395, 0.28144960099557575
flux1:, 1.4142009509214508, 0.7134619374915446, -0.015035694378902674, 0.10131036934846592, -0.37174219078209386, 0.28284155957206253
flux1:, 1.4151833077920548, 0.6848014528117989, -0.017464261650512593, 0.07400221792719103, -0.3698368037612751, 0.2829275856815891
flux1:, 1.4161656646626586, 0.5075910026646608, -0.01676799569579955, -0.022811000739059284, -0.37346937631720406, 0.28387473130931784
flux1:, 1.4171480215332626, 0.4192539954002116, -0.014885583178895156, -0.04624099394048592, -0.3786855825408012, 0.2863287128057379
flux1:, 1.4181303784038666, 0.5218173340833298, -0.015639090879284438, 0.03475213056007642, -0.37857911616856904, 0.288572840172138
flux1:, 1.4191127352744706, 0.6503885290617606, -0.019297228366149884, 0.10108792135702609, -0.37306089829735245, 0.2891074272909628
flux1:, 1.4200950921450746, 0.6147962884381368, -0.021896237215312576, 0.060342907553950394, -0.369395020113643, 0.28876307920270367
flux1:, 1.4210774490156786, 0.4617501290867277, -0.020682439133142702, -0.023166488411705384, -0.3721770094273604, 0.2893828168787412
flux1:, 1.4220598058862823, 0.39741810687323026, -0.01820947403264077, -0.0274003484549133, -0.37655158254429955, 0.29114949990774586
flux1:, 1.4230421627568863, 0.4955761304257083, -0.0190197581645702, 0.051002517827429955, -0.37464009483080707, 0.2924085725369324
flux1:, 1.4240245196274903, 0.6032387191788254, -0.02318335031049825, 0.09735559999449783, -0.36672766175133475, 0.29207925686870706
flux1:, 1.4250068764980943, 0.5627231021770349, -0.02585105125098685, 0.04758034053570355, -0.3613714713167875, 0.29111484262239584
flux1:, 1.4259892333686983, 0.4287893920526043, -0.023910625846964066, -0.02266622131160312, -0.3635744435980585, 0.29103837917883485
flux1:, 1.4269715902393023, 0.38277268950940446, -0.020610498137718484, -0.011836004314271464, -0.3673418708950629, 0.2917867660572237
flux1:, 1.427953947109906, 0.4767273174756214, -0.021307574263161714, 0.06154274549435793, -0.36366313748968904, 0.2918933454542063
flux1:, 1.42893630398051, 0.5677148405409786, -0.025854726498553773, 0.09017328542246313, -0.3533868424331592, 0.29057849873726976
flux1:, 1.429918660851114, 0.5237449141880857, -0.028388585307369655, 0.03471312505288334, -0.34668213872483156, 0.2887287240139174
flux1:, 1.430901017721718, 0.40534445115041207, -0.02534831233714557, -0.022670192825530497, -0.34896720909585577, 0.2875294966407275
flux1:, 1.431883374592322, 0.3736928996967759, -0.02074588759452016, -0.00034421270018505923, -0.35277565193390625, 0.2868313855383461
flux1:, 1.4328657314629258, 0.4638398827176958, -0.020904811994721315, 0.06607856633692129, -0.34776054150367314, 0.2854773228575334
flux1:, 1.4338480883335298, 0.5414496577296329, -0.025492874815819463, 0.07889127640595547, -0.33558875214563405, 0.282920678300272
flux1:, 1.4348304452041338, 0.4951673681911397, -0.027467228652441285, 0.020264877522757248, -0.3284640985848007, 0.27981419745556513
flux1:, 1.4358128020747378, 0.3896511179448522, -0.02263297734689913, -0.025001802595744773, -0.3322656945184488, 0.27694789982899454
flux1:, 1.4367951589453418, 0.3695369248574559, -0.015796128941564513, 0.005621139365349024, -0.3376728490406102, 0.2742059969152346
flux1:, 1.4377775158159456, 0.45645288663887745, -0.014474645892742005, 0.06352053005887705, -0.3327332277886968, 0.2708907208772175
flux1:, 1.4387598726865496, 0.5234583223586871, -0.01828050678500764, 0.062115391200085496, -0.32020177533514455, 0.266683500848646
flux1:, 1.4397422295571536, 0.4758323656021589, -0.01880309441245784, 0.0021289429658583013, -0.3148574627873212, 0.2618451476267693
flux1:, 1.4407245864277576, 0.38111556716476863, -0.010882046897355705, -0.03209764732831202, -0.3232197667079848, 0.2566513818335494
flux1:, 1.4417069432983616, 0.3703719956165863, -4.730704436177553e-05, 0.003928308812598965, -0.33375049599218054, 0.2511015467816081
flux1:, 1.4426893001689653, 0.4547430656732358, 0.004672716596060772, 0.05208939527522024, -0.3325008868006317, 0.24516912446564426
flux1:, 1.4436716570395693, 0.5136415637044826, 0.003397739524522037, 0.03786757099393305, -0.3234724142738299, 0.23887072004062437
flux1:, 1.4446540139101733, 0.46554639962513594, 0.0060327771433971, -0.022214613353440653, -0.3246472794690659, 0.23195405002639527
flux1:, 1.4456363707807773, 0.3797357138349561, 0.019208897842814886, -0.04662259867849219, -0.3436178738874679, 0.2239914270026335
flux1:, 1.4466187276513813, 0.3762587982381786, 0.03694545929880826, -0.007536924163843203, -0.3663843498165223, 0.21512216981303708
flux1:, 1.447601084521985, 0.4584683064134715, 0.04831136252989734, 0.030416283941357373, -0.37634954246462293, 0.20629415931788306
flux1:, 1.448583441392589, 0.5113496174165308, 0.05244956381970347, 0.005140506467296328, -0.3784372606839503, 0.19817514362462146
flux1:, 1.449565798263193, 0.46338944374124813, 0.0605349498132574, -0.053628580341208924, -0.3942046251162176, 0.19002323919775368
flux1:, 1.450548155133797, 0.3841731973899198, 0.0811928575814726, -0.06877042286518142, -0.43289781207620487, 0.1804745682136978
flux1:, 1.451530512004401, 0.3848234838751354, 0.10854417986699777, -0.02738157713033402, -0.4779309729793891, 0.16969758494748088
flux1:, 1.4525128688750049, 0.4636989734201102, 0.12939781147667578, 0.0019885962331912654, -0.5088633566036078, 0.15991147404817754
flux1:, 1.4534952257456089, 0.5112515248474088, 0.14066822073187196, -0.030609233763207514, -0.5299666492738137, 0.1529517324068841
flux1:, 1.4544775826162128, 0.463144206576977, 0.15375559914901987, -0.08485418602135075, -0.5655376560731576, 0.14781534721920442
flux1:, 1.4554599394868168, 0.38727019355720094, 0.1794137040430161, -0.08911369392472006, -0.6266751090818228, 0.14187712841111444
flux1:, 1.4564422963574208, 0.3870541495128441, 0.21281885315685173, -0.04331862215697885, -0.6944279476575096, 0.13475969704729343
flux1:, 1.4574246532280246, 0.45874931537982894, 0.23892645024148762, -0.017764131627736622, -0.743495224673403, 0.12967565106250112
flux1:, 1.4584070100986286, 0.49946667264355216, 0.2515184626077051, -0.05132407860540315, -0.7753570939355192, 0.12979585220345488
flux1:, 1.4593893669692326, 0.45047699343179176, 0.2608889280411119, -0.09622382926075909, -0.8155332989465208, 0.13400583912380237
flux1:, 1.4603717238398366, 0.37584672818003184, 0.2798290484831574, -0.08742246393891276, -0.8777367307890807, 0.13797937958470477
flux1:, 1.4613540807104406, 0.3711804811142042, 0.3062819413013733, -0.03553828137445625, -0.943336837958704, 0.13976725013370134
flux1:, 1.4623364375810444, 0.43256980301053394, 0.32557952334969276, -0.010568461341023946, -0.9846408958355533, 0.1426206761852211
flux1:, 1.4633187944516486, 0.46564537554805197, 0.329340999737558, -0.041562049588354105, -1.001023583468364, 0.15082220498835489
flux1:, 1.4643011513222524, 0.41733101209253093, 0.3261405640265575, -0.07637847880167299, -1.0189613369897523, 0.1636323029145713
flux1:, 1.4652835081928564, 0.3464286803418667, 0.33004973340457594, -0.05741834558249623, -1.0557750078779662, 0.17556377623975522
flux1:, 1.4662658650634603, 0.3393917298478633, 0.34237173094027, -0.003524513176720777, -1.0962075558714763, 0.1831324045486574
flux1:, 1.4672482219340643, 0.39197991793346654, 0.3505465570768012, 0.018089062316929416, -1.1134414047686132, 0.18931535340566835
flux1:, 1.4682305788046683, 0.41909738709458044, 0.34519829624619075, -0.012327057828027763, -1.1056731455254993, 0.19951330286644597
flux1:, 1.4692129356752721, 0.37406280167373035, 0.3325183348503931, -0.04053718975980181, -1.0985376995621063, 0.21408565806005425
flux1:, 1.470195292545876, 0.31041816146410023, 0.3259455416845445, -0.016863684974550184, -1.110607671613477, 0.2274628323973487
flux1:, 1.47117764941648, 0.30466843442706104, 0.32872601045142125, 0.03376275223856566, -1.1292699007985691, 0.2352951090899674
flux1:, 1.472160006287084, 0.3512128839245946, 0.33047282231106606, 0.04883902680904519, -1.129299273111344, 0.24019257221787396
flux1:, 1.473142363157688, 0.3737903798546183, 0.32163438800425803, 0.017277529254469525, -1.107883195236624, 0.24822563119983898
flux1:, 1.4741247200282919, 0.33266598455372137, 0.3061547874088427, -0.006506872391432668, -1.0882322047456083, 0.26072336092079545
flux1:, 1.4751070768988959, 0.277143846072324, 0.29582753138873513, 0.018895202013996876, -1.0878345259469968, 0.272406692692081
flux1:, 1.4760894337694999, 0.27420383583275243, 0.29461756062968464, 0.06402277981668367, -1.0954935326985666, 0.2784681699325221
flux1:, 1.4770717906401039, 0.31622121521034063, 0.2940274143061033, 0.07212033291884476, -1.0879720189101656, 0.28106801604801007
flux1:, 1.4780541475107078, 0.3347747970701093, 0.2850464640899674, 0.039747495074401076, -1.0622558424928028, 0.2864129724034663
flux1:, 1.4790365043813116, 0.2969678260301341, 0.27010959526800443, 0.019933435204709832, -1.03907035039985, 0.2963523041902354
flux1:, 1.4800188612519156, 0.24885712289409853, 0.2593111934657122, 0.04591435465332491, -1.033986493638391, 0.3059178640331321
flux1:, 1.4810012181225196, 0.24885358989635842, 0.25670972532333236, 0.08515591337735245, -1.0366786115998134, 0.31014605395741474
flux1:, 1.4819835749931236, 0.2871025889183611, 0.2553503621685203, 0.08720678936498287, -1.0262128261770351, 0.31084560029945485
flux1:, 1.4829659318637276, 0.3019558710656381, 0.2471169745090746, 0.05506105947820848, -1.0000599745324559, 0.3140765179621603
flux1:, 1.4839482887343314, 0.2668061398382135, 0.23355735027684743, 0.039124713268320316, -0.9767590108121644, 0.32185375989842524
flux1:, 1.4849306456049354, 0.22514291251580712, 0.22328091522487692, 0.06495625060671682, -0.9697728230634606, 0.32947087233038946
flux1:, 1.4859130024755394, 0.2278446593634677, 0.22013218524886008, 0.09839816053969906, -0.9694507472766263, 0.33204492423923826
flux1:, 1.4868953593461434, 0.2628939471434793, 0.21836779601358583, 0.09557232440053542, -0.9572968965296287, 0.3312038340587649
flux1:, 1.4878777162167474, 0.27445565688364154, 0.21085558266760013, 0.06460809141224227, -0.9315740727809634, 0.33274380981266716
flux1:, 1.4888600730873511, 0.24149970392514408, 0.19864625586471998, 0.05229948476437919, -0.9088091294005752, 0.33860543228950224
flux1:, 1.4898424299579551, 0.2054097192850151, 0.1890904253687276, 0.07724675047468932, -0.900354910846645, 0.34428470707884956
flux1:, 1.4908247868285591, 0.21053558405307957, 0.18566848054863752, 0.10502740842186323, -0.8972224131416582, 0.34515075134457607
flux1:, 1.4918071436991631, 0.24290762785298942, 0.18358114307574955, 0.0983882444273318, -0.8834133200689746, 0.34281450528557383
flux1:, 1.4927895005697671, 0.25165277908549155, 0.17665600722692615, 0.06931014682528103, -0.8580533197078931, 0.3427678943642258
flux1:, 1.4937718574403709, 0.22054365314286165, 0.16568189919030715, 0.06022075282975857, -0.8356953710497552, 0.3467170591002781
flux1:, 1.4947542143109749, 0.18917899910352487, 0.15694006534189628, 0.08358456154991183, -0.82562881484825, 0.3503061691622228
flux1:, 1.4957365711815789, 0.19634987524870967, 0.15347302182063438, 0.10589204527280034, -0.8195970816118494, 0.34927367663827535
flux1:, 1.4967189280521829, 0.2264545208287492, 0.15121529115038163, 0.09637836268647898, -0.8041319307997595, 0.34534638417642255
flux1:, 1.4977012849227869, 0.23283403322308677, 0.14488637963285067, 0.06968769540635482, -0.779185747552841, 0.34370671801361113
flux1:, 1.4986836417933906, 0.20324778913741448, 0.1351598579859533, 0.06337695627935641, -0.7573088084719766, 0.345722656490168
flux1:, 1.4996659986639946, 0.1756984917174829, 0.12740470826471773, 0.08463612701501674, -0.7457780392529839, 0.3471388182004004
flux1:, 1.5006483555345986, 0.18434298453221648, 0.12419214453998212, 0.10180745043718895, -0.7371449573697385, 0.34413091123804074
flux1:, 1.5016307124052026, 0.21238063099418059, 0.12201954344550205, 0.09029793788277349, -0.720464497611984, 0.338631809741996
flux1:, 1.5026130692758066, 0.21675652768757864, 0.11641056179159863, 0.06636361125733206, -0.6964368433499891, 0.3355220126371007
flux1:, 1.5035954261464104, 0.18838941443365168, 0.10801803097113657, 0.0624461889416024, -0.6755774975486966, 0.3357693656294371
flux1:, 1.5045777830170146, 0.1637242947159854, 0.10143722134658245, 0.08133477075702769, -0.6632072026100511, 0.3351777769149158
flux1:, 1.5055601398876184, 0.17310992674938494, 0.09876548558846503, 0.09390579459256514, -0.6527242849412216, 0.33038195352971317
flux1:, 1.5065424967582224, 0.1990692042731473, 0.09692436207925739, 0.08125120710355119, -0.6356418845310625, 0.32356245964221725
flux1:, 1.5075248536288264, 0.20172129276844333, 0.0921445354583154, 0.06033095106051897, -0.6133188770267244, 0.3193057429020054
flux1:, 1.5085072104994304, 0.17437034743823623, 0.08511841955047682, 0.05847192739850504, -0.5942508559902496, 0.31815347978924574
flux1:, 1.5094895673700344, 0.1517994054090988, 0.07979613773854112, 0.07493912421378292, -0.5818876534897807, 0.3159416712664471
flux1:, 1.5104719242406381, 0.16120887461240815, 0.07782772431781933, 0.08359301643034955, -0.5704704608071306, 0.30975219362598533
flux1:, 1.5114542811112421, 0.1849841891736503, 0.07645226415398663, 0.07058420990569757, -0.5538426632438402, 0.3020118122012823
flux1:, 1.5124366379818461, 0.18617338846519152, 0.07250823707392402, 0.05280284639344904, -0.5339390632429143, 0.29701794274131377
flux1:, 1.5134189948524501, 0.15982197791974398, 0.06676104185461172, 0.052662589434915544, -0.5173255594718433, 0.2948949519972072
flux1:, 1.5144013517230541, 0.13886197742939674, 0.06263319969110018, 0.06676837468341086, -0.5057152319788916, 0.29150823187986546
flux1:, 1.515383708593658, 0.14780535881614296, 0.06137682110200594, 0.0722264809812179, -0.49415049506837294, 0.2843595645118657
flux1:, 1.516366065464262, 0.16936221960212924, 0.06047222379770483, 0.0595349856055369, -0.47861232052224334, 0.2760898305973321
flux1:, 1.5173484223348659, 0.16939718079141478, 0.057269289736318896, 0.04486841915961872, -0.46153486137495836, 0.27070954549055243
flux1:, 1.5183307792054699, 0.14422879130588384, 0.05261617369129224, 0.04607000886349829, -0.4477230506318198, 0.26796459632133046
flux1:, 1.5193131360760739, 0.12475302678757118, 0.04950872965421054, 0.05790230130243611, -0.43734140402482075, 0.2637745299351832
flux1:, 1.5202954929466777, 0.13308143888915167, 0.04886313479764745, 0.060830471758282344, -0.42615821502254403, 0.2560312018723579
flux1:, 1.5212778498172816, 0.15256641184560724, 0.048350363295063856, 0.04896652352053352, -0.4120317146917566, 0.24753803075255448
flux1:, 1.5222602066878856, 0.15182044626160462, 0.04574220350569186, 0.037257217654518254, -0.39781256400668746, 0.24201606740494988
flux1:, 1.5232425635584896, 0.12812998027697692, 0.041960174663472946, 0.03940414911610815, -0.3867788728497066, 0.2388900276453897
flux1:, 1.5242249204290936, 0.11025020283131466, 0.0396541958708353, 0.049056320881122294, -0.3777889491486602, 0.23417845288586184
flux1:, 1.5252072772996974, 0.11808707756600033, 0.03946972077813535, 0.05002397861219489, -0.3672411981506227, 0.22613490749853346
flux1:, 1.5261896341703014, 0.1358027751745011, 0.03923832708901416, 0.03932801959293689, -0.3545502439140764, 0.2176616845248674
flux1:, 1.5271719910409054, 0.13465188558225707, 0.037074859804005295, 0.03032124809535526, -0.34287961752458734, 0.21218089789901073
flux1:, 1.5281543479115094, 0.1126837559223565, 0.033952119922390375, 0.03304233256856369, -0.33425666758420214, 0.20885869463764922
flux1:, 1.5291367047821134, 0.09651485659614795, 0.032234766123520026, 0.040634557269091265, -0.32652733519363003, 0.20386533887253966
flux1:, 1.5301190616527172, 0.10403614582325657, 0.03235930821999767, 0.040121647586982, -0.31663010884189907, 0.19578825142376724
flux1:, 1.5311014185233212, 0.12029537168334924, 0.03230319669835596, 0.030784347990322085, -0.3051801246482093, 0.1875592441836336
flux1:, 1.5320837753939252, 0.11901872555326382, 0.030458605898821156, 0.02416574114987394, -0.2955212190281281, 0.1822866297295333
flux1:, 1.5330661322645291, 0.09883984005212068, 0.027821566750353823, 0.027151381717466637, -0.2887134820822586, 0.17893779054989103
flux1:, 1.5340484891351331, 0.08431265595321598, 0.026514705568303956, 0.032856230128172945, -0.28191727907361996, 0.1738858631688481
flux1:, 1.535030846005737, 0.09154656353497957, 0.026819690370646146, 0.03127946455480445, -0.27254903095523597, 0.1660240391176347
flux1:, 1.536013202876341, 0.10653725658964543, 0.026855178926180768, 0.023376221881028024, -0.2620698961766781, 0.15824597426528117
flux1:, 1.536995559746945, 0.10527741103108983, 0.02523852035003773, 0.0188012829647547, -0.2538465603474533, 0.15333190126715474
flux1:, 1.537977916617549, 0.08678960188425369, 0.022960440266610108, 0.021813863818199046, -0.24822581940492855, 0.15010614506129508
flux1:, 1.538960273488153, 0.07365092622948932, 0.021931111763966272, 0.025858284131093336, -0.24200507654501713, 0.14518999714870168
flux1:, 1.5399426303587567, 0.08044800843381907, 0.022321713791086932, 0.02358844405397375, -0.23304719283681968, 0.13775441195846158
flux1:, 1.5409249872293607, 0.09421645461363921, 0.022392790880199395, 0.01711304358784219, -0.22333957901084123, 0.13059473971536795
flux1:, 1.5419073440999647, 0.09302811007488092, 0.020947064200138973, 0.014229573571345671, -0.21610791741174082, 0.1261549064445742
flux1:, 1.5428897009705687, 0.07608666580537884, 0.018944647723212915, 0.017095367495721225, -0.211188800539935, 0.1231684368010994
flux1:, 1.5438720578411727, 0.06403911954677821, 0.018103234790671913, 0.019740088004251713, -0.20529770320032742, 0.11854205507935825
flux1:, 1.5448544147117764, 0.07018131362340543, 0.018517905578641535, 0.017102172009545058, -0.1967303825140856, 0.11169611909323411
flux1:, 1.5458367715823806, 0.08270286308576755, 0.018593570492410363, 0.011991507619775618, -0.18773646133456476, 0.10527705684709247
flux1:, 1.5468191284529844, 0.08162184004968275, 0.017288812153579892, 0.010457941572762638, -0.18125584736804004, 0.10139171641242742
flux1:, 1.5478014853235884, 0.06613854409402332, 0.015513048475117535, 0.013055347436647352, -0.1767676537267552, 0.09873056237629776
flux1:, 1.5487838421941924, 0.05497266496841273, 0.014805349859024609, 0.014568289897089415, -0.17112356377724572, 0.09451309265423638
flux1:, 1.5497661990647964, 0.06029347680357129, 0.015209981208819327, 0.011832898266644146, -0.163040385426802, 0.08837968289117856
flux1:, 1.5507485559354004, 0.07154566922779121, 0.015278132049370409, 0.00798277975822683, -0.15482775758198686, 0.08278688340257367
flux1:, 1.5517309128060042, 0.07061945336037127, 0.014102771342172157, 0.007482265656002927, -0.14903369403815647, 0.07951026649718546
flux1:, 1.5527132696766082, 0.056586559158577104, 0.012528473538184115, 0.009732753050525985, -0.1448945093000954, 0.0772385058000668
flux1:, 1.5536956265472122, 0.0462261169970144, 0.011926083477518588, 0.010367934069567214, -0.13954920900132778, 0.0735200483285462
flux1:, 1.5546779834178162, 0.050668279544782605, 0.012306499507303793, 0.007743591913350327, -0.13211371460792484, 0.06818524191850284
flux1:, 1.5556603402884202, 0.060666486366563785, 0.012367051950246195, 0.00501901499342265, -0.12481241853296163, 0.06347010042923565
flux1:, 1.556642697159024, 0.059946436790313876, 0.011319519142091665, 0.00526799447933542, -0.1197415669089074, 0.06083075122046655
flux1:, 1.557625054029628, 0.04740046686109746, 0.009935372192298616, 0.007128895377822685, -0.11598437906055319, 0.058987698920756136
flux1:, 1.558607410900232, 0.037873072375867636, 0.009426170206973113, 0.0071132704524101385, -0.11105800203240174, 0.055823158885565924
flux1:, 1.559589767770836, 0.04148374380928963, 0.009780537749308217, 0.004744262025208279, -0.10444068966322738, 0.05132784759692122
flux1:, 1.56057212464144, 0.050283757152227486, 0.009838942962084473, 0.002987677164044177, -0.09817370184902312, 0.04749801762026718
flux1:, 1.5615544815120437, 0.04980439517516748, 0.008920367097095604, 0.003739622006993744, -0.09388551747696863, 0.0454885228905574
flux1:, 1.5625368383826477, 0.038773869121357815, 0.007720264989478262, 0.0051973335316483965, -0.09058008598177864, 0.04407774126435673
flux1:, 1.5635191952532517, 0.030151183970822906, 0.0072998954550901754, 0.004724397843458011, -0.08619468438789514, 0.04147571642813813
flux1:, 1.5645015521238557, 0.033044158148345264, 0.007631981578643154, 0.0026949131739360233, -0.08051945664931204, 0.03780519762450197
flux1:, 1.5654839089944597, 0.04072900168506109, 0.0076940390612247524, 0.0017349497843471462, -0.07535212340790434, 0.03481529022797281
flux1:, 1.5664662658650634, 0.04049415054477978, 0.006902935115233147, 0.0027813484883266585, -0.07187317065060034, 0.033384365330652116
flux1:, 1.5674486227356674, 0.030962680114306505, 0.00587959254747976, 0.003844993948686921, -0.06906982549302201, 0.03236802214940955
flux1:, 1.5684309796062714, 0.02330722801567866, 0.005544974125263014, 0.003073579491472611, -0.06530475844260929, 0.030288559068357857
flux1:, 1.5694133364768754, 0.025620949024856295, 0.005859209441166173, 0.0014171359674680873, -0.06062042240610462, 0.02737377226639058
flux1:, 1.5703956933474794, 0.03228619784684456, 0.005927983358768165, 0.0010786794641836905, -0.056539462780231566, 0.02512894968508966
flux1:, 1.5713780502180832, 0.03226868099747911, 0.00525767327349387, 0.002249118407243645, -0.05383952214883867, 0.024186730694347052
flux1:, 1.5723604070886872, 0.02416383661235602, 0.004399296610498037, 0.0029452249827403606, -0.051543570331031144, 0.023493685999103456
flux1:, 1.5733427639592912, 0.017499588281359578, 0.004144922095176939, 0.00200198893116101, -0.04841886192073524, 0.021860753207586434
flux1:, 1.5743251208298952, 0.01936735390734952, 0.004443798357783692, 0.0007141551253404982, -0.04469701486814086, 0.019594799511203062
flux1:, 1.5753074777004992, 0.02511166204412335, 0.004518810276846782, 0.000829270664471299, -0.04161599327996276, 0.017968919876612442
flux1:, 1.576289834571103, 0.025263154387445717, 0.003957503674222419, 0.0019914366092953608, -0.039610883993189384, 0.017404960438662406
flux1:, 1.577272191441707, 0.018465391687673843, 0.0032474091585021105, 0.002359857079682222, -0.03778226519010158, 0.016949550293359022
flux1:, 1.578254548312311, 0.012771107161776839, 0.003064337365710725, 0.0013438678870718768, -0.03526374542449569, 0.015672658775306804
flux1:, 1.579236905182915, 0.014306215055329828, 0.0033478826139592285, 0.0003958353803550762, -0.03241462678098908, 0.013935118445284757
flux1:, 1.580219262053519, 0.019226948821009924, 0.0034259853091467515, 0.0008140009876536375, -0.030195137881296404, 0.012794902763949874
flux1:, 1.5812016189241227, 0.01949081717077491, 0.002958632798512456, 0.0018733081542985379, -0.028764653759140186, 0.012499779240329299
flux1:, 1.5821839757947267, 0.013851012019625339, 0.002376872781955502, 0.001963958956842986, -0.027331903665644978, 0.012201547502484401
flux1:, 1.5831663326653307, 0.00906683269296979, 0.002253588776609252, 0.0009516500082964218, -0.025348036258076297, 0.01119597512956408
flux1:, 1.5841486895359347, 0.010357964930774701, 0.002520131918947798, 0.00030207046752854316, -0.023244314530737345, 0.009874058463757154
flux1:, 1.5851310464065387, 0.014549195097984519, 0.0025971069821800114, 0.000897592072163915, -0.021722449892127793, 0.009098728589832825
flux1:, 1.5861134032771425, 0.014871105298308917, 0.0022078389310874885, 0.0017952400019914275, -0.02073302716264889, 0.008979797438362452
flux1:, 1.5870957601477467, 0.010228218405258706, 0.0017335938145677176, 0.0016646711563296117, -0.019612012881995405, 0.008775894304507818
flux1:, 1.5880781170183504, 0.006267127651791711, 0.001657659846159721, 0.0007136245249126829, -0.01807403721931417, 0.00797411044198614
flux1:, 1.5890604738889544, 0.007379019523237264, 0.001904998326373396, 0.0003167781848378652, -0.016574991436115304, 0.006974030354470845
flux1:, 1.5900428307595584, 0.010930070431711753, 0.001977011192128826, 0.0009917462321526297, -0.015585878048082093, 0.006464968115069905
flux1:, 1.5910251876301624, 0.011264718156238532, 0.001651171648236992, 0.001700170991018066, -0.014910932684908217, 0.00645246041194103
flux1:, 1.5920075445007664, 0.007460134624812733, 0.0012648586939910836, 0.0014073093100728162, -0.014021653818132565, 0.006300618701030125
flux1:, 1.5929899013713702, 0.004220082586933767, 0.0012244518860284326, 0.0005583929720875823, -0.01284101118027887, 0.005654199323839395
flux1:, 1.5939722582419742, 0.005196878517429099, 0.001450775687505855, 0.0003684958341708599, -0.011811865900131568, 0.0049030327280578595
flux1:, 1.5949546151125782, 0.00819111755307486, 0.001515206273890968, 0.0010514503010709117, -0.011207632425880212, 0.004584588165319406
flux1:, 1.5959369719831822, 0.008505409660119782, 0.001240494254139455, 0.0015675257650816737, -0.010741225659254137, 0.004630146409836798
flux1:, 1.5969193288537862, 0.005393123634239664, 0.0009250554674840382, 0.0011690385375026692, -0.010018569813524392, 0.004505349728675159
flux1:, 1.59790168572439, 0.002767935966354155, 0.0009099314076236155, 0.0004476874553079397, -0.00911799029511656, 0.003981264038588368
flux1:, 1.598884042594994, 0.003637885243410496, 0.0011142608758006242, 0.0004207357327821404, -0.008441595095803618, 0.0034235504915930137
flux1:, 1.599866399465598, 0.006151864653984443, 0.00116987758379121, 0.0010628000982313163, -0.008100809737757994, 0.0032393103904935204
flux1:, 1.600848756336202, 0.006425281670501008, 0.0009366323576751865, 0.0014003118070287275, -0.007763270130889804, 0.003311250557646887
flux1:, 1.601831113206806, 0.0038778135990257152, 0.0006779956809014668, 0.000946665489708712, -0.007160719705477187, 0.003200376518662603
flux1:, 1.6028134700774097, 0.0017656638779141765, 0.0006798615727866073, 0.0003644031225293316, -0.006478451095219736, 0.0027759016676753173
flux1:, 1.6037958269480137, 0.0025459954110604614, 0.0008620863464100849, 0.0004591685349218417, -0.0060595445034652955, 0.002369049678531319
flux1:, 1.6047781838186177, 0.00464893004183201, 0.0009088021930398494, 0.0010295614405602812, -0.005889155296583359, 0.0022772371174384237
flux1:, 1.6057605406892217, 0.0048718893850199525, 0.0007097452869987914, 0.0012124350021727132, -0.005626181302641651, 0.0023556879062020504
flux1:, 1.6067428975598257, 0.0027823509627213044, 0.0004967320112131834, 0.0007453955535879466, -0.005114202718483393, 0.0022528043023486368
flux1:, 1.6077252544304295, 0.0010911945034874986, 0.0005092334028693538, 0.00030208102121834896, -0.004603345106278127, 0.0019113989030568443
flux1:, 1.6087076113010335, 0.0017922770695448255, 0.0006699551244649233, 0.00048106712577302536, -0.004367786132986847, 0.0016219402258741134
flux1:, 1.6096899681716375, 0.003545798803581411, 0.0007084331652696612, 0.0009630451087580513, -0.004300339685341636, 0.0015916239976199351
flux1:, 1.6106723250422414, 0.0037169567497249193, 0.0005381796646374996, 0.0010200307757388374, -0.004078445250314274, 0.001664765757555897
flux1:, 1.6116546819128454, 0.0019982653292699316, 0.0003621380746859332, 0.0005716720439779439, -0.0036402555235832334, 0.0015678728762001885
flux1:, 1.6126370387834492, 0.000648442504128472, 0.00038066187376713066, 0.00025828000715348923, -0.0032657851819030983, 0.001296530444614564
flux1:, 1.6136193956540532, 0.001276861108250132, 0.0005209977877903909, 0.0004886741390078041, -0.0031574175356613985, 0.0010976128679309844
flux1:, 1.6146017525246572, 0.0027350483220445303, 0.000552275011235419, 0.0008761385406382317, -0.00314628209028067, 0.0011059887509444427
flux1:, 1.6155841093952612, 0.0028584016714620396, 0.00040680563062839596, 0.0008369746365030039, -0.0029471075500756574, 0.0011674397973065278
flux1:, 1.6165664662658652, 0.0014408559459643305, 0.0002611409705684054, 0.00042984095415267117, -0.0025739526314128183, 0.0010764758499859565
flux1:, 1.617548823136469, 0.000365581969186626, 0.0002825462660315744, 0.00023132854946934312, -0.0023092943576166185, 0.0008642566072197744
flux1:, 1.618531180007073, 0.0009261805256444612, 0.0004039622046826614, 0.0004857123694868162, -0.002286250046361224, 0.0007340847320843096
flux1:, 1.619513536877677, 0.0021358747385744727, 0.00042916225020766873, 0.0007803730084699241, -0.00230061361609613, 0.0007645647049781653
flux1:, 1.620495893748281, 0.002218240532550923, 0.00030534500217676164, 0.0006731793184648947, -0.002115637753529034, 0.0008115979482904837
flux1:, 1.621478250618885, 0.0010464642993037354, 0.00018502472034499554, 0.00032117939424778426, -0.0018027572850220874, 0.0007272977518785419
flux1:, 1.6224606074894887, 0.00019098881651027086, 0.0002073394625006662, 0.0002190782001530396, -0.0016268367269620752, 0.0005646046095181841
flux1:, 1.6234429643600927, 0.0006880877262547099, 0.00031151937775882423, 0.00047572874399458417, -0.001658164115617127, 0.00048546352266702256
flux1:, 1.6244253212306967, 0.0016894616237071605, 0.0003316701732130065, 0.0006846962679042299, -0.0016786740959452285, 0.0005262823486974682
flux1:, 1.6254076781013007, 0.0017386031604589222, 0.00022687616875318394, 0.0005343286966664569, -0.0015050435548914591, 0.0005585829375892918
flux1:, 1.6263900349719047, 0.0007685199291799605, 0.00012795890334394612, 0.00024402982717611958, -0.0012488145917390486, 0.0004818592117882778
flux1:, 1.6273723918425085, 8.858312724952651e-05, 0.00015005935638280935, 0.00021858487865844257, -0.0011439450124547026, 0.00036013003252888503
flux1:, 1.6283547487131127, 0.0005265776349828066, 0.00023879767000380687, 0.0004613630811713158, -0.0012068882542775286, 0.0003177311803470326
flux1:, 1.6293371055837165, 0.0013538596633513584, 0.0002547482156004146, 0.0005951375006258232, -0.0012222244499948292, 0.0003608741503554442
flux1:, 1.6303194624543205, 0.0013772996963739017, 0.0001665932609368514, 0.00042231925182279254, -0.0010598856583645152, 0.0003796475063983169
flux1:, 1.6313018193249245, 0.0005735160786157818, 8.583435761074879e-05, 0.0001944439640408492, -0.0008562283085886667, 0.0003112798546431549
flux1:, 1.6322841761955285, 3.356292612833848e-05, 0.00010713835704163462, 0.00022627406276459557, -0.000806892699023359, 0.00022289230832129748
flux1:, 1.6332665330661325, 0.000417085466480146, 0.00018224690481897932, 0.0004441946403873114, -0.0008848841908191576, 0.00020589305431872559
flux1:, 1.6342488899367362, 0.0010993223333701462, 0.00019466513332403633, 0.0005150456170782912, -0.0008892490885178121, 0.0002462401145813474
flux1:, 1.6352312468073402, 0.0011037416891079546, 0.00012089049738136571, 0.0003361075795693815, -0.0007392344169976832, 0.0002535602100892548
flux1:, 1.6362136036779442, 0.00043750912067277634, 5.547251602810865e-05, 0.00016708356794267455, -0.0005830736624668522, 0.00019405682716113038
flux1:, 1.6371959605485482, 8.995771511188766e-06, 7.569092790613548e-05, 0.0002383904927877777, -0.0005754544092159463, 0.00013231710005298411
flux1:, 1.6381783174191522, 0.0003428293141146195, 0.00013892382591109732, 0.0004249809979217929, -0.0006567222642484718, 0.00013192388724625435
flux1:, 1.639160674289756, 0.0009045954545507028, 0.00014834478427170171, 0.0004456972181933451, -0.0006480713124244978, 0.0001665477860863777
flux1:, 1.64014303116036, 0.0008956370329264177, 8.681378246535328e-05, 0.0002727536736036058, -0.0005116128379321436, 0.0001648757792965666
flux1:, 1.641125388030964, 0.0003433834161704049, 3.4213459918876894e-05, 0.00015618673996373858, -0.00039701692309996884, 0.00011441998535748153
flux1:, 1.642107744901568, 3.362821950061081e-06, 5.3188511143586055e-05, 0.00025155388041291256, -0.0004189838088123997, 7.355276720476916e-05
flux1:, 1.643090101772172, 0.0002922703832305885, 0.00010618926695754308, 0.00040409487275212607, -0.0004955808522110178, 8.315110367511017e-05
flux1:, 1.6440724586427757, 0.0007542836922999604, 0.00011307543742610883, 0.00038705587596692516, -0.0004743646651012272, 0.00011073054564548468
flux1:, 1.6450548155133797, 0.0007365722959980694, 6.182970767752654e-05, 0.00022843824940439747, -0.0003524887498642157, 0.00010256366102979934
flux1:, 1.6460371723839837, 0.0002788729594003314, 1.9785747893082227e-05, 0.00015638531509287553, -0.0002730919085992813, 6.100224800095448e-05
flux1:, 1.6470195292545877, 8.895454214744081e-06, 3.7410951840893026e-05, 0.0002631935216455441, -0.0003143398506152044, 3.6108405848483523e-05
flux1:, 1.6480018861251917, 0.0002574675733413777, 8.167981296567286e-05, 0.00038190163449204894, -0.00038139014839053164, 5.0898998449427106e-05
flux1:, 1.6489842429957955, 0.0006371116193810297, 8.646365033285746e-05, 0.0003384190083627324, -0.00034961516317724305, 7.122949833149122e-05
flux1:, 1.6499665998663995, 0.0006143513336795032, 4.3781243753063374e-05, 0.00019923032020966372, -0.0002429659051073195, 5.886224934273958e-05
flux1:, 1.6509489567370035, 0.00023518124445841287, 1.0306961651723168e-05, 0.00016320450792970716, -0.00019240685921017875, 2.5726748563980086e-05
flux1:, 1.6519313136076075, 2.0453927695717377e-05, 2.6500466906177255e-05, 0.0002717184009432096, -0.00024453929703663693, 1.2714634876495274e-05
flux1:, 1.6529136704782115, 0.00023301020275181655, 6.337652367598703e-05, 0.0003589334701765542, -0.0002995732968494919, 2.9364192816673044e-05
flux1:, 1.6538960273488152, 0.0005447820208191425, 6.647510839524088e-05, 0.0002988264853829901, -0.0002600702425131017, 4.2961940677720286e-05
flux1:, 1.6548783842194192, 0.0005198619979302821, 3.089836024756503e-05, 0.00018153723705145128, -0.00016883516332013895, 2.834621843074433e-05
flux1:, 1.6558607410900232, 0.00020601252276635323, 4.2962743577836705e-06, 0.00017324112916143822, -0.00014109599707681309, 2.905143757986565e-06
flux1:, 1.6568430979606272, 3.474319899683092e-05, 1.899889718272048e-05, 0.00027644604088727107, -0.00019758301625490683, -1.5879454426296133e-06
flux1:, 1.6578254548312312, 0.00021528756946996333, 4.965284649023331e-05, 0.000335877756344172, -0.00023992147661445372, 1.4734984440811631e-05
flux1:, 1.658807811701835, 0.00047119220934641607, 5.1461140960596407e-05, 0.000267252173636496, -0.00019577988876939975, 2.252956459647286e-05
flux1:, 1.659790168572439, 0.0004462797183908958, 2.179064046792776e-05, 0.00017229166647131315, -0.00011967527367017023, 7.215334458878294e-06
flux1:, 1.660772525443043, 0.00018687473584344356, 6.510564642313866e-07, 0.00018411215201613183, -0.00010930555244040535, -1.1450859120151312e-05
flux1:, 1.661754882313647, 4.974301616151099e-05, 1.3831711345863492e-05, 0.0002773921237696295, -0.00016533171326866647, -1.0136794402736592e-05
flux1:, 1.662737239184251, 0.00020196091186631366, 3.92676216112229e-05, 0.0003134710523772085, -0.0001955293831634847, 4.544496705887343e-06
flux1:, 1.6637195960548548, 0.00041186904229841877, 4.014225417121714e-05, 0.00024266816392294453, -0.00014968434767712724, 7.651245652065797e-06
flux1:, 1.6647019529254587, 0.0003884901572426674, 1.540729798568726e-05, 0.00016898114652887192, -8.798707250094295e-05, -7.214786934983779e-06
flux1:, 1.6656843097960627, 0.00017456960513097326, -1.410291724543226e-06, 0.00019429067569522675, -9.023440764326768e-05, -2.0129849491157874e-05
flux1:, 1.6666666666666667, 6.428667935813393e-05, 1.0250929257062905e-05, 0.00027502759073247987, -0.0001424804988232316, -1.5144789371308411e-05
