flux1:, 0.6289308176100629, 0.0035764832128361286, 0.0016539386664667342
flux1:, 0.628980244370848, 0.003659190853744774, 0.0017031547621670544
flux1:, 0.6290296711316331, 0.0037386495825295725, 0.0017475024329686398
flux1:, 0.6290790978924182, 0.0038122535862804953, 0.001785268206128446
flux1:, 0.6291285246532032, 0.0038774800727257005, 0.001814929515524874
flux1:, 0.6291779514139884, 0.003932021223864362, 0.0018352486065875626
flux1:, 0.6292273781747735, 0.003973916993852792, 0.0018453606080567864
flux1:, 0.6292768049355586, 0.004001682225509651, 0.0018448508066823063
flux1:, 0.6293262316963437, 0.004014421284091324, 0.0018338162677764972
flux1:, 0.6293756584571288, 0.004011923449452752, 0.0018129073085084073
flux1:, 0.629425085217914, 0.003994732693056934, 0.00178334495595229
flux1:, 0.629474511978699, 0.003964186204042097, 0.0017469113989739718
flux1:, 0.6295239387394841, 0.00392241711129722, 0.0017059115492154841
flux1:, 0.6295733655002692, 0.0038723182501882707, 0.0016631051248429405
flux1:, 0.6296227922610543, 0.003817465499757963, 0.001621610111731719
flux1:, 0.6296722190218395, 0.003762001106691239, 0.0015847799788407957
flux1:, 0.6297216457826246, 0.0037104794390928762, 0.0015560585568240837
flux1:, 0.6297710725434097, 0.0036676796850402364, 0.001538817954003161
flux1:, 0.6298204993041947, 0.0036383920275851, 0.001536186201039222
flux1:, 0.6298699260649798, 0.0036271856833958375, 0.001550872405167696
flux1:, 0.6299193528257649, 0.003638168780057573, 0.0015849979817009635
flux1:, 0.6299687795865501, 0.0036747512657733235, 0.0016399429490098069
flux1:, 0.6300182063473352, 0.0037394228036446283, 0.0017162162710423405
flux1:, 0.6300676331081203, 0.003833557825612407, 0.0018133587733023143
flux1:, 0.6301170598689054, 0.00395725955464406, 0.0019298862297935768
flux1:, 0.6301664866296904, 0.004109253818654427, 0.002063278827421059
flux1:, 0.6302159133904756, 0.0042868418765637595, 0.002210021393731907
flux1:, 0.6302653401512607, 0.004485919286853725, 0.002365696580682989
flux1:, 0.6303147669120458, 0.0047010651355600674, 0.0025251307124609453
flux1:, 0.6303641936728309, 0.004925702798459871, 0.002682589331746619
flux1:, 0.630413620433616, 0.0051523299651703635, 0.0028320167369594047
flux1:, 0.6304630471944012, 0.005372812049523538, 0.002967311126619265
flux1:, 0.6305124739551862, 0.005578729519225637, 0.0030826244975442492
flux1:, 0.6305619007159713, 0.005761766278901741, 0.003172674323276787
flux1:, 0.6306113274767564, 0.00591412321880295, 0.0032330524036068508
flux1:, 0.6306607542375415, 0.006028938576836079, 0.0032605152472916965
flux1:, 0.6307101809983267, 0.006100695019662476, 0.003253240028579069
flux1:, 0.6307596077591118, 0.006125592471254696, 0.0032110306163401943
flux1:, 0.6308090345198969, 0.006101865814058129, 0.0031354594511572216
flux1:, 0.6308584612806819, 0.00603002772692953, 0.003029933140012909
flux1:, 0.630907888041467, 0.005913019127125612, 0.0028996725086021437
flux1:, 0.6309573148022521, 0.005756252920202316, 0.002751601412719069
flux1:, 0.6310067415630373, 0.0055675409474785584, 0.002594142736190798
flux1:, 0.6310561683238224, 0.0053568990174573, 0.0024369245281452958
flux1:, 0.6311055950846075, 0.0051362305262395635, 0.0022904039588539818
flux1:, 0.6311550218453926, 0.004918895178504572, 0.002165421477140814
flux1:, 0.6312044486061776, 0.004719175444502914, 0.0020727019937198214
flux1:, 0.6312538753669628, 0.004551659333666601, 0.0020223238491011894
flux1:, 0.6313033021277479, 0.0044305635233542915, 0.0020231795143713337
flux1:, 0.631352728888533, 0.004369025545441874, 0.002082454200545158
flux1:, 0.6314021556493181, 0.004378397315458836, 0.002205149632214354
flux1:, 0.6314515824101032, 0.0044675745333279775, 0.0023936800329528783
flux1:, 0.6315010091708883, 0.004642397185316417, 0.0026475657876470974
flux1:, 0.6315504359316734, 0.004905155389311073, 0.002963247267898565
flux1:, 0.6315998626924585, 0.0052542320804996375, 0.003334036977778837
flux1:, 0.6316492894532436, 0.005683909544742567, 0.0037502226169414746
flux1:, 0.6316987162140287, 0.0061843606736471214, 0.0041993270565036005
flux1:, 0.6317481429748139, 0.006741838228410851, 0.004666523836675344
flux1:, 0.631797569735599, 0.0073390666347011, 0.005135198939136737
flux1:, 0.631846996496384, 0.00795583124131653, 0.0055876416235614654
flux1:, 0.6318964232571691, 0.008569749979785076, 0.006005839440225539
flux1:, 0.6319458500179542, 0.009157202427520638, 0.006372345546860315
flux1:, 0.6319952767787393, 0.009694381899643261, 0.0066711805698249724
flux1:, 0.6320447035395245, 0.010158427875257515, 0.006888726832270003
flux1:, 0.6320941303003096, 0.010528589285609359, 0.007014570152977506
flux1:, 0.6321435570610947, 0.010787364391393262, 0.007042243858422745
flux1:, 0.6321929838218797, 0.010921560523493828, 0.00696983132161073
flux1:, 0.6322424105826648, 0.010923217130930477, 0.006800387317304524
flux1:, 0.63229183734345, 0.010790338535759026, 0.006542144726428411
flux1:, 0.6323412641042351, 0.010527388572291976, 0.006208481476630755
flux1:, 0.6323906908650202, 0.010145507785263585, 0.005817632798195361
flux1:, 0.6324401176258053, 0.009662424833721145, 0.00539214551885915
flux1:, 0.6324895443865904, 0.009102046812140186, 0.0049580837323641375
flux1:, 0.6325389711473755, 0.008493727845047901, 0.004544008185079622
flux1:, 0.6325883979081606, 0.007871230914935355, 0.004179764506017634
flux1:, 0.6326378246689457, 0.007271413734513567, 0.003895127298348477
flux1:, 0.6326872514297308, 0.006732684808191225, 0.0037183574568568404
flux1:, 0.6327366781905159, 0.006293289854001023, 0.003674738249242749
flux1:, 0.632786104951301, 0.005989500704126817, 0.003785161141909945
flux1:, 0.6328355317120862, 0.005853787951704016, 0.004064834604762035
flux1:, 0.6328849584728712, 0.005913064341240754, 0.004522187866920129
flux1:, 0.6329343852336563, 0.006187087719456309, 0.005158036644718331
flux1:, 0.6329838119944414, 0.006687109945694697, 0.005965069227911191
flux1:, 0.6330332387552265, 0.007414851371565812, 0.006927699180087306
flux1:, 0.6330826655160117, 0.008361869411418147, 0.008022315664162968
flux1:, 0.6331320922767968, 0.009509374630800005, 0.009217944606068187
flux1:, 0.6331815190375819, 0.010828529187507346, 0.010477314288241118
flux1:, 0.6332309457983669, 0.012281241081869402, 0.011758298388649412
flux1:, 0.633280372559152, 0.013821444402572108, 0.01301568892596609
flux1:, 0.6333297993199372, 0.015396831630959939, 0.01420323207510138
flux1:, 0.6333792260807223, 0.016950980233297233, 0.015275842432589221
flux1:, 0.6334286528415074, 0.01842579342063732, 0.01619189705237652
flux1:, 0.6334780796022925, 0.019764155279071206, 0.016915500362109533
flux1:, 0.6335275063630776, 0.020912684593285213, 0.01741860568541094
flux1:, 0.6335769331238627, 0.021824460601888744, 0.01768287911979709
flux1:, 0.6336263598846478, 0.022461588449960313, 0.017701197299911157
flux1:, 0.6336757866454329, 0.022797472824555968, 0.017478682188527144
flux1:, 0.633725213406218, 0.02281867547718857, 0.017033193269485842
flux1:, 0.6337746401670031, 0.022526246050932758, 0.01639521985418819
flux1:, 0.6338240669277883, 0.021936435510049413, 0.015607142850499018
flux1:, 0.6338734936885734, 0.021080726862385834, 0.014721865203662638
flux1:, 0.6339229204493584, 0.02000514780051546, 0.013800841992398944
flux1:, 0.6339723472101435, 0.018768863118649975, 0.01291157335809264
flux1:, 0.6340217739709286, 0.01744207980548456, 0.012124654449738205
flux1:, 0.6340712007317137, 0.016103332913392082, 0.01151050472852336
flux1:, 0.6341206274924989, 0.014836253909937001, 0.01113592267647569
flux1:, 0.634170054253284, 0.013725953460384317, 0.011060629699212525
flux1:, 0.6342194810140691, 0.012855175778361759, 0.011333977515965937
flux1:, 0.6342689077748541, 0.012300400285805901, 0.011991995587354677
flux1:, 0.6343183345356392, 0.012128077067778334, 0.013054948496986138
flux1:, 0.6343677612964244, 0.012391184543663168, 0.014525557440454785
flux1:, 0.6344171880572095, 0.013126290354725638, 0.016388015300772475
flux1:, 0.6344666148179946, 0.014351279584852706, 0.018607891887701334
flux1:, 0.6345160415787797, 0.01606388846117507, 0.021132985941357117
flux1:, 0.6345654683395648, 0.018241147482577273, 0.02389513503788985
flux1:, 0.6346148951003499, 0.020839796824287996, 0.026812945564030286
flux1:, 0.634664321861135, 0.02379769061961417, 0.02979535473812961
flux1:, 0.6347137486219201, 0.027036157440428164, 0.032745887755188496
flux1:, 0.6347631753827052, 0.03046323437490446, 0.035567428135910434
flux1:, 0.6348126021434903, 0.033977644087458736, 0.03816728085646907
flux1:, 0.6348620289042755, 0.037473340742782954, 0.0404622782686051
flux1:, 0.6349114556650606, 0.040844414194196, 0.042383660341514175
flux1:, 0.6349608824258456, 0.043990114669796875, 0.04388145510844693
flux1:, 0.6350103091866307, 0.046819744278344545, 0.044928093591045444
flux1:, 0.6350597359474158, 0.049257158469390716, 0.045521016483932426
flux1:, 0.635109162708201, 0.0512446310127678, 0.04568406739234668
flux1:, 0.6351585894689861, 0.05274586034802023, 0.04546751856306444
flux1:, 0.6352080162297712, 0.05374793282480304, 0.04494663821941075
flux1:, 0.6352574429905563, 0.05426210821327684, 0.044218781465243454
flux1:, 0.6353068697513413, 0.05432335300264055, 0.04339906626404365
flux1:, 0.6353562965121264, 0.05398861486278587, 0.04261477867300868
flux1:, 0.6354057232729116, 0.053333904090874115, 0.041998733346437625
flux1:, 0.6354551500336967, 0.052450321332001934, 0.04168189209067538
flux1:, 0.6355045767944818, 0.05143924149523394, 0.041785610665230656
flux1:, 0.6355540035552669, 0.05040692761949643, 0.042413937933513446
flux1:, 0.635603430316052, 0.049458901600239295, 0.04364642807871512
flux1:, 0.635652857076837, 0.04869443757886401, 0.045531942686606805
flux1:, 0.6357022838376222, 0.04820156532288644, 0.048083912587990586
flux1:, 0.6357517105984073, 0.048052972662815344, 0.05127749791196779
flux1:, 0.6358011373591924, 0.048303176423127155, 0.055049028363268124
flux1:, 0.6358505641199775, 0.048987289687748625, 0.05929802500556959
flux1:, 0.6358999908807627, 0.050121650146412504, 0.06389200173081673
flux1:, 0.6359494176415478, 0.05170649126749612, 0.06867412225431871
flux1:, 0.6359988444023328, 0.0537307378410214, 0.07347365117636805
flux1:, 0.6360482711631179, 0.05617889379215238, 0.07811899069852672
flux1:, 0.636097697923903, 0.059039867781337525, 0.08245294412827948
flux1:, 0.6361471246846881, 0.062317456453650596, 0.08634970011995487
flux1:, 0.6361965514454733, 0.06604208230555957, 0.08973289480011046
flux1:, 0.6362459782062584, 0.07028326933127804, 0.09259398967072084
flux1:, 0.6362954049670435, 0.07516224123712045, 0.09501010834852906
flux1:, 0.6363448317278285, 0.08086395012664903, 0.09716041104150921
flux1:, 0.6363942584886136, 0.08764779362115153, 0.09934005749933084
flux1:, 0.6364436852493988, 0.09585625995263802, 0.10197082107569562
flux1:, 0.6364931120101839, 0.10592075704880553, 0.10560747107180644
flux1:, 0.636542538770969, 0.11836393501260048, 0.11093913853720493
flux1:, 0.6365919655317541, 0.13379790209612258, 0.11878502117061632
flux1:, 0.6366413922925391, 0.1529178609844089, 0.130083962935593
flux1:, 0.6366908190533243, 0.17649085190047525, 0.1458776586095023
flux1:, 0.6367402458141094, 0.2053394769577024, 0.16728747601676822
flux1:, 0.6367896725748945, 0.24032068996760583, 0.19548515082110215
flux1:, 0.6368390993356796, 0.2822999597808684, 0.2316578807436903
flux1:, 0.6368885260964647, 0.3321213443073344, 0.2769686171977308
flux1:, 0.6369379528572499, 0.3905742369018195, 0.3325126112007553
flux1:, 0.6369873796180349, 0.45835775670234086, 0.39927150550205054
flux1:, 0.63703680637882, 0.5360439396655272, 0.47806646491808896
flux1:, 0.6370862331396051, 0.6240410378018368, 0.5695119914606093
flux1:, 0.6371356599003902, 0.7225583417748579, 0.6739721708643923
flux1:, 0.6371850866611753, 0.8315739992160893, 0.7915211351858703
flux1:, 0.6372345134219605, 0.9508073021910965, 0.9219094970075916
flux1:, 0.6372839401827456, 1.0796968587429543, 1.064538411743682
flux1:, 0.6373333669435306, 1.2173859440885562, 1.218442755499618
flux1:, 0.6373827937043157, 1.362716148255555, 1.382284669794716
flux1:, 0.6374322204651008, 1.5142302025505183, 1.5543584268096955
flux1:, 0.637481647225886, 1.6701845837635605, 1.7326072181949868
flux1:, 0.6375310739866711, 1.8285721712044272, 1.914652077820071
flux1:, 0.6375805007474562, 1.9871548784898463, 2.097832727349963
flux1:, 0.6376299275082413, 2.143505812115972, 2.279259698154561
flux1:, 0.6376793542690263, 2.295060136229766, 2.4558766499689693
flux1:, 0.6377287810298115, 2.4391734622836356, 2.624531392622417
flux1:, 0.6377782077905966, 2.5731862483346983, 2.782053738839482
flux1:, 0.6378276345513817, 2.6944923999605837, 2.925337989500638
flux1:, 0.6378770613121668, 2.80061002638934, 3.0514275924022063
flux1:, 0.6379264880729519, 2.8892521331656047, 3.157599334050194
flux1:, 0.6379759148337371, 2.958394935777952, 3.241444331158974
flux1:, 0.6380253415945221, 3.0063414639505126, 3.300943091174349
flux1:, 0.6380747683553072, 3.031778197299571, 3.334532012502026
flux1:, 0.6381241951160923, 3.033822630135911, 3.3411588947982356
flux1:, 0.6381736218768774, 3.012059903215805, 3.3203253233644796
flux1:, 0.6382230486376625, 2.9665669566590496, 3.272114171296263
flux1:, 0.6382724753984477, 2.897923041311746, 3.197200916970827
flux1:, 0.6383219021592328, 2.8072058627908953, 3.096847987847574
flux1:, 0.6383713289200178, 2.6959731081255405, 2.9728818968912107
flux1:, 0.6384207556808029, 2.5662296021311004, 2.8276535155705687
flux1:, 0.638470182441588, 2.4203808410320136, 2.663982406426923
flux1:, 0.6385196092023732, 2.261174135346028, 2.4850866970957686
flux1:, 0.6385690359631583, 2.09162904390409, 2.2945004952338977
flux1:, 0.6386184627239434, 1.914959178286291, 2.0959812999908443
flux1:, 0.6386678894847285, 1.734487785752069, 1.8934102423042274
flux1:, 0.6387173162455135, 1.5535597653201902, 1.69068826809493
flux1:, 0.6387667430062987, 1.3754529252056094, 1.4916315532404856
flux1:, 0.6388161697670838, 1.2032913432600494, 1.2998694990255069
flux1:, 0.6388655965278689, 1.0399636419230156, 1.118748597656054
flux1:, 0.638915023288654, 0.8880488362115969, 0.9512452801424858
flux1:, 0.6389644500494391, 0.7497521621685037, 0.7998905685984135
flux1:, 0.6390138768102243, 0.6268529526045795, 0.6667089614052075
flux1:, 0.6390633035710093, 0.5206662091697482, 0.5531734964471449
flux1:, 0.6391127303317944, 0.43201904023991083, 0.4601783820780447
flux1:, 0.6391621570925795, 0.36124261073022956, 0.38802997780060894
flux1:, 0.6392115838533646, 0.30817970262330247, 0.33645626928651107
flux1:, 0.6392610106141497, 0.27220743459931673, 0.30463433902797055
flux1:, 0.6393104373749349, 0.2522741567486513, 0.29123470865106127
flux1:, 0.63935986413572, 0.24694904242023033, 0.29448084528485396
flux1:, 0.639409290896505, 0.25448246272701863, 0.3122216043202241
flux1:, 0.6394587176572901, 0.27287486682072964, 0.3420139440445174
flux1:, 0.6395081444180752, 0.2999516164745922, 0.38121291039996696
flux1:, 0.6395575711788604, 0.33344104701235305, 0.42706566508341914
flux1:, 0.6396069979396455, 0.37105295446040115, 0.4768062255884405
flux1:, 0.6396564247004306, 0.4105547430627682, 0.5277476051280385
flux1:, 0.6397058514612157, 0.4498426057970898, 0.5773681823665028
flux1:, 0.6397552782220007, 0.4870053468775068, 0.6233893894201077
flux1:, 0.6398047049827859, 0.5203787791789917, 0.6638421710534602
flux1:, 0.639854131743571, 0.5485890273135177, 0.6971201236244404
flux1:, 0.6399035585043561, 0.5705835221487886, 0.7220177508883824
flux1:, 0.6399529852651412, 0.5856489660983898, 0.7377528542162359
flux1:, 0.6400024120259263, 0.5934160603825988, 0.7439726841736297
flux1:, 0.6400518387867115, 0.59385129499496, 0.7407440948310745
flux1:, 0.6401012655474965, 0.5872365889645011, 0.7285285376706403
flux1:, 0.6401506923082816, 0.5741380135391324, 0.7081432855443243
flux1:, 0.6402001190690667, 0.5553652169561354, 0.6807107676969406
flux1:, 0.6402495458298518, 0.531923482012773, 0.647598305992465
flux1:, 0.640298972590637, 0.5049605754682144, 0.6103508552230738
flux1:, 0.6403483993514221, 0.4757106838340163, 0.5706195557883913
flux1:, 0.6403978261122072, 0.44543776976421817, 0.5300889986213099
flux1:, 0.6404472528729922, 0.4153806274852219, 0.49040607813956205
flux1:, 0.6404966796337773, 0.3867017689735244, 0.45311317208226465
flux1:, 0.6405461063945624, 0.3604420430545907, 0.4195881446887748
flux1:, 0.6405955331553476, 0.337482588768262, 0.39099333333803454
flux1:, 0.6406449599161327, 0.31851536650229834, 0.3682352636713712
flux1:, 0.6406943866769178, 0.304023111921381, 0.35193636251957466
flux1:, 0.6407438134377029, 0.2942691363986963, 0.3424194220187526
flux1:, 0.6407932401984879, 0.289296971836471, 0.33970503379766404
flux1:, 0.640842666959273, 0.28893944557990997, 0.3435216811485309
flux1:, 0.6408920937200582, 0.2928363897239532, 0.3533276712392164
flux1:, 0.6409415204808433, 0.3004598538846478, 0.3683436288623016
flux1:, 0.6409909472416284, 0.3111454145096172, 0.3875938759174648
flux1:, 0.6410403740024135, 0.3241279671892058, 0.4099547018117428
flux1:, 0.6410898007631987, 0.3385802581006749, 0.43420730076013336
flux1:, 0.6411392275239837, 0.3536523600611338, 0.4590930201419178
flux1:, 0.6411886542847688, 0.36851032751001206, 0.4833685330076353
flux1:, 0.6412380810455539, 0.3823723694228606, 0.5058586166379452
flux1:, 0.641287507806339, 0.3945410527838616, 0.5255043826977478
flux1:, 0.6413369345671242, 0.4044302820546366, 0.541405054083537
flux1:, 0.6413863613279093, 0.4115860799630563, 0.5528517066833432
flux1:, 0.6414357880886943, 0.41570050803686937, 0.5593517757743518
flux1:, 0.6414852148494794, 0.4166183966603511, 0.5606435493201172
flux1:, 0.6415346416102645, 0.4143368886935654, 0.5567003152863343
flux1:, 0.6415840683710496, 0.4089981228210817, 0.5477242779927519
flux1:, 0.6416334951318348, 0.40087567872695656, 0.5341307904517738
flux1:, 0.6416829218926199, 0.3903556634592706, 0.5165238476906824
flux1:, 0.641732348653405, 0.3779135265897357, 0.4956641340972814
flux1:, 0.64178177541419, 0.36408784317280823, 0.4724312022391827
flux1:, 0.6418312021749751, 0.349452393050218, 0.44778157073827657
flux1:, 0.6418806289357603, 0.33458789070515976, 0.4227046574102051
flux1:, 0.6419300556965454, 0.3200546825877661, 0.39817850739412386
flux1:, 0.6419794824573305, 0.30636763242219955, 0.3751272345267406
flux1:, 0.6420289092181156, 0.29397426587903713, 0.3543819715144088
flux1:, 0.6420783359789007, 0.28323705279488903, 0.336646927672278
flux1:, 0.6421277627396857, 0.2744204782713086, 0.32247189231614065
flux1:, 0.6421771895004709, 0.2676833051366363, 0.31223220999126955
flux1:, 0.642226616261256, 0.26307617172790126, 0.306116905213253
flux1:, 0.6422760430220411, 0.2605444131286216, 0.3041252651315905
flux1:, 0.6423254697828262, 0.25993575275472314, 0.3060718148929951
flux1:, 0.6423748965436114, 0.2610122953287621, 0.31159925867809374
flux1:, 0.6424243233043965, 0.2634660711110642, 0.3201986247371966
flux1:, 0.6424737500651815, 0.2669372421234094, 0.3312355590534314
flux1:, 0.6425231768259666, 0.2710339891558964, 0.3439814712288394
flux1:, 0.6425726035867517, 0.275353056343499, 0.35764805698894414
flux1:, 0.6426220303475368, 0.27949993833900333, 0.3714236106174007
flux1:, 0.642671457108322, 0.28310775149840894, 0.38450950085579655
flux1:, 0.6427208838691071, 0.28585393071990284, 0.39615521537535014
flux1:, 0.6427703106298922, 0.28747403136485183, 0.4056904787906781
flux1:, 0.6428197373906772, 0.2877720831759305, 0.4125531114140987
flux1:, 0.6428691641514623, 0.28662713125488987, 0.4163115120519405
flux1:, 0.6429185909122475, 0.28399579822676385, 0.4166809075007284
flux1:, 0.6429680176730326, 0.27991090174132166, 0.41353280177974716
flux1:, 0.6430174444338177, 0.27447635275328985, 0.406897366246862
flux1:, 0.6430668711946028, 0.26785873361830587, 0.39695882385554215
flux1:, 0.6431162979553879, 0.26027610311263194, 0.38404418334446144
flux1:, 0.643165724716173, 0.25198469168792176, 0.3686059592738337
flux1:, 0.6432151514769581, 0.24326423000424252, 0.35119975997905756
flux1:, 0.6432645782377432, 0.2344026943563187, 0.3324578278928648
flux1:, 0.6433140049985283, 0.22568125332562222, 0.31305976762416127
flux1:, 0.6433634317593134, 0.2173601621084061, 0.29370179139055197
flux1:, 0.6434128585200986, 0.20966627760186066, 0.2750658462067116
flux1:, 0.6434622852808837, 0.2027827632144682, 0.2577899625510045
flux1:, 0.6435117120416687, 0.1968414236017024, 0.24244108257152874
flux1:, 0.6435611388024538, 0.1919179632371815, 0.22949149213406414
flux1:, 0.6436105655632389, 0.18803030666602777, 0.21929980215383885
flux1:, 0.643659992324024, 0.1851399604572948, 0.2120972094556409
flux1:, 0.6437094190848092, 0.18315624511961975, 0.20797952596361194
flux1:, 0.6437588458455943, 0.18194308687591648, 0.20690520829118847
flux1:, 0.6438082726063794, 0.18132794063970642, 0.2086993591166165
flux1:, 0.6438576993671644, 0.18111232205454475, 0.21306341828841796
flux1:, 0.6439071261279495, 0.18108336191548333, 0.21959002601140432
flux1:, 0.6439565528887347, 0.1810257630075465, 0.22778233226932318
flux1:, 0.6440059796495198, 0.18073353808045342, 0.23707685398404374
flux1:, 0.6440554064103049, 0.18002093743715564, 0.2468688506895917
flux1:, 0.64410483317109, 0.17873203304357332, 0.2565391051659683
flux1:, 0.6441542599318751, 0.17674850941482978, 0.2654809598834056
flux1:, 0.6442036866926601, 0.17399531492284667, 0.2731264734831928
flux1:, 0.6442531134534453, 0.17044394487212586, 0.27897062201614253
flux1:, 0.6443025402142304, 0.16611325343250388, 0.28259257348327105
flux1:, 0.6443519669750155, 0.16106781880782237, 0.28367320587427797
flux1:, 0.6444013937358006, 0.15541400847493597, 0.28200821143595184
flux1:, 0.6444508204965858, 0.14929400298770715, 0.2775163252935185
flux1:, 0.6445002472573709, 0.14287813244701472, 0.2702424260391392
flux1:, 0.6445496740181559, 0.13635595497993297, 0.2603554704142817
flux1:, 0.644599100778941, 0.12992655826610267, 0.2481414347271097
flux1:, 0.6446485275397261, 0.12378859137669974, 0.2339916335985856
flux1:, 0.6446979543005112, 0.11813053434224505, 0.21838696423522067
flux1:, 0.6447473810612964, 0.11312168764759387, 0.2018787749992488
flux1:, 0.6447968078220815, 0.10890431520933554, 0.18506717523412455
flux1:, 0.6448462345828666, 0.10558730537650411, 0.1685776852711336
flux1:, 0.6448956613436516, 0.10324162909019287, 0.15303716907376727
flux1:, 0.6449450881044367, 0.10189777722907463, 0.1390499965261693
flux1:, 0.6449945148652219, 0.10154525549245834, 0.1271753490029496
flux1:, 0.645043941626007, 0.10213411025935326, 0.11790651316857657
flux1:, 0.6450933683867921, 0.10357835795434042, 0.11165290789518173
flux1:, 0.6451427951475772, 0.10576109845586308, 0.10872546284704633
flux1:, 0.6451922219083623, 0.1085410143356267, 0.1093258206481207
flux1:, 0.6452416486691473, 0.11175989578314752, 0.11353967420690028
flux1:, 0.6452910754299325, 0.11525078858840812, 0.12133438362713707
flux1:, 0.6453405021907176, 0.11884634113688569, 0.13256085009005997
flux1:, 0.6453899289515027, 0.12238692654523069, 0.14695946379723332
flux1:, 0.6454393557122878, 0.12572813728005178, 0.16416979561228592
flux1:, 0.645488782473073, 0.1287472902867088, 0.18374357277258566
flux1:, 0.6455382092338581, 0.13134863831888513, 0.2051603723447563
flux1:, 0.6455876359946431, 0.13346705454280847, 0.2278453852550281
flux1:, 0.6456370627554282, 0.13507003874325377, 0.25118855085613906
flux1:, 0.6456864895162133, 0.13615798034595744, 0.27456433797976065
flux1:, 0.6457359162769984, 0.1367627015917108, 0.2973514529739732
flux1:, 0.6457853430377836, 0.13694438920012525, 0.3189517868974381
flux1:, 0.6458347697985687, 0.13678710066069816, 0.3388079703799193
flux1:, 0.6458841965593538, 0.13639309825490153, 0.35641898234168723
flux1:, 0.6459336233201388, 0.1358763170351043, 0.37135335376065165
flux1:, 0.6459830500809239, 0.13535531000615103, 0.3832596154727054
flux1:, 0.6460324768417091, 0.13494603325204702, 0.39187375478009767
flux1:, 0.6460819036024942, 0.13475483519070403, 0.39702356453612353
flux1:, 0.6461313303632793, 0.13487199787639867, 0.39862988561552193
flux1:, 0.6461807571240644, 0.1353661455030864, 0.39670485482239404
flux1:, 0.6462301838848494, 0.13627978795487575, 0.39134737135912373
flux1:, 0.6462796106456346, 0.13762620801785283, 0.38273608262784026
flux1:, 0.6463290374064197, 0.1393878328258079, 0.37112026172161405
flux1:, 0.6463784641672048, 0.14151615672284135, 0.3568090026305353
flux1:, 0.6464278909279899, 0.1439332076110052, 0.3401591939031796
flux1:, 0.646477317688775, 0.1465344756230668, 0.3215627470426005
flux1:, 0.6465267444495602, 0.14919315504576583, 0.30143355282432316
flux1:, 0.6465761712103453, 0.15176549089792635, 0.2801946182651976
flux1:, 0.6466255979711303, 0.15409697304538061, 0.2582658010110831
flux1:, 0.6466750247319154, 0.15602908521787012, 0.23605250882107964
flux1:, 0.6467244514927005, 0.1574062951278988, 0.2139356723554473
flux1:, 0.6467738782534856, 0.15808296570666172, 0.19226323259164094
flux1:, 0.6468233050142708, 0.15792987617617674, 0.17134331299745567
flux1:, 0.6468727317750559, 0.15684006448805474, 0.1514391741166658
flux1:, 0.6469221585358409, 0.1547337381479969, 0.13276597737628554
flux1:, 0.646971585296626, 0.15156204665355283, 0.11548931833331415
flux1:, 0.6470210120574111, 0.1473095632726605, 0.09972542952421466
flux1:, 0.6470704388181963, 0.14199538397235822, 0.0855429014142311
flux1:, 0.6471198655789814, 0.13567281406225415, 0.07296572805808431
flux1:, 0.6471692923397665, 0.12842767561475088, 0.06197745285874117
flux1:, 0.6472187191005516, 0.12037532813374334, 0.0525261696536979
flux1:, 0.6472681458613366, 0.11165654866492085, 0.04453012517337369
flux1:, 0.6473175726221218, 0.10243246332153193, 0.03788367019213672
flux1:, 0.6473669993829069, 0.09287875822342148, 0.032463317517776265
flux1:, 0.647416426143692, 0.08317942280020647, 0.028133684115061255
flux1:, 0.6474658529044771, 0.07352029153642545, 0.024753120671660456
flux1:, 0.6475152796652622, 0.06408265133407129, 0.02217886315396494
flux1:, 0.6475647064260474, 0.05503717109509975, 0.02027157565944988
flux1:, 0.6476141331868324, 0.04653838875516592, 0.018899190436059296
flux1:, 0.6476635599476175, 0.038719960155778596, 0.01793998766222037
flux1:, 0.6477129867084026, 0.031690835535503385, 0.017284892955146864
flux1:, 0.6477624134691877, 0.02553248504069587, 0.01683900327520217
flux1:, 0.6478118402299728, 0.02029724667918873, 0.016522380827119452
flux1:, 0.647861266990758, 0.016007820819062647, 0.01627017888552506
flux1:, 0.6479106937515431, 0.012657886888010192, 0.01603218262525638
flux1:, 0.6479601205123281, 0.01021377245308277, 0.015771861720921883
flux1:, 0.6480095472731132, 0.008617064225848804, 0.015465039661016599
flux1:, 0.6480589740338983, 0.007788016322801229, 0.01509828760601724
flux1:, 0.6481084007946835, 0.007629584538026754, 0.01466714862365538
flux1:, 0.6481578275554686, 0.008031897282814894, 0.014174291847332873
flux1:, 0.6482072543162537, 0.008876964628181511, 0.013627686246491163
flux1:, 0.6482566810770388, 0.010043426550451451, 0.013038871078948779
flux1:, 0.6483061078378238, 0.011411149629251797, 0.012421385566944578
flux1:, 0.648355534598609, 0.012865497324954005, 0.011789404753773183
flux1:, 0.6484049613593941, 0.014301121503525364, 0.011156612672235342
flux1:, 0.6484543881201792, 0.01562515077034825, 0.010535328634279986
flux1:, 0.6485038148809643, 0.016759682935834706, 0.009935888279413574
flux1:, 0.6485532416417494, 0.017643522981431268, 0.009366268525436827
flux1:, 0.6486026684025346, 0.018233142621018782, 0.008831935143945712
flux1:, 0.6486520951633196, 0.018502871402214138, 0.008335883594483166
flux1:, 0.6487015219241047, 0.018444360839515825, 0.007878838114078421
flux1:, 0.6487509486848898, 0.018065391050864195, 0.007459570869286958
flux1:, 0.6488003754456749, 0.017388112761337986, 0.007075302108998731
flux1:, 0.64884980220646, 0.016446835566979415, 0.006722143487724035
flux1:, 0.6488992289672452, 0.0152854855353958, 0.006395549758623529
flux1:, 0.6489486557280303, 0.013954861355660588, 0.006090748505634298
flux1:, 0.6489980824888153, 0.012509818423421049, 0.005803123103656259
flux1:, 0.6490475092496004, 0.011006504800446648, 0.00552853026190241
flux1:, 0.6490969360103855, 0.00949976249983306, 0.005263539926136124
flux1:, 0.6491463627711707, 0.008040792785379535, 0.005005591625308689
flux1:, 0.6491957895319558, 0.006675166053146925, 0.004753067226673868
flux1:, 0.6492452162927409, 0.005441236395653687, 0.004505285244915956
flux1:, 0.649294643053526, 0.004368999190251928, 0.004262426133138044
flux1:, 0.649344069814311, 0.0034794080532089848, 0.004025401231998558
flux1:, 0.6493934965750962, 0.0027841462552096454, 0.003795680201159629
flux1:, 0.6494429233358813, 0.002285828102328854, 0.0035750928023605354
flux1:, 0.6494923500966664, 0.0019785886174427105, 0.0033656209026539986
flux1:, 0.6495417768574515, 0.0018490057205053337, 0.0031691956264372836
flux1:, 0.6495912036182366, 0.0018772884352812537, 0.002987512852691579
flux1:, 0.6496406303790218, 0.0020386576934230513, 0.002821877904676489
flux1:, 0.6496900571398068, 0.002304843126623696, 0.0026730875051891663
flux1:, 0.6497394839005919, 0.002645619721156394, 0.0025413540685301633
flux1:, 0.649788910661377, 0.003030312083090275, 0.0024262743618473637
flux1:, 0.6498383374221621, 0.0034292009174947654, 0.0023268416693235077
flux1:, 0.6498877641829472, 0.0038147756422567147, 0.0022414979853621697
flux1:, 0.6499371909437324, 0.004162788240050699, 0.002168220570523096
flux1:, 0.6499866177045175, 0.004453075859769868, 0.0021046355159654536
flux1:, 0.6500360444653025, 0.00467013265653351, 0.0020481498329849124
flux1:, 0.6500854712260876, 0.00480342427314541, 0.0019960930326885333
flux1:, 0.6501348979868727, 0.004847450626999457, 0.0019458591726783992
flux1:, 0.6501843247476579, 0.004801573758569886, 0.00189504087867598
flux1:, 0.650233751508443, 0.0046696369942870195, 0.0018415478300938914
flux1:, 0.6502831782692281, 0.004459409255473535, 0.001783703541480764
flux1:, 0.6503326050300132, 0.0041818937960245404, 0.0017203158749876776
flux1:, 0.6503820317907982, 0.003850543877913609, 0.0016507184748464564
flux1:, 0.6504314585515834, 0.003480428910021555, 0.0015747821152275808
flux1:, 0.6504808853123685, 0.003087393497932322, 0.0014928966952680658
flux1:, 0.6505303120731536, 0.0026872488862116073, 0.0014059262078308808
flux1:, 0.6505797388339387, 0.002295031699170432, 0.0013151403744433758
flux1:, 0.6506291655947238, 0.0019243590349002082, 0.0012221277188580735
flux1:, 0.650678592355509, 0.0015869022105141223, 0.0011286956057830221
flux1:, 0.650728019116294, 0.0012919941774185834, 0.0010367631804005832
flux1:, 0.6507774458770791, 0.0010463782062586134, 0.0009482532086424244
flux1:, 0.6508268726378642, 0.0008540982395659708, 0.0008649885566140707
flux1:, 0.6508762993986493, 0.0007165246489526974, 0.0007885984950204548
flux1:, 0.6509257261594344, 0.0006325032847816298, 0.0007204392188297332
flux1:, 0.6509751529202196, 0.0005986108830978774, 0.0006615319913391835
flux1:, 0.6510245796810046, 0.0006094962460608169, 0.0006125212188074423
flux1:, 0.6510740064417897, 0.0006582842198005762, 0.0005736536025722022
flux1:, 0.6511234332025748, 0.0007370183736314022, 0.0005447783643887083
flux1:, 0.6511728599633599, 0.0008371183910734322, 0.0005253674572038028
flux1:, 0.6512222867241451, 0.0009498294156504437, 0.0005145537099022394
flux1:, 0.6512717134849302, 0.0010666428065909484, 0.0005111840532346011
flux1:, 0.6513211402457153, 0.0011796707693024933, 0.0005138843664193876
flux1:, 0.6513705670065004, 0.0012819609271979737, 0.000521132089111678
flux1:, 0.6514199937672854, 0.001367740876911691, 0.000531332568494649
flux1:, 0.6514694205280706, 0.0014325868989550474, 0.0005428951514552476
flux1:, 0.6515188472888557, 0.001473515071430349, 0.000554305271630238
flux1:, 0.6515682740496408, 0.0014889968648593628, 0.0005641891959070256
flux1:, 0.6516177008104259, 0.001478904718195421, 0.0005713686526761816
flux1:, 0.651667127571211, 0.001444395978390693, 0.0005749032275927129
flux1:, 0.651716554331996, 0.00138774583375286, 0.0005741191416488249
flux1:, 0.6517659810927812, 0.0013121414280026326, 0.0005686237801569759
flux1:, 0.6518154078535663, 0.0012214501884118033, 0.0005583060803491238
flux1:, 0.6518648346143514, 0.001119975554444758, 0.0005433235736300953
flux1:, 0.6519142613751365, 0.001012212801820238, 0.0005240774848974123
flux1:, 0.6519636881359216, 0.0009026165968776655, 0.0005011777907435391
flux1:, 0.6520131148967068, 0.0007953903847567362, 0.0004754005127737062
flux1:, 0.6520625416574918, 0.0006943058253699822, 0.0004476397612401957
flux1:, 0.6521119684182769, 0.0006025583617967732, 0.0004188571443859484
flux1:, 0.652161395179062, 0.000522662762602412, 0.00039003112472076924
flux1:, 0.6522108219398471, 0.0004563902362772656, 0.0003621087449212967
flux1:, 0.6522602487006323, 0.0004047465843214916, 0.0003359618794458027
flux1:, 0.6523096754614174, 0.0003679889314235084, 0.0003123498133055232
flux1:, 0.6523591022222025, 0.00034567692397082433, 0.00029188953000737494
flux1:, 0.6524085289829875, 0.00033675297776706616, 0.00027503463136827646
flux1:, 0.6524579557437726, 0.0003396452180401306, 0.00026206333778053454
flux1:, 0.6525073825045578, 0.0003523862037857117, 0.0002530755528220318
flux1:, 0.6525568092653429, 0.00037274035831438114, 0.00024799854284878093
flux1:, 0.652606236026128, 0.0003983332151577941, 0.0002466003994437011
flux1:, 0.6526556627869131, 0.00042677609357684963, 0.00024851013551444604
flux1:, 0.6527050895476982, 0.00045578058959649844, 0.00025324302541919355
flux1:, 0.6527545163084832, 0.00048325824646717623, 0.0002602296422059801
flux1:, 0.6528039430692684, 0.0005074018875372843, 0.0002688469727805287
flux1:, 0.6528533698300535, 0.0005267462881930834, 0.00027845000230474593
flux1:, 0.6529027965908386, 0.0005402070671328827, 0.000288402246060327
flux1:, 0.6529522233516237, 0.0005470978311106381, 0.00029810386095025735
flux1:, 0.6530016501124088, 0.0005471266595642721, 0.0003070161776320723
flux1:, 0.653051076873194, 0.000540373923259196, 0.0003146817440578126
flux1:, 0.653100503633979, 0.0005272541625833331, 0.0003207392470371056
flux1:, 0.6531499303947641, 0.0005084652857905845, 0.0003249329651973505
flux1:, 0.6531993571555492, 0.00048492867614002236, 0.000327116689847271
flux1:, 0.6532487839163343, 0.0004577239216161726, 0.00032725231637065595
flux1:, 0.6532982106771195, 0.0004280218130698534, 0.0003254035463427144
flux1:, 0.6533476374379046, 0.0003970190167147647, 0.00032172534021074063
flux1:, 0.6533970641986897, 0.0003658774415700884, 0.0003164499152716231
flux1:, 0.6534464909594747, 0.000335670823542691, 0.0003098701896196899
flux1:, 0.6534959177202598, 0.00030734046977819765, 0.00030232162823033915
flux1:, 0.653545344481045, 0.00028166148523331983, 0.0002941634533879661
flux1:, 0.6535947712418301, 0.00025922017247900444, 0.00028576014161349326
