flux1:, 0.5903187721369539, 0.03702927579436194, 0.03702927579436214
flux1:, 0.590354751563699, 0.04008380898881104, 0.04008380898881117
flux1:, 0.590390730990444, 0.043376515351079566, 0.04337651535107962
flux1:, 0.5904267104171891, 0.046924782824520894, 0.04692478282452107
flux1:, 0.590462689843934, 0.05074717161344109, 0.05074717161344103
flux1:, 0.5904986692706791, 0.054863485589479635, 0.05486348558947973
flux1:, 0.5905346486974241, 0.05929484747658098, 0.059294847476581196
flux1:, 0.5905706281241692, 0.06406377797287852, 0.06406377797287864
flux1:, 0.5906066075509142, 0.06919427897278842, 0.06919427897278856
flux1:, 0.5906425869776593, 0.07471192105537852, 0.07471192105537876
flux1:, 0.5906785664044043, 0.08064393540869508, 0.08064393540869509
flux1:, 0.5907145458311494, 0.08701931036437002, 0.08701931036437013
flux1:, 0.5907505252578943, 0.09386889271826997, 0.09386889271827
flux1:, 0.5907865046846393, 0.10122549401726548, 0.10122549401726544
flux1:, 0.5908224841113844, 0.10912400199406107, 0.10912400199406137
flux1:, 0.5908584635381294, 0.11760149733592296, 0.11760149733592325
flux1:, 0.5908944429648745, 0.12669737597261807, 0.12669737597261824
flux1:, 0.5909304223916195, 0.13645347707483146, 0.13645347707483158
flux1:, 0.5909664018183646, 0.14691421695179954, 0.1469142169517997
flux1:, 0.5910023812451095, 0.1581267290405188, 0.15812672904051914
flux1:, 0.5910383606718546, 0.17014101017899447, 0.17014101017899452
flux1:, 0.5910743400985996, 0.1830100733562935, 0.18301007335629335
flux1:, 0.5911103195253447, 0.19679010713166845, 0.19679010713166833
flux1:, 0.5911462989520897, 0.2115406419149451, 0.21154064191494573
flux1:, 0.5911822783788347, 0.22732472329878342, 0.22732472329878367
flux1:, 0.5912182578055798, 0.24420909263054968, 0.24420909263054955
flux1:, 0.5912542372323247, 0.2622643750121068, 0.2622643750121069
flux1:, 0.5912902166590698, 0.28156527490809774, 0.2815652749080976
flux1:, 0.5913261960858148, 0.3021907795436787, 0.3021907795436788
flux1:, 0.5913621755125599, 0.3242243702657074, 0.32422437026570744
flux1:, 0.5913981549393049, 0.3477542420358746, 0.34775424203587435
flux1:, 0.59143413436605, 0.3728735312195603, 0.3728735312195607
flux1:, 0.591470113792795, 0.3996805518256334, 0.399680551825634
flux1:, 0.5915060932195401, 0.42827904034352665, 0.42827904034352726
flux1:, 0.591542072646285, 0.4587784093181508, 0.4587784093181512
flux1:, 0.59157805207303, 0.49129400978989113, 0.4912940097898919
flux1:, 0.5916140314997751, 0.5259474027163183, 0.5259474027163183
flux1:, 0.5916500109265201, 0.5628666394797489, 0.5628666394797484
flux1:, 0.5916859903532652, 0.6021865515764907, 0.6021865515764911
flux1:, 0.5917219697800102, 0.6440490495581954, 0.6440490495581959
flux1:, 0.5917579492067553, 0.6886034312933683, 0.6886034312933692
flux1:, 0.5917939286335002, 0.7360066995807802, 0.7360066995807806
flux1:, 0.5918299080602453, 0.7864238891666685, 0.7864238891666695
flux1:, 0.5918658874869903, 0.8400284031304518, 0.8400284031304502
flux1:, 0.5919018669137354, 0.8970023586651894, 0.8970023586651897
flux1:, 0.5919378463404804, 0.9575369421876906, 0.9575369421876919
flux1:, 0.5919738257672255, 1.021832773727534, 1.0218327737275343
flux1:, 0.5920098051939705, 1.09010028050647, 1.0901002805064708
flux1:, 0.5920457846207154, 1.1625600795905215, 1.1625600795905215
flux1:, 0.5920817640474605, 1.2394433694765552, 1.2394433694765552
flux1:, 0.5921177434742055, 1.3209923304366291, 1.320992330436629
flux1:, 0.5921537229009506, 1.407460533418228, 1.4074605334182304
flux1:, 0.5921897023276956, 1.499113357263225, 1.499113357263224
flux1:, 0.5922256817544407, 1.596228413971034, 1.596228413971035
flux1:, 0.5922616611811857, 1.69909598169908, 1.6990959816990796
flux1:, 0.5922976406079308, 1.8080194451552651, 1.808019445155267
flux1:, 0.5923336200346757, 1.923315742995317, 1.9233157429953176
flux1:, 0.5923695994614208, 2.045315821798563, 2.04531582179856
flux1:, 0.5924055788881658, 2.1743650961548537, 2.1743650961548564
flux1:, 0.5924415583149109, 2.310823914346583, 2.310823914346585
flux1:, 0.5924775377416559, 2.45506802907282, 2.455068029072821
flux1:, 0.592513517168401, 2.6074890725997735, 2.6074890725997757
flux1:, 0.592549496595146, 2.7684950357069114, 2.768495035706914
flux1:, 0.5925854760218909, 2.9385107496893887, 2.9385107496893865
flux1:, 0.592621455448636, 3.1179783707034607, 3.1179783707034665
flux1:, 0.592657434875381, 3.3073578656213165, 3.307357865621318
flux1:, 0.5926934143021261, 3.5071274985407763, 3.507127498540779
flux1:, 0.5927293937288711, 3.717784317065283, 3.717784317065283
flux1:, 0.5927653731556162, 3.9398446373304354, 3.9398446373304385
flux1:, 0.5928013525823612, 4.173844526816201, 4.1738445268162065
flux1:, 0.5928373320091062, 4.420340283820991, 4.420340283820994
flux1:, 0.5928733114358512, 4.67990891247636, 4.679908912476364
flux1:, 0.5929092908625962, 4.953148592120468, 4.95314859212047
flux1:, 0.5929452702893413, 5.240679139742499, 5.240679139742501
flux1:, 0.5929812497160863, 5.543142464231662, 5.543142464231662
flux1:, 0.5930172291428314, 5.861203011030974, 5.861203011030974
flux1:, 0.5930532085695764, 6.195548195780565, 6.195548195780571
flux1:, 0.5930891879963215, 6.5468888254722675, 6.546888825472268
flux1:, 0.5931251674230664, 6.915959505564776, 6.9159595055647705
flux1:, 0.5931611468498115, 7.303519031476066, 7.303519031476069
flux1:, 0.5931971262765565, 7.710350762787003, 7.710350762787002
flux1:, 0.5932331057033016, 8.13726297845725, 8.137262978457247
flux1:, 0.5932690851300466, 8.58508921131413, 8.585089211314122
flux1:, 0.5933050645567917, 9.054688559966143, 9.054688559966156
flux1:, 0.5933410439835367, 9.546945976316735, 9.546945976316739
flux1:, 0.5933770234102816, 10.062772526764844, 10.062772526764844
flux1:, 0.5934130028370267, 10.603105625133143, 10.603105625133134
flux1:, 0.5934489822637717, 11.168909235351702, 11.168909235351713
flux1:, 0.5934849616905168, 11.76117404183874, 11.761174041838734
flux1:, 0.5935209411172618, 12.380917585539198, 12.380917585539196
flux1:, 0.5935569205440069, 13.0291843635169, 13.029184363516896
flux1:, 0.5935928999707519, 13.707045889957508, 13.707045889957497
flux1:, 0.5936288793974969, 14.415600716439139, 14.415600716439151
flux1:, 0.5936648588242419, 15.155974409326745, 15.155974409326738
flux1:, 0.593700838250987, 15.929319482027923, 15.929319482027928
flux1:, 0.593736817677732, 16.73681528000668, 16.736815280006685
flux1:, 0.5937727971044771, 17.579667816276263, 17.579667816276274
flux1:, 0.5938087765312221, 18.459109555193052, 18.459109555193045
flux1:, 0.5938447559579672, 19.376399142362644, 19.376399142362672
flux1:, 0.5938807353847122, 20.332821078453687, 20.332821078453705
flux1:, 0.5939167148114571, 21.329685334733977, 21.32968533473398
flux1:, 0.5939526942382022, 22.368326908253394, 22.368326908253394
flux1:, 0.5939886736649472, 23.450105314430445, 23.450105314430456
flux1:, 0.5940246530916923, 24.57640401511327, 24.576404015113273
flux1:, 0.5940606325184373, 25.748629779973076, 25.748629779973065
flux1:, 0.5940966119451824, 26.968211979284035, 26.968211979284042
flux1:, 0.5941325913719274, 28.236601806205748, 28.23660180620578
flux1:, 0.5941685707986724, 29.555271426652055, 29.555271426652055
flux1:, 0.5942045502254174, 30.92571305503951, 30.925713055039505
flux1:, 0.5942405296521625, 32.34943795416452, 32.34943795416451
flux1:, 0.5942765090789075, 33.827975357650885, 33.827975357650885
flux1:, 0.5943124885056525, 35.36287131348462, 35.36287131348465
flux1:, 0.5943484679323976, 36.95568744720542, 36.95568744720539
flux1:, 0.5943844473591426, 38.60799964352296, 38.607999643522945
flux1:, 0.5944204267858876, 40.32139664519709, 40.32139664519708
flux1:, 0.5944564062126326, 42.09747856825194, 42.09747856825188
flux1:, 0.5944923856393777, 43.937855332501286, 43.937855332501265
flux1:, 0.5945283650661227, 45.84414500689809, 45.84414500689808
flux1:, 0.5945643444928678, 47.81797206899898, 47.81797206899896
flux1:, 0.5946003239196128, 49.86096557823173, 49.860965578231735
flux1:, 0.5946363033463579, 51.97475726280961, 51.97475726280961
flux1:, 0.5946722827731029, 54.16097952023174, 54.16097952023173
flux1:, 0.5947082621998478, 56.421263331563004, 56.421263331563004
flux1:, 0.5947442416265929, 58.757236090011844, 58.75723609001184
flux1:, 0.5947802210533379, 61.17051934415389, 61.17051934415387
flux1:, 0.594816200480083, 63.66272645694584, 63.66272645694585
flux1:, 0.594852179906828, 66.23546018134316, 66.23546018134314
flux1:, 0.5948881593335731, 68.89031015387808, 68.89031015387809
flux1:, 0.5949241387603181, 71.6288503077901, 71.62885030779013
flux1:, 0.5949601181870631, 74.45263620735115, 74.45263620735118
flux1:, 0.5949960976138081, 77.36320230550305, 77.36320230550298
flux1:, 0.5950320770405532, 80.36205912703271, 80.3620591270327
flux1:, 0.5950680564672982, 83.45069037977987, 83.45069037977991
flux1:, 0.5951040358940433, 86.63054999678651, 86.63054999678651
flux1:, 0.5951400153207883, 89.90305911231412, 89.90305911231407
flux1:, 0.5951759947475334, 93.26960297506626, 93.26960297506623
flux1:, 0.5952119741742783, 96.7315278023708, 96.73152780237082
flux1:, 0.5952479536010233, 100.29013757894948, 100.2901375789495
flux1:, 0.5952839330277684, 103.94669080454598, 103.94669080454597
flux1:, 0.5953199124545134, 107.70239719483813, 107.70239719483807
flux1:, 0.5953558918812585, 111.55841434019707, 111.55841434019707
flux1:, 0.5953918713080035, 115.51584432735986, 115.51584432735986
flux1:, 0.5954278507347486, 119.57573032911904, 119.57573032911905
flux1:, 0.5954638301614936, 123.73905316750051, 123.73905316750054
flux1:, 0.5954998095882386, 128.0067278562383, 128.00672785623843
flux1:, 0.5955357890149836, 132.3796001284281, 132.37960012842808
flux1:, 0.5955717684417287, 136.85844295549984, 136.8584429555
flux1:, 0.5956077478684737, 141.4439530641697, 141.44395306416968
flux1:, 0.5956437272952188, 146.13674745778897, 146.13674745778886
flux1:, 0.5956797067219638, 150.9373599491959, 150.93735994919587
flux1:, 0.5957156861487088, 155.8462377119915, 155.8462377119916
flux1:, 0.5957516655754538, 160.86373785754776, 160.86373785754776
flux1:, 0.5957876450021988, 165.99012404548202, 165.99012404548208
flux1:, 0.5958236244289439, 171.22556313464906, 171.22556313464904
flux1:, 0.5958596038556889, 176.57012188317, 176.57012188317003
flux1:, 0.595895583282434, 182.02376370486598, 182.02376370486613
flux1:, 0.595931562709179, 187.5863454903655, 187.5863454903656
flux1:, 0.5959675421359241, 193.25761450115155, 193.2576145011517
flux1:, 0.596003521562669, 199.03720534454854, 199.03720534454865
flux1:, 0.596039500989414, 204.92463703824464, 204.92463703824464
flux1:, 0.5960754804161591, 210.91931017244704, 210.91931017244696
flux1:, 0.5961114598429041, 217.02050417835767, 217.0205041783577
flux1:, 0.5961474392696492, 223.2273747111178, 223.22737471111787
flux1:, 0.5961834186963942, 229.5389511559131, 229.53895115591317
flux1:, 0.5962193981231393, 235.9541342652956, 235.9541342652956
flux1:, 0.5962553775498843, 242.47169393627527, 242.4716939362755
flux1:, 0.5962913569766293, 249.090267135362, 249.09026713536204
flux1:, 0.5963273364033743, 255.80835597968752, 255.8083559796877
flux1:, 0.5963633158301194, 262.6243259820991, 262.6243259820991
flux1:, 0.5963992952568644, 269.53640446835203, 269.5364044683519
flux1:, 0.5964352746836095, 276.54267917380344, 276.5426791738033
flux1:, 0.5964712541103545, 283.6410970273728, 283.6410970273727
flux1:, 0.5965072335370996, 290.8294631297936, 290.8294631297938
flux1:, 0.5965432129638445, 298.10543993322835, 298.1054399332286
flux1:, 0.5965791923905895, 305.46654662936487, 305.4665466293647
flux1:, 0.5966151718173346, 312.91015875159087, 312.910158751591
flux1:, 0.5966511512440796, 320.4335079984728, 320.43350799847286
flux1:, 0.5966871306708247, 328.03368228344493, 328.033682283445
flux1:, 0.5967231100975697, 335.70762601652547, 335.7076260165256
flux1:, 0.5967590895243148, 343.452140623118, 343.45214062311817
flux1:, 0.5967950689510597, 351.26388530433604, 351.2638853043361
flux1:, 0.5968310483778048, 359.1393780432046, 359.13937804320454
flux1:, 0.5968670278045498, 367.07499686028564, 367.0749968602855
flux1:, 0.5969030072312949, 375.0669813221583, 375.06698132215854
flux1:, 0.5969389866580399, 383.1114343055271, 383.11143430552715
flux1:, 0.596974966084785, 391.20432401900945, 391.2043240190093
flux1:, 0.59701094551153, 399.3414862844279, 399.34148628442796
flux1:, 0.597046924938275, 407.51862707896254, 407.5186270789627
flux1:, 0.59708290436502, 415.7313253384273, 415.73132533842715
flux1:, 0.597118883791765, 423.9750360220366, 423.9750360220366
flux1:, 0.5971548632185101, 432.2450934378827, 432.2450934378827
flux1:, 0.5971908426452551, 440.5367148280852, 440.5367148280852
flux1:, 0.5972268220720002, 448.8450042119947, 448.84500421199476
flux1:, 0.5972628014987452, 457.164956484838, 457.1649564848381
flux1:, 0.5972987809254903, 465.4914617689088, 465.4914617689088
flux1:, 0.5973347603522352, 473.8193100139557, 473.81931001395554
flux1:, 0.5973707397789803, 482.1431958421991, 482.14319584219913
flux1:, 0.5974067192057253, 490.4577236332131, 490.4577236332131
flux1:, 0.5974426986324703, 498.7574128434279, 498.75741284342763
flux1:, 0.5974786780592154, 507.03670355381496, 507.0367035538147
flux1:, 0.5975146574859604, 515.2899622394048, 515.2899622394048
flux1:, 0.5975506369127055, 523.5114877529594, 523.51148775296
flux1:, 0.5975866163394504, 531.6955175150308, 531.6955175150309
flux1:, 0.5976225957661955, 539.8362339021905, 539.8362339021905
flux1:, 0.5976585751929405, 547.9277708235226, 547.9277708235226
flux1:, 0.5976945546196856, 555.9642204767266, 555.9642204767268
flux1:, 0.5977305340464306, 563.9396402728714, 563.9396402728713
flux1:, 0.5977665134731757, 571.8480599193808, 571.8480599193808
flux1:, 0.5978024928999207, 579.6834886498508, 579.6834886498509
flux1:, 0.5978384723266658, 587.4399225891676, 587.4399225891673
flux1:, 0.5978744517534107, 595.1113522414373, 595.1113522414372
flux1:, 0.5979104311801557, 602.691770088282, 602.6917700882818
flux1:, 0.5979464106069008, 610.1751782842482, 610.1751782842482
flux1:, 0.5979823900336458, 617.5555964359997, 617.5555964360001
flux1:, 0.5980183694603909, 624.8270694514842, 624.8270694514844
flux1:, 0.5980543488871359, 631.9836754447949, 631.9836754447947
flux1:, 0.598090328313881, 639.0195336822379, 639.0195336822376
flux1:, 0.5981263077406259, 645.9288125551864, 645.9288125551865
flux1:, 0.598162287167371, 652.7057375644292, 652.7057375644293
flux1:, 0.598198266594116, 659.3445993009965, 659.3445993009966
flux1:, 0.5982342460208611, 665.8397614082692, 665.8397614082697
flux1:, 0.5982702254476061, 672.1856685097655, 672.1856685097653
flux1:, 0.5983062048743512, 678.3768540872939, 678.3768540872936
flux1:, 0.5983421843010962, 684.4079482937534, 684.4079482937532
flux1:, 0.5983781637278411, 690.2736856850678, 690.2736856850684
flux1:, 0.5984141431545862, 695.9689128559917, 695.9689128559916
flux1:, 0.5984501225813312, 701.4885959637368, 701.4885959637372
flux1:, 0.5984861020080763, 706.8278281248865, 706.8278281248868
flux1:, 0.5985220814348213, 711.9818366697695, 711.9818366697695
flux1:, 0.5985580608615664, 716.945990239626, 716.9459902396252
flux1:, 0.5985940402883114, 721.7158057118153, 721.7158057118154
flux1:, 0.5986300197150565, 726.2869549384747, 726.2869549384744
flux1:, 0.5986659991418014, 730.6552712845128, 730.655271284513
flux1:, 0.5987019785685465, 734.8167559513255, 734.8167559513256
flux1:, 0.5987379579952915, 738.7675840723377, 738.767584072338
flux1:, 0.5987739374220366, 742.5041105679984, 742.5041105679977
flux1:, 0.5988099168487816, 746.0228757471544, 746.022875747155
flux1:, 0.5988458962755266, 749.3206106430692, 749.3206106430694
flux1:, 0.5988818757022717, 752.3942420724803, 752.3942420724804
flux1:, 0.5989178551290166, 755.2408974067264, 755.2408974067264
flux1:, 0.5989538345557617, 757.8579090446113, 757.8579090446112
flux1:, 0.5989898139825067, 760.2428185772395, 760.2428185772394
flux1:, 0.5990257934092518, 762.3933806357179, 762.393380635718
flux1:, 0.5990617728359968, 764.3075664133672, 764.3075664133672
flux1:, 0.5990977522627419, 765.9835668546058, 765.9835668546064
flux1:, 0.5991337316894869, 767.4197955035347, 767.4197955035344
flux1:, 0.5991697111162319, 768.6148910060226, 768.6148910060231
flux1:, 0.5992056905429769, 769.5677192596299, 769.5677192596305
flux1:, 0.599241669969722, 770.2773752067327, 770.277375206733
flux1:, 0.599277649396467, 770.7431842668295, 770.7431842668291
flux1:, 0.599313628823212, 770.9647034048786, 770.9647034048784
flux1:, 0.5993496082499571, 770.9417218332896, 770.9417218332898
flux1:, 0.5993855876767021, 770.6742613460021, 770.6742613460021
flux1:, 0.5994215671034472, 770.162576283946, 770.1625762839467
flux1:, 0.5994575465301921, 769.4071531319227, 769.4071531319227
flux1:, 0.5994935259569372, 768.4087097478246, 768.408709747824
flux1:, 0.5995295053836822, 767.1681942258805, 767.1681942258806
flux1:, 0.5995654848104273, 765.6867833965092, 765.6867833965085
flux1:, 0.5996014642371723, 763.9658809659815, 763.9658809659811
flux1:, 0.5996374436639174, 762.0071153001642, 762.0071153001644
flux1:, 0.5996734230906624, 759.8123368570876, 759.8123368570875
flux1:, 0.5997094025174073, 757.3836152741258, 757.383615274126
flux1:, 0.5997453819441524, 754.7232361161094, 754.7232361161092
flux1:, 0.5997813613708974, 751.8336972916109, 751.8336972916095
flux1:, 0.5998173407976425, 748.7177051452209, 748.7177051452207
flux1:, 0.5998533202243875, 745.3781702343061, 745.3781702343057
flux1:, 0.5998892996511326, 741.8182027995946, 741.8182027995947
flux1:, 0.5999252790778776, 738.0411079394091, 738.0411079394089
flux1:, 0.5999612585046226, 734.0503804979352, 734.0503804979348
flux1:, 0.5999972379313676, 729.8496996786763, 729.8496996786761
flux1:, 0.6000332173581127, 725.4429233947671, 725.442923394767
flux1:, 0.6000691967848577, 720.8340823680991, 720.834082368099
flux1:, 0.6001051762116028, 716.0273739900781, 716.0273739900781
flux1:, 0.6001411556383478, 711.0271559568985, 711.0271559568988
flux1:, 0.6001771350650928, 705.8379396930168, 705.8379396930168
flux1:, 0.6002131144918379, 700.4643835766266, 700.4643835766268
flux1:, 0.6002490939185828, 694.9112859812443, 694.9112859812439
flux1:, 0.6002850733453279, 689.183578148093, 689.1835781480929
flux1:, 0.6003210527720729, 683.2863169040278, 683.2863169040278
flux1:, 0.600357032198818, 677.224677239972, 677.2246772399719
flux1:, 0.600393011625563, 671.0039447651202, 671.00394476512
flux1:, 0.6004289910523081, 664.6295080521614, 664.6295080521612
flux1:, 0.6004649704790531, 658.1068508891476, 658.1068508891478
flux1:, 0.600500949905798, 651.4415444534734, 651.4415444534734
flux1:, 0.6005369293325431, 644.6392394232258, 644.639239423226
flux1:, 0.6005729087592881, 637.7056580421743, 637.705658042174
flux1:, 0.6006088881860332, 630.6465861529496, 630.6465861529496
flux1:, 0.6006448676127782, 623.4678652145577, 623.4678652145583
flux1:, 0.6006808470395233, 616.1753843192155, 616.1753843192156
flux1:, 0.6007168264662683, 608.7750722234773, 608.7750722234778
flux1:, 0.6007528058930133, 601.2728894089021, 601.2728894089016
flux1:, 0.6007887853197583, 593.6748201865705, 593.6748201865705
flux1:, 0.6008247647465034, 585.9868648601678, 585.9868648601678
flux1:, 0.6008607441732484, 578.215031961546, 578.2150319615457
flux1:, 0.6008967235999935, 570.365330572416, 570.365330572416
flux1:, 0.6009327030267385, 562.4437627459359, 562.443762745936
flux1:, 0.6009686824534836, 554.4563160408455, 554.4563160408453
flux1:, 0.6010046618802286, 546.4089561808295, 546.4089561808291
flux1:, 0.6010406413069735, 538.3076198513423, 538.3076198513426
flux1:, 0.6010766207337186, 530.1582076453562, 530.1582076453562
flux1:, 0.6011126001604636, 521.9665771694534, 521.9665771694541
flux1:, 0.6011485795872087, 513.7385363206695, 513.7385363206696
flux1:, 0.6011845590139537, 505.47983674420465, 505.4798367442045
flux1:, 0.6012205384406988, 497.1961674818131, 497.19616748181323
flux1:, 0.6012565178674438, 488.8931488195364, 488.89314881953646
flux1:, 0.6012924972941888, 480.5763263435259, 480.57632634352564
flux1:, 0.6013284767209338, 472.2511652112416, 472.25116521124164
flux1:, 0.6013644561476789, 463.92304464598845, 463.92304464598845
flux1:, 0.6014004355744239, 455.5972526606714, 455.5972526606713
flux1:, 0.601436415001169, 447.2789810171435, 447.2789810171437
flux1:, 0.601472394427914, 438.97332042646593, 438.97332042646576
flux1:, 0.601508373854659, 430.6852559946327, 430.6852559946324
flux1:, 0.601544353281404, 422.4196629181044, 422.41966291810434
flux1:, 0.601580332708149, 414.1813024324087, 414.18130243240864
flux1:, 0.6016163121348941, 405.9748180169052, 405.97481801690515
flux1:, 0.6016522915616391, 397.80473185777174, 397.8047318577718
flux1:, 0.6016882709883842, 389.67544157079345, 389.6754415707931
flux1:, 0.6017242504151292, 381.5912171852565, 381.5912171852566
flux1:, 0.6017602298418743, 373.55619838918585, 373.55619838918585
flux1:, 0.6017962092686193, 365.57439203567935, 365.5743920356796
flux1:, 0.6018321886953643, 357.649669909932, 357.6496699099323
flux1:, 0.6018681681221093, 349.7857667553229, 349.78576675532304
flux1:, 0.6019041475488544, 341.98627855708685, 341.9862785570866
flux1:, 0.6019401269755994, 334.2546610809617, 334.2546610809616
flux1:, 0.6019761064023444, 326.59422866399166, 326.5942286639915
flux1:, 0.6020120858290895, 319.0081532543315, 319.0081532543314
flux1:, 0.6020480652558345, 311.49946369608926, 311.49946369608915
flux1:, 0.6020840446825795, 304.07104525484425, 304.07104525484425
flux1:, 0.6021200241093245, 296.72563937937264, 296.72563937937264
flux1:, 0.6021560035360696, 289.4658436943822, 289.4658436943823
flux1:, 0.6021919829628146, 282.29411221864297, 282.2941122186428
flux1:, 0.6022279623895597, 275.2127558028891, 275.212755802889
flux1:, 0.6022639418163047, 268.2239427810294, 268.22394278102945
flux1:, 0.6022999212430498, 261.32969982842343, 261.32969982842354
flux1:, 0.6023359006697947, 254.53191302032766, 254.53191302032786
flux1:, 0.6023718800965397, 247.83232908314824, 247.83232908314812
flux1:, 0.6024078595232848, 241.2325568319325, 241.23255683193244
flux1:, 0.6024438389500298, 234.734068785599, 234.73406878559882
flux1:, 0.6024798183767749, 228.3382029530219, 228.33820295302192
flux1:, 0.6025157978035199, 222.04616478160958, 222.04616478160926
flux1:, 0.602551777230265, 215.85902926040862, 215.8590292604085
flux1:, 0.60258775665701, 209.7777431697414, 209.77774316974137
flux1:, 0.602623736083755, 203.80312746905258, 203.80312746905267
flux1:, 0.6026597155105, 197.9358798142595, 197.93587981425947
flux1:, 0.6026956949372451, 192.17657719713128, 192.17657719713125
flux1:, 0.6027316743639901, 186.52567869717114, 186.52567869717112
flux1:, 0.6027676537907352, 180.9835283384276, 180.98352833842756
flux1:, 0.6028036332174802, 175.55035804252364, 175.55035804252353
flux1:, 0.6028396126442253, 170.22629066937975, 170.22629066937975
flux1:, 0.6028755920709702, 165.01134313771342, 165.01134313771354
flux1:, 0.6029115714977152, 159.90542961667242, 159.9054296166724
flux1:, 0.6029475509244603, 154.90836478077864, 154.90836478077873
flux1:, 0.6029835303512053, 150.0198671199168, 150.01986711991682
flux1:, 0.6030195097779504, 145.23956229660263, 145.2395622966026
flux1:, 0.6030554892046954, 140.56698654267234, 140.56698654267245
flux1:, 0.6030914686314405, 136.0015900878661, 136.00159008786608
flux1:, 0.6031274480581854, 131.54274061287174, 131.5427406128716
flux1:, 0.6031634274849305, 127.18972671937011, 127.18972671937004
flux1:, 0.6031994069116755, 122.94176141045445, 122.94176141045448
flux1:, 0.6032353863384206, 118.7979855740867, 118.79798557408665
flux1:, 0.6032713657651656, 114.75747146331507, 114.75747146331506
flux1:, 0.6033073451919106, 110.81922616672138, 110.81922616672142
flux1:, 0.6033433246186557, 106.98219506290319, 106.98219506290332
flux1:, 0.6033793040454007, 103.24526525312794, 103.24526525312798
flux1:, 0.6034152834721457, 99.6072689665411, 99.60726896654104
flux1:, 0.6034512628988907, 96.06698693226205, 96.06698693226208
flux1:, 0.6034872423256358, 92.62315171366193, 92.62315171366195
flux1:, 0.6035232217523808, 89.27445099941774, 89.27445099941775
flux1:, 0.6035592011791259, 86.01953084706902, 86.01953084706902
flux1:, 0.6035951806058709, 82.85699887466284, 82.8569988746628
flux1:, 0.603631160032616, 79.78542739624811, 79.78542739624814
flux1:, 0.6036671394593609, 76.80335649759984, 76.80335649759985
flux1:, 0.603703118886106, 73.90929704848024, 73.90929704848017
flux1:, 0.603739098312851, 71.10173364828485, 71.10173364828488
flux1:, 0.603775077739596, 68.37912750195704, 68.37912750195704
flux1:, 0.6038110571663411, 65.73991922346062, 65.73991922346056
flux1:, 0.6038470365930861, 63.18253156437894, 63.18253156437889
flux1:, 0.6038830160198312, 60.7053720653741, 60.705372065374135
flux1:, 0.6039189954465761, 58.30683562850335, 58.30683562850334
flux1:, 0.6039549748733212, 55.98530700873069, 55.98530700873064
flux1:, 0.6039909543000662, 53.739163223154364, 53.739163223154335
flux1:, 0.6040269337268113, 51.56677587664383, 51.56677587664383
flux1:, 0.6040629131535563, 49.46651340295585, 49.466513402955854
flux1:, 0.6040988925803014, 47.4367432204657, 47.43674322046573
flux1:, 0.6041348720070464, 45.47583380202688, 45.475833802026855
flux1:, 0.6041708514337915, 43.58215665855434, 43.582156658554304
flux1:, 0.6042068308605364, 41.754088236150565, 41.75408823615061
flux1:, 0.6042428102872814, 39.99001172687481, 39.990011726874776
flux1:, 0.6042787897140265, 38.28831879335288, 38.288318793352886
flux1:, 0.6043147691407715, 36.64741120760847, 36.64741120760844
flux1:, 0.6043507485675166, 35.06570240472583, 35.06570240472585
flux1:, 0.6043867279942616, 33.54161895203234, 33.541618952032294
flux1:, 0.6044227074210067, 32.07360193474319, 32.07360193474321
flux1:, 0.6044586868477516, 30.660108259059456, 30.660108259059456
flux1:, 0.6044946662744967, 29.299611873850353, 29.299611873850324
flux1:, 0.6045306457012417, 27.990604912329072, 27.99060491232907
flux1:, 0.6045666251279868, 26.731598754968253, 26.73159875496823
flux1:, 0.6046026045547318, 25.521125015290455, 25.521125015290448
flux1:, 0.6046385839814769, 24.357736450113922, 24.35773645011393
flux1:, 0.6046745634082219, 23.240007795929657, 23.24000779592964
flux1:, 0.6047105428349668, 22.166536533251264, 22.166536533251247
flux1:, 0.6047465222617119, 21.13594358075169, 21.135943580751665
flux1:, 0.6047825016884569, 20.14687392117072, 20.14687392117071
flux1:, 0.604818481115202, 19.19799716094116, 19.197997160941167
flux1:, 0.604854460541947, 18.288008025581057, 18.28800802558106
flux1:, 0.6048904399686921, 17.41562679296778, 17.41562679296778
flux1:, 0.6049264193954371, 16.579599666582432, 16.579599666582418
flux1:, 0.6049623988221822, 15.778699090905734, 15.778699090905741
flux1:, 0.6049983782489271, 15.011724011101657, 15.011724011101673
flux1:, 0.6050343576756722, 14.277500079223952, 14.277500079223952
flux1:, 0.6050703371024172, 13.574879809128342, 13.57487980912833
flux1:, 0.6051063165291622, 12.902742682281502, 12.902742682281508
flux1:, 0.6051422959559073, 12.259995206703714, 12.259995206703707
flux1:, 0.6051782753826523, 11.645570931210433, 11.645570931210436
flux1:, 0.6052142548093974, 11.058430417163317, 11.058430417163322
flux1:, 0.6052502342361423, 10.49756116989756, 10.49756116989757
flux1:, 0.6052862136628874, 9.961977531947772, 9.96197753194776
flux1:, 0.6053221930896324, 9.450720540239672, 9.45072054023967
flux1:, 0.6053581725163775, 8.962857749301522, 8.962857749301522
flux1:, 0.6053941519431225, 8.497483022577974, 8.49748302257797
flux1:, 0.6054301313698676, 8.053716293861195, 8.053716293861191
flux1:, 0.6054661107966126, 7.630703300827193, 7.630703300827186
flux1:, 0.6055020902233575, 7.227615292617354, 7.227615292617355
flux1:, 0.6055380696501026, 6.843648713364262, 6.843648713364257
flux1:, 0.6055740490768476, 6.478024863510882, 6.4780248635108775
flux1:, 0.6056100285035927, 6.129989540721139, 6.129989540721132
flux1:, 0.6056460079303377, 5.798812662131998, 5.798812662131992
flux1:, 0.6056819873570828, 5.48378786963615, 5.483787869636145
flux1:, 0.6057179667838278, 5.184232119858265, 5.1842321198582635
flux1:, 0.6057539462105729, 4.8994852603807955, 4.899485260380794
flux1:, 0.6057899256373178, 4.628909593772729, 4.628909593772732
flux1:, 0.6058259050640629, 4.371889430881076, 4.3718894308810805
flux1:, 0.6058618844908079, 4.127830634810706, 4.1278306348107074
flux1:, 0.605897863917553, 3.896160156940617, 3.8961601569406183
flux1:, 0.605933843344298, 3.6763255662775216, 3.6763255662775167
flux1:, 0.605969822771043, 3.4677945733962323, 3.4677945733962288
flux1:, 0.6060058021977881, 3.2700545501413534, 3.2700545501413534
flux1:, 0.606041781624533, 3.0826120462201447, 3.0826120462201483
flux1:, 0.6060777610512781, 2.9049923037545673, 2.904992303754564
flux1:, 0.6061137404780231, 2.73673877080926, 2.736738770809259
flux1:, 0.6061497199047682, 2.5774126148459873, 2.5774126148459864
flux1:, 0.6061856993315132, 2.426592237013231, 2.4265922370132333
flux1:, 0.6062216787582583, 2.2838727881104344, 2.283872788110433
flux1:, 0.6062576581850033, 2.148865687035199, 2.148865687035198
flux1:, 0.6062936376117483, 2.0211981424473553, 2.0211981424473517
flux1:, 0.6063296170384933, 1.9005126783379418, 1.9005126783379416
flux1:, 0.6063655964652384, 1.7864666641705038, 1.7864666641705043
flux1:, 0.6064015758919834, 1.6787318501590338, 1.6787318501590345
flux1:, 0.6064375553187284, 1.5769939082569207, 1.5769939082569226
flux1:, 0.6064735347454735, 1.4809519793489108, 1.4809519793489123
flux1:, 0.6065095141722185, 1.3903182271089451, 1.3903182271089445
flux1:, 0.6065454935989636, 1.3048173989445275, 1.3048173989445282
flux1:, 0.6065814730257085, 1.2241863944036235, 1.2241863944036233
flux1:, 0.6066174524524536, 1.1481738413809826, 1.1481738413809823
flux1:, 0.6066534318791986, 1.0765396804314098, 1.0765396804314096
flux1:, 0.6066894113059437, 1.009054757445992, 1.0090547574459918
flux1:, 0.6067253907326887, 0.9455004249312424, 0.9455004249312429
flux1:, 0.6067613701594338, 0.885668152082463, 0.8856681520824627
flux1:, 0.6067973495861788, 0.8293591438225725, 0.8293591438225738
flux1:, 0.6068333290129238, 0.7763839689407128, 0.7763839689407123
flux1:, 0.6068693084396688, 0.7265621974400923, 0.7265621974400924
flux1:, 0.6069052878664138, 0.6797220471794966, 0.6797220471794961
flux1:, 0.6069412672931589, 0.6357000398622004, 0.6357000398622008
flux1:, 0.6069772467199039, 0.5943406664080697, 0.5943406664080699
flux1:, 0.607013226146649, 0.5554960617186352, 0.5554960617186356
flux1:, 0.607049205573394, 0.5190256888260327, 0.5190256888260332
flux1:, 0.6070851850001391, 0.4847960323979763, 0.4847960323979771
flux1:, 0.607121164426884, 0.45268030154610783, 0.45268030154610706
flux1:, 0.6071571438536291, 0.42255814188231605, 0.4225581418823162
flux1:, 0.6071931232803741, 0.39431535673354107, 0.39431535673354123
flux1:, 0.6072291027071192, 0.3678436374280937, 0.36784363742809306
flux1:, 0.6072650821338642, 0.3430403025424187, 0.3430403025424187
flux1:, 0.6073010615606093, 0.31980804599023377, 0.3198080459902341
flux1:, 0.6073370409873543, 0.29805469382306937, 0.29805469382306893
flux1:, 0.6073730204140992, 0.27769296960257583, 0.27769296960257567
flux1:, 0.6074089998408443, 0.25864026819351366, 0.25864026819351377
flux1:, 0.6074449792675893, 0.2408184378249578, 0.2408184378249583
flux1:, 0.6074809586943344, 0.22415357024873767, 0.22415357024873778
flux1:, 0.6075169381210794, 0.20857579883095195, 0.20857579883095229
flux1:, 0.6075529175478245, 0.19401910439814238, 0.19401910439814277
flux1:, 0.6075888969745695, 0.1804211286584488, 0.18042112865844878
flux1:, 0.6076248764013145, 0.16772299501454138, 0.1677229950145417
flux1:, 0.6076608558280595, 0.15586913658082208, 0.15586913658082233
flux1:, 0.6076968352548046, 0.14480713121682592, 0.1448071312168261
flux1:, 0.6077328146815496, 0.13448754338423077, 0.13448754338423083
flux1:, 0.6077687941082947, 0.12486377263947525, 0.12486377263947497
flux1:, 0.6078047735350397, 0.11589190855922608, 0.11589190855922625
flux1:, 0.6078407529617847, 0.10753059192308789, 0.10753059192308788
flux1:, 0.6078767323885297, 0.09974088194344516, 0.09974088194344524
flux1:, 0.6079127118152747, 0.09248612936201601, 0.09248612936201599
flux1:, 0.6079486912420198, 0.08573185521894197, 0.08573185521894204
flux1:, 0.6079846706687648, 0.07944563510735277, 0.07944563510735306
flux1:, 0.6080206500955099, 0.07359698872437415, 0.07359698872437419
flux1:, 0.6080566295222549, 0.0681572745368501, 0.06815727453685
flux1:, 0.608092608949, 0.06309958937800846, 0.06309958937800855
flux1:, 0.608128588375745, 0.05839867279810051, 0.05839867279810065
flux1:, 0.60816456780249, 0.054030815989275324, 0.05403081598927555
flux1:, 0.608200547229235, 0.04997377511725657, 0.04997377511725654
flux1:, 0.60823652665598, 0.04620668888567147, 0.046206688885671504
flux1:, 0.6082725060827251, 0.04271000017017009, 0.042710000170170154
