flux1:, 1.1764705882352942, 2.3807068762227033e-05, 1.9648709732779374e-07, -0.001421449790417416, -0.003552863436447304, 0.003420834683697792
flux1:, 1.1774529451058982, 8.816972367616559e-06, 3.7618507372836585e-06, -0.0017631514699710193, -0.0037772851206401797, 0.0037437719519880096
flux1:, 1.1784353019765021, 2.322698019559056e-05, 3.4941398977663135e-07, -0.0016377061488780686, -0.004129223600816362, 0.00397137588595448
flux1:, 1.179417658847106, 1.0048929487105377e-05, 3.671700957233745e-06, -0.0020359698032023205, -0.004392427192418235, 0.004340337874060531
flux1:, 1.18040001571771, 2.2858318793222564e-05, 5.023954639413985e-07, -0.0018899759267453314, -0.00479422902901267, 0.004607515814405334
flux1:, 1.181382372588314, 1.0912632908741737e-05, 3.545753478955518e-06, -0.0023521133869799453, -0.005101887920388194, 0.005028794933083983
flux1:, 1.182364729458918, 2.290437056790933e-05, 6.536879710591768e-07, -0.002183406820276771, -0.005560319407986461, 0.005341258522548361
flux1:, 1.183347086329522, 1.1518620751728844e-05, 3.4313861313044525e-06, -0.0027174676782880315, -0.005918767076525552, 0.005821865221672138
flux1:, 1.1843294432001257, 2.3476884740268115e-05, 8.075457635114424e-07, -0.002523907389638826, -0.006441489166350357, 0.00618615894193276
flux1:, 1.1853118000707297, 1.1994163682084251e-05, 3.348766573450946e-06, -0.003138799534226547, -0.006857878615668693, 0.006733947336351332
flux1:, 1.1862941569413337, 2.464575643523574e-05, 9.700248397652977e-07, -0.0029182615763465483, -0.007453518704203795, 0.007157549923229775
flux1:, 1.1872765138119377, 1.2463272726332744e-05, 3.30103120028291e-06, -0.0036238512182167225, -0.007935946120258911, 0.007781313247826755
flux1:, 1.1882588706825417, 2.6481878293877574e-05, 1.1466936845767421e-06, -0.003374235113451287, -0.008614255349793504, 0.008272797651730888
flux1:, 1.1892412275531457, 1.3052043381032537e-05, 3.2821462250646085e-06, -0.004181426783683187, -0.009171924598100156, 0.008982413579408897
flux1:, 1.1902235844237494, 2.908671973388275e-05, 1.341569298247778e-06, -0.0039006714208667144, -0.009943838243488653, 0.009551542425406106
flux1:, 1.1912059412943534, 1.3907577137609192e-05, 3.2808893834171217e-06, -0.004821479597194739, -0.01058705605508925, 0.010357962983364465
flux1:, 1.1921882981649574, 3.2615481808924665e-05, 1.5563688490788291e-06, -0.004507597895760269, -0.011464786015234195, 0.01101576936777484
flux1:, 1.1931706550355614, 1.52278174256206e-05, 3.2821030929203717e-06, -0.005555213402145213, -0.012205248484261673, 0.011931227365289267
flux1:, 1.1941530119061654, 3.7301663888906435e-05, 1.7894312971450649e-06, -0.005206362038767417, -0.013202606034888995, 0.012690352458404702
flux1:, 1.1951353687767692, 1.730758701218395e-05, 3.266678782228471e-06, -0.006395175340046452, -0.014053437181812532, 0.013728385659264201
flux1:, 1.1961177256473732, 4.34891940015886e-05, 2.0338538301717056e-06, -0.006009701084338023, -0.015185728174981228, 0.014603010617191882
flux1:, 1.1971000825179772, 2.0613830181939036e-05, 3.212120525503841e-06, -0.007355275234337887, -0.016161659705818666, 0.01577848688456832
flux1:, 1.1980824393885812, 5.167573358269817e-05, 2.2744989821995875e-06, -0.006931830878620888, -0.017446186589561746, 0.01678477892909041
flux1:, 1.1990647962591852, 2.5913038060236228e-05, 3.097887896124657e-06, -0.008450778381764355, -0.018563788197464008, 0.01811396006850001
flux1:, 1.200047153129789, 6.256312803774497e-05, 2.484317115625006e-06, -0.007988392362849832, -0.020019863524075004, 0.01926999014901052
flux1:, 1.201029510000393, 3.448492711608065e-05, 2.9277164111261455e-06, -0.009697999516463465, -0.021297831161098683, 0.02077047151684103
flux1:, 1.202011866870997, 7.708350686869306e-05, 2.624290551654737e-06, -0.009196079139105466, -0.022947442218585527, 0.02209649746180023
flux1:, 1.202994223741601, 4.8448594916956756e-05, 2.80452646142486e-06, -0.011113472044310636, -0.024406945337728653, 0.023787047650329917
flux1:, 1.203976580612205, 9.628270395755539e-05, 2.667104377331981e-06, -0.010571555632366026, -0.026275158447161776, 0.025305017922950722
flux1:, 1.2049589374828087, 7.110725885629115e-05, 3.1506610939318484e-06, -0.012712052695924108, -0.027940336159020147, 0.027205442749555674
flux1:, 1.2059412943534127, 0.00012073696595286455, 2.7163890387470883e-06, -0.01212902191580167, -0.030055993536187254, 0.028937918164197475
flux1:, 1.2069236512240167, 0.000106720532800207, 5.238336434493318e-06, -0.014503832082682733, -0.031953772665982504, 0.031069213556320106
flux1:, 1.2079060080946207, 0.00014902623109789897, 3.3972616001821092e-06, -0.013876672294199822, -0.03434895666465151, 0.03303733803102886
flux1:, 1.2088883649652247, 0.00015821212738752088, 1.1924737447384694e-05, -0.01649327859707159, -0.03650664793746604, 0.03542437450086367
flux1:, 1.2098707218358287, 0.00017604477784685915, 6.5776805615650496e-06, -0.015817484113452043, -0.0392115420044843, 0.03764686679795634
flux1:, 1.2108530787064324, 0.00022299306052667788, 2.6823423443399807e-05, -0.01869205985211578, -0.04164934913735122, 0.04032410967092336
flux1:, 1.2118354355770364, 0.00019506603986557176, 1.5172936121065794e-05, -0.017963493977698034, -0.044682221089355656, 0.042819166812922256
flux1:, 1.2128177924476404, 0.0002937525225956938, 4.8952623067622366e-05, -0.02114709325869992, -0.04741148889598699, 0.04583405758295448
flux1:, 1.2138001493182444, 0.00020066990237871033, 2.9595671298676136e-05, -0.020354105818585735, -0.05078473386739718, 0.0486217665501094
flux1:, 1.2147825061888484, 0.0003592143016824648, 6.770682278544709e-05, -0.023953463230009187, -0.053829753957733456, 0.05203516490089068
flux1:, 1.2157648630594522, 0.000183276678672594, 4.369785767813929e-05, -0.023070843525813015, -0.05758393130869144, 0.05514613155138742
flux1:, 1.2167472199300562, 0.0003946217481506068, 7.1187777621053e-05, -0.027230426027039293, -0.061013393818784685, 0.05904499295158061
flux1:, 1.2177295768006602, 0.000140488572974378, 4.998336790066735e-05, -0.026233296745632215, -0.06523251344394754, 0.06253519617997821
flux1:, 1.2187119336712642, 0.00038703150939463105, 6.193054691988656e-05, -0.031043839313480683, -0.06912879173890281, 0.06699929619710732
flux1:, 1.2196942905418682, 9.095765599707218e-05, 4.926232683209465e-05, -0.02991635833493604, -0.07388698031008159, 0.07092525283413204
flux1:, 1.220676647412472, 0.00035675308763781537, 5.074335557489725e-05, -0.03538957071427307, -0.07830316718075422, 0.07599436378524431
flux1:, 1.221659004283076, 5.0699362643028e-05, 4.6582583019027406e-05, -0.03413320720054977, -0.08365434220811833, 0.08040996454064622
flux1:, 1.22264136115368, 0.0003260579941409761, 4.286699186241243e-05, -0.040272882726062, -0.08863325727726994, 0.08611589128159565
flux1:, 1.223623718024284, 2.216632208685914e-05, 4.46981167950541e-05, -0.038900144013725456, -0.09462976926764867, 0.09107851291267134
flux1:, 1.224606074894888, 0.0003039908718634226, 3.853872938232623e-05, -0.04573487879899079, -0.10022197081984878, 0.09746674268162682
flux1:, 1.2255884317654917, 2.410745305772995e-06, 4.420334942859184e-05, -0.04425843934084409, -0.1069259541305961, 0.10304084610127005
flux1:, 1.2265707886360957, 0.0002923500863935831, 3.6774761679271186e-05, -0.05183752497692842, -0.11319250299580069, 0.11017172612360478
flux1:, 1.2275531455066997, -1.1606707695921064e-05, 4.4945546387675004e-05, -0.05026696660038163, -0.12067547512821, 0.11642844324051689
flux1:, 1.2285355023773037, 0.0002912113036304811, 3.671833357064904e-05, -0.05865275556584639, -0.12768627105275315, 0.12437390172774847
flux1:, 1.2295178592479077, -2.1880710973438973e-05, 4.6618137521879545e-05, -0.05699546223919111, -0.1360280190268253, 0.1313909091780927
flux1:, 1.2305002161185117, 0.0003012004630188158, 3.778973810189533e-05, -0.066259300607634, -0.14386007340228824, 0.1402313263659432
flux1:, 1.2314825729891155, -2.939223840807353e-05, 4.887081037868648e-05, -0.06452209127642859, -0.1531479504302071, 0.14809352822979524
flux1:, 1.2324649298597194, 0.00032459315645072605, 3.9576008104974234e-05, -0.0747421439359063, -0.16188596566279803, 0.1579180082477812
flux1:, 1.2334472867303234, -3.408855713867675e-05, 5.1226020479642715e-05, -0.07293271161351177, -0.1722157271341584, 0.1667197374881528
flux1:, 1.2344296436009274, 0.0003666872439007385, 4.1689492270851124e-05, -0.08419282390394428, -0.18195178226411154, 0.17762491533318214
flux1:, 1.2354120004715314, -3.427377023508223e-05, 5.283071653234648e-05, -0.08232143675698002, -0.19342752906609137, 0.18747111821362977
flux1:, 1.2363943573421352, 0.0004388777707162003, 4.36018775807905e-05, -0.0947093901624817, -0.20426183311281224, 0.19956081337043394
flux1:, 1.2373767142127392, -2.429631199555231e-05, 5.18678749351853e-05, -0.092790929353149, -0.21699804066477932, 0.2105705489040009
flux1:, 1.2383590710833432, 0.0005667493559109936, 4.449268098361283e-05, -0.1063934670529689, -0.22904184659033672, 0.22395415726537074
flux1:, 1.2393414279539472, 1.379268521776785e-05, 4.432630076406106e-05, -0.10444957680145048, -0.2431704714860331, 0.23626295077210277
flux1:, 1.2403237848245512, 0.0008128689744247719, 4.4408785607946405e-05, -0.11933098667169484, -0.25656071455882834, 0.25104283034903097
flux1:, 1.241306141695155, 0.0001431463206577934, 2.5801544825839364e-05, -0.11738301152349204, -0.27227225140261335, 0.26477928108227083
flux1:, 1.242288498565759, 0.0013198972759015336, 6.501055215159155e-05, -0.13345817297979135, -0.2872737032768533, 0.2809646425286121
flux1:, 1.243270855436363, 0.0005577834752358493, 7.780308277524917e-05, -0.13143755164362064, -0.3050473836537987, 0.29600624833695766
flux1:, 1.244253212306967, 0.0019527060870427179, 0.0003176119964378671, -0.14799984424334117, -0.32225770838776874, 0.3133353812723418
flux1:, 1.245235569177571, 0.001131708389509253, 0.0007017254926398612, -0.14593422366183217, -0.34194315634255135, 0.3295079398819039
flux1:, 1.2462179260481747, 0.002047154043542936, 0.0007467247647024483, -0.1632010427230932, -0.35971944329540206, 0.34872392220678594
flux1:, 1.2472002829187787, 0.0017096871858916544, 0.0009014498035904719, -0.16104536007676742, -0.3793219059895775, 0.36591494233691324
flux1:, 1.2481826397893827, 0.001092967954003528, 0.00033625213720885885, -0.18297378305801937, -0.3983633393086381, 0.3875440178795036
flux1:, 1.2491649966599867, 0.001163046159721577, 0.00027817737733455217, -0.18081833142092532, -0.4212478958229864, 0.40731135845267064
flux1:, 1.2501473535305907, 0.0002722926544346743, 0.00011039099550129799, -0.20584070728769685, -0.44334459385280417, 0.4321764084675036
flux1:, 1.2511297104011945, 0.0007006835258449401, 0.00013022781988311207, -0.20299104825703349, -0.46892484025511616, 0.4542111494593735
flux1:, 1.2521120672717985, 4.3066420421780205e-05, 8.257850693200123e-05, -0.22995645886450314, -0.4932918658442621, 0.48142951500209713
flux1:, 1.2530944241424025, 0.0004885591168772075, 0.0001142575937866309, -0.2268812882474345, -0.521386660575157, 0.5056882107728283
flux1:, 1.2540767810130065, -2.717096042980995e-05, 8.861592753958738e-05, -0.25606877873253553, -0.548148571402761, 0.5354148206339819
flux1:, 1.2550591378836105, 0.0003794947029693857, 0.00012409547185420066, -0.2529009708490243, -0.5789648327537684, 0.5621036917105279
flux1:, 1.2560414947542144, -5.084763146358971e-05, 0.0001016041778890058, -0.2845812997289608, -0.6083383226380314, 0.5945923837396496
flux1:, 1.2570238516248182, 0.0003168462025691273, 0.00014069486337933354, -0.2813517171780497, -0.6421146197836156, 0.623929611014416
flux1:, 1.2580062084954222, -5.805771792406913e-05, 0.00011681180821041624, -0.31576749921131214, -0.674326320673965, 0.6594373256228577
flux1:, 1.2589885653660262, 0.0002782865144157005, 0.00015997369168793658, -0.3124830395568864, -0.7113125569096536, 0.6916473938642674
flux1:, 1.2599709222366302, -5.8564418089056204e-05, 0.00013335393782894236, -0.34987028415051735, -0.7465987743246272, 0.7304358464937865
flux1:, 1.2609532791072342, 0.0002537574223445452, 0.0001809967709347061, -0.3465309238091994, -0.7870576993323185, 0.7657534942348869
flux1:, 1.261935635977838, -5.6002404022346425e-05, 0.00015116316862965034, -0.38712911976140585, -0.8256668019331419, 0.808093858215488
flux1:, 1.262917992848442, 0.00023819607519898482, 0.00020362494478740037, -0.3837318206081069, -0.8698757758143716, 0.8467663085004979
flux1:, 1.263900349719046, -5.183231894237637e-05, 0.00017036745970569107, -0.42778863390926203, -0.9120696245423615, 0.8929421151061957
flux1:, 1.26488270658965, 0.00022883299889846752, 0.00022794522801177275, -0.4243280132584259, -0.960321772670797, 0.935230244491747
flux1:, 1.265865063460254, -4.664253298930514e-05, 0.0001911419668333414, -0.47210175080027766, -1.0063765538388296, 0.985539135681882
flux1:, 1.266847420330858, 0.00022405931225631516, 0.0002541121682228183, -0.46856979568311113, -1.058981565243406, 1.0317181570644132
flux1:, 1.2678297772014617, -4.063536343067233e-05, 0.00021367153355678507, -0.5203308666675792, -1.1091883247765633, 1.086473021743571
flux1:, 1.2688121340720657, 0.00022290169471496217, 0.0002822997911943102, -0.516716303618584, -1.166473062129806, 1.136832935778821
flux1:, 1.2697944909426697, -3.3826638646710424e-05, 0.00023814182234835473, -0.5727482110926772, -1.2211380751247893, 1.1963627139624387
flux1:, 1.2707768478132737, 0.00022475838452990947, 0.0003126865265342772, -0.5690357162023998, -1.2834470865426417, 1.2512086264361175
flux1:, 1.2717592046838777, -2.6133512434797495e-05, 0.00026473804727627647, -0.6296358113354922, -1.3428921265269351, 1.3158589028405985
flux1:, 1.2727415615544815, 0.00022925727358093738, 0.0003454505548675971, -0.6258051227892414, -1.4105880753100999, 1.3755112410962143
flux1:, 1.2737239184250855, -1.741504429256578e-05, 0.00029364549375200585, -0.6912852452306721, -1.4751505751591345, 1.4456447001163657
flux1:, 1.2747062752956895, 0.00023617527606078215, 0.0003807684546298046, -0.687310173912266, -1.5486146011435482, 1.5104393446869335
flux1:, 1.2756886321662935, -7.491513277813506e-06, 0.00032505019506356395, -0.757997219928689, -1.6186477468503246, 1.5864361180338205
flux1:, 1.2766709890368975, 0.00024539030379623514, 0.0004188148062795821, -0.7538445593817686, -1.6982797897764792, 1.656724456039402
flux1:, 1.2776533459075012, 3.846325820857797e-06, 0.0003591393815145635, -0.8300810369690015, -1.7741525420150943, 1.7389823925932197
flux1:, 1.2786357027781052, 0.0002568514760419635, 0.00045976200675851937, -0.8257093878045355, -1.8603716193450464, 1.8151312902471681
flux1:, 1.2796180596487092, 1.6832923070989996e-05, 0.0003961016804633728, -0.9078539887060592, -1.9424686722828235, 1.9040661395776497
flux1:, 1.2806004165193132, 0.0002705599775550328, 0.0005037801009192667, -0.9032124941480197, -2.0357131279027785, 1.9864578108834583
flux1:, 1.2815827733899172, 3.1726114953491876e-05, 0.0004361271613407148, -0.9916407193997121, -2.124434798378293, 2.0825033298467006
flux1:, 1.282565130260521, 0.00028655637010524624, 0.0005510366421213342, -0.9866677027418014, -2.2251625090443548, 2.171535113121277
flux1:, 1.283547487131125, 4.8806615623309275e-05, 0.0004794073469348677, -1.0817725343167377, -2.320924557468651, 2.275143107651121
flux1:, 1.284529844001729, 0.00030491196090437093, 0.0006016966689741376, -1.0763940081454788, -2.4296131243819437, 2.371227141947272
flux1:, 1.285512200872333, 6.837823383673058e-05, 0.0005261353242350195, -1.17858663418239, -2.5328465417620856, 2.482867462910426
flux1:, 1.286494557742937, 0.00032572274429597573, 0.0006559229281834445, -1.172714662635192, -2.649993509527044, 2.586430289270105
flux1:, 1.2874769146135407, 9.076835319546765e-05, 0.0005765060913410237, -1.282425340224962, -2.761144206765706, 2.7065906703222047
flux1:, 1.2884592714841447, 0.00034910494811424, 0.0007138763836756397, -1.275956461919802, -2.887266976797126, 2.818072337447126
flux1:, 1.2894416283547487, 0.00011632908331172494, 0.0006307171239043249, -1.3936356525496543, -3.0067951368172676, 2.947257942779973
flux1:, 1.2904239852253527, 0.0003751926911923546, 0.0007757171505929305, -1.386448846568176, -3.142431311179837, 3.0671116524972764
flux1:, 1.2914063420959567, 0.00014543901223198436, 0.000688969610262516, -1.5125679942208423, -3.270811499960932, 3.2058454794239397
flux1:, 1.2923886989665605, 0.00040413535787590146, 0.0008416062117593119, -1.504522585941026, -3.4165191662705783, 3.3345367495205775
flux1:, 1.2933710558371645, 0.00017850436592084396, 0.000751470091037741, -1.6395755944881876, -3.554239535288636, 3.4833588821423995
flux1:, 1.2943534127077685, 0.0004360961977132808, 0.0009117074088256739, -1.63050909458019, -3.7105972200576347, 3.6213643510501727
flux1:, 1.2953357695783725, 0.00021596157116910035, 0.0008184326240258982, -1.7750137415820226, -3.858158967565736, 3.780831665437677
flux1:, 1.2963181264489765, 0.00047125166048085594, 0.0009861901542603966, -1.7647392680336313, -4.025765879638051, 3.928638039215744
flux1:, 1.2973004833195805, 0.00025828020472084493, 0.000890081618132887, -1.9192388208973945, -4.183682656810232, 4.099323851539261
flux1:, 1.2982828401901843, 0.0005097910083848418, 0.001065232736801996, -1.9075422580996872, -4.363158916770107, 4.257426640244962
flux1:, 1.2992651970607882, 0.0003059665846325091, 0.0009666552797968812, -2.072607348914764, -4.531956132784476, 4.439920300375774
flux1:, 1.3002475539313922, 0.0005519162668979964, 0.0011490261977943, -2.0592441557347314, -4.723943031056157, 4.608822403408042
flux1:, 1.3012299108019962, 0.0003595681248287503, 0.0010484096984411943, -2.2354749250380976, -4.9041570584535545, 4.803728880029364
flux1:, 1.3022122676726002, 0.0005978424176406883, 0.001237778743076758, -2.2201665087308435, -5.1093173528846965, 4.98393903014328
flux1:, 1.303194624543204, 0.00041967852617798897, 0.0011356235384033914, -2.4081950644305836, -5.301494619750479, 5.191878509626067
flux1:, 1.304176981413808, 0.0006477977378621296, 0.0013317205808622945, -2.3906246421148545, -5.520512885969828, 5.383909576558359
flux1:, 1.305159338284412, 0.0004869438794946249, 0.0012286032448329104, -2.5911178951458473, -5.725208837843551, 5.605517097559407
flux1:, 1.306141695155016, 0.0007020242001853667, 0.001431109028283784, -2.57092575250529, -5.958791882294624, 5.809884249944374
flux1:, 1.30712405202562, 0.0005620697584911507, 0.0013276886384848742, -2.7845887149916893, -6.176569784225944, 6.045809399070519
flux1:, 1.308106408896224, 0.0007607778430905125, 0.0015362337018050292, -2.7613667645210733, -6.425447127569193, 6.263028119438582
flux1:, 1.3090887657668278, 0.0006458293804026977, 0.0014332587534707497, -2.9889464202488725, -6.656876672756722, 6.513934814665126
flux1:, 1.3100711226374318, 0.0008243290163509081, 0.001647421593793735, -2.962231935099135, -6.921801117357077, 6.744518760368137
flux1:, 1.3110534795080357, 0.0007390729295221651, 0.0015457377734993199, -3.204521808906035, -7.167456804558306, 7.011085157952038
flux1:, 1.3120358363786397, 0.0008929624032590136, 0.0017650418408572722, -3.1737901812676275, -7.4492051057284066, 7.25554385861413
flux1:, 1.3130181932492437, 0.000842738169318036, 0.0016656009259535776, -3.431635775121884, -7.709664342368878, 7.538462423725054
flux1:, 1.3140005501198475, 0.0009669767131268239, 0.0018895099862342602, -3.3962921266970496, -8.009038010834567, 7.797298797655896
flux1:, 1.3149829069904515, 0.0009578625197727917, 0.0017933801984585404, -3.6705974420896488, -8.284878889258248, 8.097276587100326
flux1:, 1.3159652638610555, 0.0010466839416167315, 0.0020212915395458287, -3.6299668817376594, -8.602705158210988, 8.370984254069999
flux1:, 1.3169476207316595, 0.0010855968796497904, 0.0019296697548957797, -3.9217023112371963, -8.894503840811923, 8.68874347011629
flux1:, 1.3179299776022635, 0.001132408129172164, 0.0021609046391439977, -3.875018587044389, -9.231636841609637, 8.977803827352187
flux1:, 1.3189123344728673, 0.001227221627444163, 0.00207513094496324, -4.185230524380187, -9.539964472837708, 9.314082717042293
flux1:, 1.3198946913434713, 0.0012244835709639904, 0.0023089216166737965, -4.131622734184342, -9.897286673439055, 9.618961734596041
flux1:, 1.3208770482140753, 0.001384165414300918, 0.0022304968116197872, -4.46144533893918, -10.222705719134009, 9.974515923800569
flux1:, 1.3218594050846793, 0.0013232524399948542, 0.002465969252847913, -4.399922290090263, -10.60112970156962, 10.295660595907542
flux1:, 1.3228417619552832, 0.0015580276257001256, 0.00239657604961174, -4.750591989325292, -10.94418959172399, 10.671264973279056
flux1:, 1.323824118825887, 0.0014290618341469576, 0.002632727546500049, -4.680023678146723, -11.34466027004813, 11.009099345601603
flux1:, 1.324806475696491, 0.0017506057953922134, 0.002574256450880207, -5.052897140029677, -11.705892191450163, 11.405550646764516
flux1:, 1.325788832567095, 0.0015422603408250701, 0.002809926825100783, -4.971992664171216, -12.129389605845168, 11.760471316282883
flux1:, 1.326771189437699, 0.001963929823465604, 0.002764507921093046, -5.368569225709152, -12.509300241920988, 12.178591609153898
flux1:, 1.327753546308303, 0.001663194322175996, 0.0029983429835573026, -5.275850245864224, -12.956843107199004, 12.550962554098998
flux1:, 1.3287359031789068, 0.0022003056816776024, 0.0029683852569199784, -5.697800094330424, -13.355907060294617, 12.991603878849615
flux1:, 1.3297182600495108, 0.00179220429480562, 0.0031987907096249, -5.591568657810019, -13.828557304235204, 13.381750422442815
flux1:, 1.3307006169201148, 0.002462372477392856, 0.003187031173017498, -6.040768467025294, -14.247207845784464, 13.84580093257681
flux1:, 1.3316829737907188, 0.0019296219742650272, 0.003412114669414814, -5.919067555201755, -14.746076467253326, 14.254002579999693
flux1:, 1.3326653306613228, 0.002753178479332246, 0.003421680354490538, -6.397645872128174, -15.184694158161731, 14.742394654308209
flux1:, 1.3336476875319265, 0.0020757688854069743, 0.0036391786100960347, -6.258210483046574, -15.710948868975427, 15.168876445319324
flux1:, 1.3346300444025305, 0.003076284401145082, 0.0036736657138237514, -6.7686060637541265, -16.16984742250035, 15.682597419942729
flux1:, 1.3356124012731345, 0.0022309579846983376, 0.003880852410328546, -6.608801807728388, -16.724722715852092, 16.127519296976313
flux1:, 1.3365947581437385, 0.003435906323770946, 0.003944428776563318, -7.153839329081401, -17.20413123384359, 16.66762572279274
flux1:, 1.3375771150143425, 0.0023955005142337997, 0.004137997303008424, -6.970584260503889, -17.788941790771897, 17.131069212005954
flux1:, 1.3385594718849465, 0.0038371169798858858, 0.00423553735334984, -7.553573661409109, -18.288982148446234, 17.69870594057493
flux1:, 1.3395418287555503, 0.0025697215050375886, 0.004411449733937445, -7.343237225033469, -18.90514090035267, 18.180657150921512
flux1:, 1.3405241856261543, 0.004286134235581096, 0.004548715468799843, -7.968105703157328, -19.425798522651796, 18.777083158281354
flux1:, 1.3415065424967583, 0.0027539891980090853, 0.004702004455928052, -7.7263758676655465, -20.07484130330798, 19.277410661577235
flux1:, 1.3424888993673623, 0.004790742065506295, 0.004885893390224808, -8.397845829289928, -20.615926742054203, 19.90403446953599
flux1:, 1.3434712562379663, 0.0029487666197041914, 0.005010397595935863, -8.119551110333852, -21.299546414035806, 20.422459933826605
flux1:, 1.34445361310857, 0.005360916973766712, 0.005249290526612245, -8.843384161336475, -21.86064379515889, 21.0808890135413
flux1:, 1.345435969979174, 0.0031546984736449276, 0.005337290622801991, -8.52225029686153, -22.580738234294746, 21.616947377272215
flux1:, 1.346418326849778, 0.006009780760767422, 0.005641552750711681, -9.305588471339842, -23.161134430559304, 22.309058469225796
flux1:, 1.347400683720382, 0.0033727549245820376, 0.005683256339949971, -8.933898119728852, -23.919875217165046, 22.862042675146082
flux1:, 1.348383040590986, 0.006755086895204985, 0.0060659818103285966, -9.7857523335893, -24.51845984256578, 23.590084333242764
flux1:, 1.34936539746159, 0.0036044688965096933, 0.00604876804979366, -9.353856909158512, -25.318392671995422, 24.15896665684505
flux1:, 1.3503477543321938, 0.007621610178676691, 0.0065269257112678955, -10.28582569707312, -25.93351231396198, 24.925713157726527
flux1:, 1.3513301112027978, 0.0038523316830912217, 0.006434193013699139, -9.781424624685378, -26.777707438060176, 25.50902993950604
flux1:, 1.3523124680734018, 0.008645130615208354, 0.007030463426883484, -10.808787017015428, -27.406945158048607, 26.318020349561827
flux1:, 1.3532948249440058, 0.004120467420224666, 0.006839791534079602, -10.215827566611882, -28.299229555815828, 26.91369733570356
flux1:, 1.3542771818146098, 0.00987937615777823, 0.0075856593435767285, -11.359271762681397, -28.939056479752466, 27.769622440064914
flux1:, 1.3552595386852135, 0.004415824206217457, 0.007265724305424255, -10.656202532246189, -29.88438529724045, 28.374699351617743
flux1:, 1.3562418955558175, 0.011408804346099158, 0.008207001094478252, -11.944694959840527, -30.529580691073075, 29.28406002212695
flux1:, 1.3572242524264215, 0.004750384666793225, 0.007712076647000628, -11.101559036701724, -31.534658446397252, 29.894234710641975
flux1:, 1.3582066092970255, 0.01337381340273219, 0.00891951824389784, -12.577398898009935, -32.17728109358119, 30.866533945315588
flux1:, 1.3591889661676295, 0.00514555351616215, 0.008178931222434403, -11.550704621721096, -33.25165972817322, 31.475361509864598
flux1:, 1.3601713230382333, 0.016025077290277214, 0.009770671389318876, -13.279131697741331, -33.879071313246996, 32.52544098249613
flux1:, 1.3611536799088373, 0.005641688774801455, 0.00866661014004795, -12.0021026897071, -35.03723231468094, 33.12281592426725
flux1:, 1.3621360367794413, 0.01985526678158069, 0.010861933241174768, -14.0914874515696, -35.62787820903984, 34.275944363960484
flux1:, 1.3631183936500453, 0.006321537032382762, 0.009176591164750883, -12.45361463972369, -36.89355667780757, 34.84492391521983
flux1:, 1.3641007505206493, 0.02597532697238049, 0.012449900956914834, -15.10424053300872, -37.40654845651332, 36.1496380955953
flux1:, 1.365083107391253, 0.007379153916172498, 0.009715597542071566, -12.902120536806166, -38.82286489733122, 36.658830179372586
flux1:, 1.366065464261857, 0.037492113616760435, 0.015375354331019633, -16.551630894519967, -39.16599517759606, 38.22749340016036
flux1:, 1.367047821132461, 0.009389744813864676, 0.010319825393247174, -13.34388012942727, -40.82334163338897, 38.608936678559225
flux1:, 1.368030178003065, 0.0673060659726769, 0.02404864812553068, -19.291982580241314, -40.710608707466825, 40.808515426285766
flux1:, 1.369012534873669, 0.015176442663731363, 0.011326530435617847, -13.7897553918431, -42.83537669704995, 40.875507295481285
flux1:, 1.3699948917442728, 0.2774923146092413, 0.1233799129136069, -30.865547451015406, -40.277323079992065, 46.93414308825713
flux1:, 1.3709772486148768, 0.374654160604166, 0.2993172706038841, 4.967781292272541, -40.675603365769526, 56.54664045056507
flux1:, 1.3719596054854808, 0.013761531949231047, 0.23797265820078392, 3.0490497985929417, -55.88765791764269, 43.00729524178716
flux1:, 1.3729419623560848, 0.07662183530491515, 0.08855921414350491, -5.398316279957541, -58.539513462797515, 53.31618541021214
flux1:, 1.3739243192266888, 0.002752959287043089, 0.04072617261820874, -11.766307175531047, -46.01396760421766, 41.260801174090595
flux1:, 1.3749066760972926, -0.007190828652138273, 0.01786694853570859, -16.82850580867555, -47.50531921346109, 43.70971188403116
flux1:, 1.3758890329678966, -0.021456635798963872, 0.013974802422911378, -12.637276501699455, -50.03469823737891, 44.90051555620639
flux1:, 1.3768713898385005, -0.0036531565022342857, 0.015621549532382607, -16.632396345340364, -50.69293520706157, 46.67835746863321
flux1:, 1.3778537467091045, -0.017013699390522493, 0.013937361475329356, -13.959125510032035, -52.59191266506814, 47.49983510236084
flux1:, 1.3788361035797085, -0.002460673318567474, 0.015780508463282415, -16.94738671792136, -53.303941354753334, 49.06678667768248
flux1:, 1.3798184604503125, -0.013781433170700774, 0.014611848806630679, -14.966033715935273, -55.04017820296004, 49.878605237126266
flux1:, 1.3808008173209163, -0.002077541650814134, 0.016373044396461714, -17.376653625632795, -55.84145427513493, 51.357820818507946
flux1:, 1.3817831741915203, -0.011638238512732466, 0.015477001771807193, -15.811388543152502, -57.51054601702917, 52.20380329859219
flux1:, 1.3827655310621243, -0.0021220440005706156, 0.01714721590172834, -17.85212257156181, -58.390359324193476, 53.640510260717924
flux1:, 1.3837478879327283, -0.010239191724343594, 0.016443534869754143, -16.568422580435318, -60.028993579076136, 54.52713274939694
flux1:, 1.3847302448033323, -0.0024605413279743965, 0.018037903822524737, -18.352793549356313, -60.975509108906905, 55.94297870612424
flux1:, 1.3857126016739363, -0.009375375763713537, 0.017487834901402512, -17.273610820922144, -62.60178840960193, 56.869312237442436
flux1:, 1.38669495854454, -0.0030408896745353713, 0.0190237116783591, -18.870037041737756, -63.6056454435178, 58.27609928873605
flux1:, 1.387677315415144, -0.008928189329079584, 0.01860426105254089, -17.946765187809078, -65.22961511388749, 59.23954416608768
flux1:, 1.388659672285748, -0.0038455941063881443, 0.020097712893108473, -19.399534702081922, -66.28351275244354, 60.64412304064541
flux1:, 1.389642029156352, -0.008831784275981462, 0.019793491694836816, -18.59936911364759, -67.91100022994712, 61.64177674010477
flux1:, 1.390624386026956, -0.004875112532822999, 0.02125883891767749, -19.938703005515197, -69.00902210128645, 63.048170653379515
flux1:, 1.3916067428975598, -0.009052365785915614, 0.02105875542433073, -19.238329948098198, -70.64333646641988, 64.07715649958658
flux1:, 1.3925890997681638, -0.006141033880010265, 0.022508710570559292, -20.48567572417893, -71.78043753077208, 65.48760773270443
flux1:, 1.3935714566387678, -0.009577085023960484, 0.022404407960955396, -19.86780706778482, -73.42322045795866, 66.54512070044794
flux1:, 1.3945538135093718, -0.007663115226019985, 0.023850285681794117, -21.038828035569168, -74.59487040319333, 67.9606535456558
flux1:, 1.3955361703799758, -0.010408016739709324, 0.02383535412772357, -20.490156504522112, -76.24655827877154, 69.0439274367394
flux1:, 1.3965185272505796, -0.009468038236686587, 0.025287229295045375, -21.596515502008636, -77.44849333332009, 70.46467035451907
flux1:, 1.3975008841211836, -0.011558897659725566, 0.025356826387683135, -21.10643606326078, -79.1085816215974, 71.57092682354161
flux1:, 1.3984832409917876, -0.01158901037003104, 0.026823618923378003, -22.156905918732267, -80.33662692515948, 72.99630493601387
flux1:, 1.3994655978623916, -0.013053424040574194, 0.026974339572953542, -21.71667619615311, -82.0038256330324, 74.12270260400238
flux1:, 1.4004479547329955, -0.014065800888060653, 0.028463828076534078, -22.717853803816514, -83.25376319342396, 75.55155593293996
flux1:, 1.4014303116035993, -0.014924453853609996, 0.02869374437489319, -22.320019363698073, -84.92608841659498, 76.69514454116016
flux1:, 1.4024126684742033, -0.016944977872005666, 0.030212511726271346, -23.27679676174114, -86.19355476054443, 78.12580154772478
flux1:, 1.4033950253448073, -0.01721371913736733, 0.030521332196136675, -22.91478473701904, -87.86838068756876, 79.28348182916523
flux1:, 1.4043773822154113, -0.02028016551384255, 0.03207463905473459, -23.830668022550103, -89.14878415445737, 80.71380485744852
flux1:, 1.4053597390860153, -0.01997176381109323, 0.032463938748922234, -23.49849534666643, -90.82286960958889, 81.88229343825577
flux1:, 1.406342095956619, -0.024132128390035975, 0.03405550801024047, -24.37583007040229, -92.11132102222254, 83.30970566507926
flux1:, 1.407324452827223, -0.023257843329087126, 0.03452896208580417, -24.067898676223006, -93.7808192625411, 84.48550379313416
flux1:, 1.408306809697827, -0.028568431774385516, 0.036160638295488184, -24.908044676408444, -95.07207225889775, 85.90700315172961
flux1:, 1.409289166568431, -0.02713948288787658, 0.03672415111833585, -24.61901416266133, -96.73253002913883, 87.08636767197851
flux1:, 1.410271523439035, -0.03366233507469168, 0.03839537212057484, -25.422506833945494, -98.02092941306161, 88.49853048478786
flux1:, 1.4112538803096388, -0.031691307989564384, 0.03905692915997677, -25.147249339046642, -99.66728026637847, 89.67744492131781
flux1:, 1.4122362371802428, -0.039490466070203706, 0.040763913041169615, -25.91398399349863, -100.94671873522448, 91.07641986300634
flux1:, 1.4132185940508468, -0.036992658630720245, 0.04153289502487846, -25.64763750229267, -102.57327579414773, 92.25056264938968
flux1:, 1.4142009509214508, -0.046128734990749556, 0.0432674094433181, -26.377115181342337, -103.8371615496072, 93.63205392026805
flux1:, 1.4151833077920548, -0.04312342406670242, 0.04415301144854387, -26.1152586632785, -105.43761593686413, 94.79675989264555
flux1:, 1.4161656646626586, -0.05364595800767263, 0.04590057208638093, -26.806930466625104, -106.678856055927, 96.15599717000501
flux1:, 1.4171480215332626, -0.05015758072737252, 0.04690890378625196, -26.54590215475064, -108.24628878973164, 97.3062077683308
flux1:, 1.4181303784038666, -0.062094899553144615, 0.04864627995380376, -27.199637011305228, -109.45729539052374, 98.63790014293818
flux1:, 1.4191127352744706, -0.05815422243137524, 0.04977576520951467, -26.936997343835635, -110.98421165300383, 99.76809827913026
flux1:, 1.4200950921450746, -0.07150107148022473, 0.05146780909924467, -27.55366506990048, -112.15693864410603, 101.06637109801893
flux1:, 1.4210774490156786, -0.06714659132669873, 0.052702766801196406, -27.288759426404262, -113.63533238609769, 102.170499714801
flux1:, 1.4220598058862823, -0.08185073628443469, 0.054298882922032624, -27.87085980414196, -114.76134808891305, 103.42881831513562
flux1:, 1.4230421627568863, -0.07713078718199394, 0.055601760373777294, -27.605362194811907, -116.18279983465472, 104.5001884433415
flux1:, 1.4240245196274903, -0.09308097336600987, 0.057032790287976656, -28.15754830053971, -117.25339308551878, 105.71128163172547
flux1:, 1.4250068764980943, -0.08805715230213941, 0.058336417487116536, -27.89578550360268, -118.60919327054137, 106.74248597057937
flux1:, 1.4259892333686983, -0.1050756983285234, 0.05951318331964919, -28.42505925277526, -119.61549785309526, 107.89829286158637
flux1:, 1.4269715902393023, -0.09982797702700891, 0.060715337617966325, -28.173876129073765, -120.89677422051476, 108.88115110046968
flux1:, 1.427953947109906, -0.11767099702875099, 0.061530235764959, -28.689237618906844, -121.829883508402, 109.97282197175188
flux1:, 1.42893630398051, -0.11230397874636161, 0.06249318552916412, -28.457234515212182, -123.02770166094936, 110.89838726242603
flux1:, 1.429918660851114, -0.1306700044217836, 0.06282569604375897, -28.96869993531312, -123.87874223038892, 111.91636492106593
flux1:, 1.430901017721718, -0.12531828324964125, 0.06338269365578715, -28.764879924206525, -124.98415434845228, 112.77501063545206
flux1:, 1.431883374592322, -0.14386209789024712, 0.0631084881233225, -29.282031024768326, -125.74430395141064, 113.70920053860547
flux1:, 1.4328657314629258, -0.13869124837140467, 0.06307750515677507, -29.114166285707615, -126.74834811679234, 114.49078434041739
flux1:, 1.4338480883335298, -0.15703565543340636, 0.06207972197122953, -29.644635752638184, -127.40882005168072, 115.33079804065875
flux1:, 1.4348304452041338, -0.152234924914013, 0.06128315684235614, -29.517836305253724, -128.30251470085443, 116.02488029259062
flux1:, 1.4358128020747378, -0.1699710831772977, 0.05946458348495497, -30.06620282851407, -128.85457388583174, 116.76032663100047
flux1:, 1.4367951589453418, -0.16573457103758937, 0.05775384161442713, -29.98211258223822, -129.62899178932167, 117.35642172407451
flux1:, 1.4377775158159456, -0.18240224126362803, 0.0550511177312883, -30.54951061253077, -130.06410164537294, 117.97724048727846
flux1:, 1.4387598726865496, -0.17889608078340602, 0.05233797586480415, -30.506289337808102, -130.71063575844397, 118.46511406134036
flux1:, 1.4397422295571536, -0.1939371164053324, 0.048743621475278345, -31.09074013836365, -131.02085948360244, 118.9620005150171
flux1:, 1.4407245864277576, -0.1912489894758416, 0.045046329771620694, -31.083692413175985, -131.53182103922452, 119.33208978824432
flux1:, 1.4417069432983616, -0.20392787482097166, 0.040651311098830634, -31.68092150426597, -131.71065074950639, 119.69714528085582
flux1:, 1.4426893001689653, -0.20199062861172282, 0.03617250985482464, -31.703475801313367, -132.08042989197224, 119.94127974227547
flux1:, 1.4436716570395693, -0.21127291593443218, 0.03125189434317075, -32.30797851331133, -132.12430209569072, 120.16911055030113
flux1:, 1.4446540139101733, -0.20974594282297818, 0.02651880242870935, -32.35281801908847, -132.35142721594917, 120.28180913316375
flux1:, 1.4456363707807773, -0.21412011787897514, 0.021698442486210574, -32.9590077488485, -132.2624655965336, 120.37149890017785
flux1:, 1.4466187276513813, -0.2122026882249843, 0.017814663907531073, -33.01931177415764, -132.3533149533417, 120.35236076664698
flux1:, 1.447601084521985, -0.20942993627648102, 0.014377747441006776, -33.622961869012954, -132.14414059792654, 120.31088167160077
flux1:, 1.448583441392589, -0.20557869507899015, 0.013456375802091445, -33.69406966626239, -132.1193521300694, 120.16875697354719
flux1:, 1.449565798263193, -0.19238111092313398, 0.013864108936403555, -34.294419615869174, -131.82122106578464, 120.01660346373995
flux1:, 1.450548155133797, -0.18394194960822177, 0.0197006478298166, -34.376330087499646, -131.72605591008377, 119.77631128133058
flux1:, 1.451530512004401, -0.15575794985789204, 0.028347400454388744, -34.979233983557485, -131.40102193659084, 119.55565523375935
flux1:, 1.4525128688750049, -0.13869406178728638, 0.04722434321190575, -35.079913950081064, -131.31899372594077, 119.26679149185955
flux1:, 1.4534952257456089, -0.08998470789094536, 0.07112187426801637, -35.70119566869498, -131.07232453434293, 119.0494750675314
flux1:, 1.4544775826162128, -0.05936551581022053, 0.11199779675995597, -35.83828342220557, -131.1326136170719, 118.79147275397361
flux1:, 1.4554599394868168, 0.014336311823739026, 0.16009670707788806, -36.50238576462045, -131.10684281506215, 118.67468807940104
flux1:, 1.4564422963574208, 0.0616740001719241, 0.23202555925743376, -36.695188549203465, -131.45434758868268, 118.53912824357363
flux1:, 1.4574246532280246, 0.15849378514210574, 0.3104495708588847, -37.41775336987591, -131.76207585545924, 118.60160554896409
flux1:, 1.4584070100986286, 0.21834179192981992, 0.414522484548456, -37.65836405665764, -132.4444582697439, 118.62403070289068
flux1:, 1.4593893669692326, 0.3235191203074577, 0.5168806547955347, -38.407697137323204, -133.01794075445528, 118.82957562113232
flux1:, 1.4603717238398366, 0.38055634700213226, 0.6364537682128769, -38.62418128919983, -133.83011465922885, 118.89539647160154
flux1:, 1.4613540807104406, 0.46857095098258394, 0.7390649158824829, -39.29982434415022, -134.32637828519884, 119.03216498898423
flux1:, 1.4623364375810444, 0.5041892241289239, 0.8437755497723457, -39.37155063949126, -134.83960948400295, 118.8941314954185
flux1:, 1.4633187944516486, 0.5551291224335976, 0.9194507877099981, -39.85804684976823, -134.82734871786127, 118.69190683624456
flux1:, 1.4643011513222524, 0.5620807079703378, 0.9863769011016701, -39.69860570688986, -134.68877228589847, 118.14964842945325
flux1:, 1.4652835081928564, 0.5743776808940543, 1.0238112347446533, -39.946653569402166, -133.9567612835786, 117.47400821989056
flux1:, 1.4662658650634603, 0.5591436697150668, 1.0500575148432783, -39.553841543770496, -133.09837525720712, 116.49658645782792
flux1:, 1.4672482219340643, 0.5440704042403615, 1.0549462266428495, -39.589049630548914, -131.7065683525373, 115.38219412522487
flux1:, 1.4682305788046683, 0.5174353493740772, 1.0503988132660687, -39.015206171996326, -130.26287677084463, 114.0554464457333
flux1:, 1.4692129356752721, 0.4877416441816218, 1.034291305969878, -38.893259255029704, -128.3874802394759, 112.61006293327303
flux1:, 1.470195292545876, 0.45776169483661044, 1.0106144297357842, -38.199254565316586, -126.53748211336435, 111.0415948548411
flux1:, 1.47117764941648, 0.42243803883144476, 0.9832290986999718, -37.97190954503199, -124.34796051061498, 109.36958626172493
flux1:, 1.472160006287084, 0.3933282660400813, 0.9490996685577949, -37.20600050688424, -122.23885063835554, 107.64506999972282
flux1:, 1.473142363157688, 0.3575322023428833, 0.9166152682070172, -36.911215066426635, -119.86160757802551, 105.82495042965441
flux1:, 1.4741247200282919, 0.33095009780706475, 0.8774589895782772, -36.10672772984418, -117.59872363040023, 104.00430990741397
flux1:, 1.4751070768988959, 0.2973446931263204, 0.843327334079392, -35.770220328409586, -115.12216177514631, 102.09210115652778
flux1:, 1.4760894337694999, 0.27368086363519817, 0.802337713922022, -34.94919092237355, -112.77986617657595, 100.21743783150744
flux1:, 1.4770717906401039, 0.24354914660342733, 0.7683879795946114, -34.58824978975733, -110.26685875836083, 98.25451161450543
flux1:, 1.4780541475107078, 0.2226946025247427, 0.7274617834097217, -33.765239934289895, -107.89952161551943, 96.35725254604795
flux1:, 1.4790365043813116, 0.1965923151264025, 0.6946742124033419, -33.39177866193434, -105.39647327212857, 94.37582204097808
flux1:, 1.4800188612519156, 0.17830124113068638, 0.6550051459111323, -32.57653782510633, -103.04511151465441, 92.48068600966609
flux1:, 1.4810012181225196, 0.156386970927669, 0.6239485016901749, -32.199010757273285, -100.58675972938195, 90.5064467255677
flux1:, 1.4819835749931236, 0.14041596031631742, 0.5863465420931591, -31.398078338304074, -98.28216086857047, 88.6329882732867
flux1:, 1.4829659318637276, 0.12260698823528213, 0.5573921575437698, -31.02252933607206, -95.8936569680991, 86.68596233141668
flux1:, 1.4839482887343314, 0.10874923305775085, 0.5224329962632448, -30.240123222408503, -93.65762806469536, 84.84888008025568
flux1:, 1.4849306456049354, 0.09479700794064588, 0.4958415659301445, -29.870702855053338, -91.35543646246117, 82.94353198763223
flux1:, 1.4859130024755394, 0.08287524184037211, 0.46392474749143225, -29.109203023133507, -89.20147230443685, 81.15265807941607
flux1:, 1.4868953593461434, 0.0724104988980302, 0.4398696605214635, -28.74842214095906, -86.99412598751506, 79.29801843375884
flux1:, 1.4878777162167474, 0.06226013320423836, 0.41123628934083317, -28.008670645476325, -84.92826287756561, 77.55853284944021
flux1:, 1.4888600730873511, 0.05483047711255036, 0.38980267123762136, -27.65757238337322, -82.81749009155956, 75.75870187463256
flux1:, 1.4898424299579551, 0.0462866514803634, 0.36454285987234725, -26.93912376505158, -80.8396315042319, 74.07177490384196
flux1:, 1.4908247868285591, 0.0413938866656889, 0.34572431963780026, -26.597472965936237, -78.8219405626786, 72.32686669788394
flux1:, 1.4918071436991631, 0.034286462060921716, 0.32378947863073043, -25.898853848505816, -76.92758316398971, 70.69067441652835
flux1:, 1.4927895005697671, 0.031423020950137465, 0.30749235158764704, -25.565373897676107, -74.99611390493718, 68.99805259005946
flux1:, 1.4937718574403709, 0.025578541915529735, 0.2887167449215381, -24.884356762288135, -73.17820799278489, 67.40896580350622
flux1:, 1.4947542143109749, 0.024259526691652468, 0.27477337078667097, -24.55699906563597, -71.32454993720224, 65.76453412789219
flux1:, 1.4957365711815789, 0.019507240135716974, 0.2589028053703041, -23.890868718601432, -69.57519538550302, 64.21825346418356
flux1:, 1.4967189280521829, 0.019294917685525076, 0.24709080361613533, -23.5670834190843, -67.79090634719388, 62.61758611569365
flux1:, 1.4977012849227869, 0.015473924890855112, 0.2338135447365694, -22.912873696012742, -66.10266555066545, 61.11005295913203
flux1:, 1.4986836417933906, 0.015993283945575493, 0.22387660864669487, -22.589857168758886, -64.38033677515604, 59.54923321209111
flux1:, 1.4996659986639946, 0.012958824710589841, 0.2128516989740038, -21.944551764117534, -62.747070877875544, 58.07723870615647
flux1:, 1.5006483555345986, 0.01390468873617609, 0.20451812772767078, -21.61946726061374, -61.080908876023784, 56.55337214196701
flux1:, 1.5016307124052026, 0.011532626763748452, 0.19539797201064651, -20.980181815800897, -59.49815528545109, 55.11487157797001
flux1:, 1.5026130692758066, 0.012670056967407023, 0.1883948782055464, -20.65037362568838, -57.884142847039854, 53.62631475944045
flux1:, 1.5035954261464104, 0.010859389935774285, 0.18084111169661737, -20.01455657112854, -56.34912247294294, 52.22050896104613
flux1:, 1.5045777830170146, 0.012019492797344732, 0.17490411868527522, -19.67779545336389, -54.78486894590263, 50.76689315174898
flux1:, 1.5055601398876184, 0.01069299472153719, 0.16859769325615068, -19.043493126868096, -53.29624014978565, 49.394157654603426
flux1:, 1.5065424967582224, 0.011765905754510678, 0.16347747798362078, -18.698291002883625, -51.780642937529294, 47.97629143566162
flux1:, 1.5075248536288264, 0.01086889429029389, 0.15812523010976803, -18.06450654104469, -50.33812030801849, 46.63802492221856
flux1:, 1.5085072104994304, 0.01179495607716882, 0.15359318733529903, -17.710509041584025, -48.87095239848142, 45.25773832099565
flux1:, 1.5094895673700344, 0.011291896634075425, 0.14893366382900322, -17.077632333813746, -47.47489795416108, 43.95617401899669
flux1:, 1.5104719242406381, 0.01205129124777087, 0.14478895368684067, -16.71603029124619, -46.05642230364654, 42.61613097590037
flux1:, 1.5114542811112421, 0.0119198720331219, 0.14059964726583385, -16.08622755653089, -44.707501490387855, 41.354120307751465
flux1:, 1.5124366379818461, 0.012520674310783266, 0.13667857439353537, -15.720036405558126, -43.338192670473084, 40.057590073976144
flux1:, 1.5134189948524501, 0.0127435106166171, 0.13278472835151725, -15.09739741944876, -42.03716196523501, 38.838342255395844
flux1:, 1.5144013517230541, 0.013208661208649254, 0.1289708165388412, -14.731393214611744, -40.71757873979564, 37.58890295172738
flux1:, 1.515383708593658, 0.013764011263260652, 0.12525309132072446, -14.121621785318416, -39.4652248085656, 36.415665362403296
flux1:, 1.516366065464262, 0.01411891845052373, 0.12148351842661356, -13.761780379233851, -38.196018026612045, 35.21683199918296
flux1:, 1.5173484223348659, 0.014973091159869176, 0.11787982459943996, -13.171356900408048, -36.99320298475007, 34.092531290354486
flux1:, 1.5183307792054699, 0.01523651378069475, 0.11414331075583588, -12.823854605530945, -35.77517900587845, 32.94735234006184
flux1:, 1.5193131360760739, 0.01634079412273101, 0.11064115906504333, -12.258869460337435, -34.62289370099569, 31.87426451262089
flux1:, 1.5202954929466777, 0.016521139740762136, 0.10696546247693568, -11.928963099152767, -33.457026380392776, 30.78497832089485
flux1:, 1.5212778498172816, 0.017814336889275903, 0.10358547157446753, -11.394036959384467, -32.356355623587646, 29.764513768658755
flux1:, 1.5222602066878856, 0.017911389494118257, 0.10001783739416562, -11.085243146536554, -31.24367837973532, 28.732352544635795
flux1:, 1.5232425635584896, 0.019326441638909623, 0.09679365042687595, -10.58292491181972, -30.195644915438905, 27.765003524766463
flux1:, 1.5242249204290936, 0.019336244478942863, 0.0933809924347928, -10.296759456784077, -29.13703448547133, 26.790172240956217
flux1:, 1.5252072772996974, 0.02080764825569503, 0.09034219360933808, -9.82753269305896, -28.142365451049983, 25.87560043233004
flux1:, 1.5261896341703014, 0.020727481630502996, 0.08711698500836375, -9.56377641073407, -27.138290230178058, 24.957386028080478
flux1:, 1.5271719910409054, 0.022196703173593475, 0.0842790636341216, -9.126517915982491, -26.197185622777763, 24.094579148044108
flux1:, 1.5281543479115094, 0.022028061294906878, 0.08125315712680337, -8.883766453555662, -25.247497196324325, 23.231511824517373
flux1:, 1.5291367047821134, 0.0234458012776338, 0.07861469887803099, -8.476374475388964, -24.35946294881415, 22.41893754207467
flux1:, 1.5301190616527172, 0.023194877311880528, 0.07577974087451625, -8.252608163008878, -23.46327413781534, 21.608939915109655
flux1:, 1.5311014185233212, 0.024520677541733087, 0.07332453756717783, -7.872568486686491, -22.62704284895105, 20.844657585379345
flux1:, 1.5320837753939252, 0.024196992121071223, 0.07065615833058303, -7.6655822266975555, -21.782696591487277, 20.085153855378426
flux1:, 1.5330661322645291, 0.025397411876474468, 0.06835753209658196, -7.310364883866718, -20.99622935741654, 19.366880419294244
flux1:, 1.5340484891351331, 0.025011559802104965, 0.06582085956848703, -7.118018057400714, -20.201343209015096, 18.654869974112774
flux1:, 1.535030846005737, 0.02605811948883348, 0.06364635460922642, -6.785300918629367, -19.461897674071242, 17.98001888234344
flux1:, 1.536013202876341, 0.025619454439042295, 0.06120149283864556, -6.605621754762101, -18.713469283621247, 17.312136782272187
flux1:, 1.536995559746945, 0.026487183047859422, 0.059117152261787126, -6.29338743441413, -18.017725700274916, 16.677857277066206
flux1:, 1.537977916617549, 0.026001983265074073, 0.05672421888598799, -6.124591000236804, -17.312294654097432, 16.050450110391953
flux1:, 1.538960273488153, 0.02666903415344379, 0.054698377461468134, -5.831151595065999, -16.656542019682153, 15.453694028548643
flux1:, 1.5399426303587567, 0.026139483786411, 0.052322181504994465, -5.671625574539519, -15.990411881803825, 14.86293808213327
flux1:, 1.5409249872293607, 0.026587993260745426, 0.05032895558321854, -5.395617308184378, -15.370800569631912, 14.300575904042399
flux1:, 1.5419073440999647, 0.02601218534652953, 0.047943425552269534, -5.24391340483684, -14.740323728555314, 13.742656564654432
flux1:, 1.5428897009705687, 0.02623029138558547, 0.04596595810810457, -4.984285172881672, -14.153182851770795, 13.211653026003976
flux1:, 1.5438720578411727, 0.025603330784730285, 0.04355813359471737, -4.839135530575692, -13.555095250024488, 12.683007768040572
flux1:, 1.5448544147117764, 0.02558797034890306, 0.04159130555519017, -4.5951384022418615, -12.99728966606048, 12.180647652175958
flux1:, 1.5458367715823806, 0.024904047592555448, 0.03916427012159077, -4.455498686264215, -12.429053452366395, 11.67824859286618
flux1:, 1.5468191284529844, 0.024663802421169705, 0.037216214819570645, -4.226670243233147, -11.89832156978847, 11.202376191539884
flux1:, 1.5478014853235884, 0.02391881111143028, 0.03479002697258069, -4.091775364696882, -11.35840123244907, 10.72399686768647
flux1:, 1.5487838421941924, 0.02347578786956934, 0.03288163410344517, -3.8779055285297375, -10.853586036858745, 10.273206707767907
flux1:, 1.5497661990647964, 0.02266977254727674, 0.030491394981077308, -3.747313537591869, -10.341567785310241, 9.817595654860865
flux1:, 1.5507485559354004, 0.022059497321910357, 0.028653291945774397, -3.5483796915352595, -9.862652867534196, 9.391303797064326
flux1:, 1.5517309128060042, 0.021198136248381447, 0.02634413896759797, -3.421978667771911, -9.379139539480148, 8.958193526099736
flux1:, 1.5527132696766082, 0.020466891198802836, 0.024611411881805576, -3.23804819159166, -8.927045889022706, 8.55654276007099
flux1:, 1.5536956265472122, 0.01956148542834716, 0.022431281478584378, -3.116012320926653, -8.47332522783959, 8.146466185938678
flux1:, 1.5546779834178162, 0.018761355436694476, 0.020837121607383366, -2.947126118446779, -8.049504090412745, 7.770072994360263
flux1:, 1.5556603402884202, 0.017827351636739066, 0.018829054724578256, -2.8298264146923846, -7.627071278648039, 7.384026298333245
flux1:, 1.556642697159024, 0.017010113352362, 0.017399046667015194, -2.6758890980881325, -7.233005085848499, 7.0336376872228366
flux1:, 1.557625054029628, 0.016064747900682397, 0.015595041759322026, -2.563781528992067, -6.843075517485728, 6.672684535469896
flux1:, 1.558607410900232, 0.01527615335071334, 0.014343579821065152, -2.424484811532049, -6.479828646757975, 6.348844747387717
flux1:, 1.559589767770836, 0.01433605452804456, 0.012761357346778286, -2.3180047597061963, -6.1229716818569955, 6.013770377938766
flux1:, 1.56057212464144, 0.013611815155595562, 0.011690809254110037, -2.192799390309564, -5.790899926699391, 5.71658384334089
flux1:, 1.5615544815120437, 0.012691239830058071, 0.010333724499952608, -2.0922846342846566, -5.466865247295755, 5.40767463340663
flux1:, 1.5625368383826477, 0.012055295335906848, 0.009435974126477639, -1.9803996386859506, -5.165521565816382, 5.136704570134122
flux1:, 1.5635191952532517, 0.011165274522069552, 0.008295327682284576, -1.8860503357053209, -4.873254694896758, 4.853673337327938
flux1:, 1.5645015521238557, 0.010630158805587354, 0.007554717413024168, -1.7865453497381034, -4.601461021055043, 4.607964623880887
flux1:, 1.5654839089944597, 0.009778445244695667, 0.006613270320647066, -1.698417112803979, -4.339251411222119, 4.349994588861934
flux1:, 1.5664662658650634, 0.009347079005907118, 0.006009888236416533, -1.6102488834774298, -4.0952700023980455, 4.128178127262706
flux1:, 1.5674486227356674, 0.008538596541714396, 0.005245494404122032, -1.528268012475938, -3.860959777294317, 3.8940374381924214
flux1:, 1.5684309796062714, 0.00820672925773508, 0.0047580468453022355, -1.4503549402681453, -3.6426977770669264, 3.6944685233361647
flux1:, 1.5694133364768754, 0.007444211160790884, 0.004146707745442325, -1.3743450178930265, -3.4338912018592986, 3.482647827806468
flux1:, 1.5703956933474794, 0.0072028862364926826, 0.003754618802215796, -1.3056201932302924, -3.2390890456807435, 3.3035401236768354
flux1:, 1.5713780502180832, 0.006487491964165816, 0.0032726868230275865, -1.2353310084173916, -3.0533273181263825, 3.112381088304847
flux1:, 1.5723604070886872, 0.006325161607281601, 0.0029573865314700266, -1.174779955456591, -2.8797076265491808, 2.9519165144047017
flux1:, 1.5733427639592912, 0.005656971392720159, 0.0025829354503440656, -1.109913868431174, -2.714596043760683, 2.779715047680724
flux1:, 1.5743251208298952, 0.005561109281600102, 0.002328474638349739, -1.0565977866101657, -2.5599668459591944, 2.6361225767266703
flux1:, 1.5753074777004992, 0.00493947916136958, 0.0020420022729336755, -0.9968312621675947, -2.4132557949490527, 2.481202726257434
flux1:, 1.576289834571103, 0.004897691139037973, 0.0018351896319460479, -0.9498984495747811, -2.27557306348271, 2.352808267353534
flux1:, 1.577272191441707, 0.004321492328427789, 0.0016198530950158985, -0.8948983421351332, -2.1452014813654454, 2.2135698052297603
flux1:, 1.578254548312311, 0.004322203226878872, 0.001450096628325291, -0.8535870567137109, -2.0226002039801165, 2.0988231438144296
flux1:, 1.579236905182915, 0.0037899806360376194, 0.001291657023562962, -0.8030221725208417, -1.9067119077168777, 1.973768580637577
flux1:, 1.580219262053519, 0.0038228008002037205, 0.0011506504290764105, -0.7666578742488367, -1.797515260063751, 1.8712540237486395
flux1:, 1.5812016189241227, 0.0033328805525584676, 0.0010372595338337047, -0.7202066906581729, -1.6944575260308463, 1.759001000982752
flux1:, 1.5821839757947267, 0.0033887513128468836, 0.0009186093364229053, -0.6881959920590968, -1.5971722059855533, 1.6674374716801605
flux1:, 1.5831663326653307, 0.0029393175478444862, 0.0008405270214852581, -0.6455514620888747, -1.5054839151946873, 1.566721536022229
flux1:, 1.5841486895359347, 0.003010517500109275, 0.0007393793152512423, -0.6173744771294442, -1.4187876657039153, 1.4849564606991852
flux1:, 1.5851310464065387, 0.002599670182390893, 0.0006886756430134964, -0.5782467507671649, -1.3371821853108612, 1.3946279841843952
flux1:, 1.5861134032771425, 0.002679743720485066, 0.0006013747853753213, -0.5534489870515333, -1.259907633010554, 1.3216279825109025
flux1:, 1.5870957601477467, 0.0023055434691375758, 0.0005716462960587293, -0.517566717618302, -1.1872538032518702, 1.2406458492746624
flux1:, 1.5880781170183504, 0.002389194415807412, 0.0004954407024048874, -0.49575121588252447, -1.1183712278772937, 1.1754861626990467
flux1:, 1.5890604738889544, 0.0020496972300082725, 0.0004815547020690452, -0.46286193951808474, -1.0536744787360948, 1.102909946243095
flux1:, 1.5900428307595584, 0.0021326751005711774, 0.00041435476440013246, -0.44368204066866984, -0.9922750370665864, 1.0447637805433652
flux1:, 1.5910251876301624, 0.0018259582876855266, 0.0004122261623005229, -0.4135519572256378, -0.9346597323077898, 0.9797454889050046
flux1:, 1.5920075445007664, 0.0019049524665012486, 0.0003524139934272583, -0.3967048418941124, -0.8799399304277125, 0.9278739217875106
flux1:, 1.5929899013713702, 0.0016291322368939044, 0.00035881432536159796, -0.36911819028014703, -0.8286334485464854, 0.8696499228613137
flux1:, 1.5939722582419742, 0.0017016794117457894, 0.0003051024805404925, -0.3543391819071512, -0.7798812124831438, 0.8233926751360873
flux1:, 1.5949546151125782, 0.0014549200463957702, 0.0003174986032477699, -0.3290973083710786, -0.7341999382227046, 0.7712760901280381
flux1:, 1.5959369719831822, 0.0015193222833828188, 0.0002688334658027673, -0.3161548320210014, -0.6907823928651295, 0.730043227418816
flux1:, 1.5969193288537862, 0.0012998366231972407, 0.0002852527881822579, -0.2930749838844926, -0.6501196228385493, 0.6834168578602655
flux1:, 1.59790168572439, 0.001355082002918444, 0.00024075665304766926, -0.2817660328156401, -0.6114725733230243, 0.6466813445191905
flux1:, 1.598884042594994, 0.001161123593340884, 0.000259675800851432, -0.26067990636933414, -0.5752882592306509, 0.6049910642860801
flux1:, 1.599866399465598, 0.0012067995352286495, 0.00021861939624614392, -0.25082590506806623, -0.5409073116656555, 0.5722820220787135
flux1:, 1.600848756336202, 0.0010366483436365242, 0.00023887332435478437, -0.23157802682233591, -0.5087195167597844, 0.535030521831307
flux1:, 1.601831113206806, 0.0010728405797322724, 0.0002006680673401871, -0.22302106099639935, -0.4781527258692407, 0.5059270519743225
flux1:, 1.6028134700774097, 0.0009247864337896545, 0.00022137662165604008, -0.20546714669830482, -0.44953061485185797, 0.4726678654752989
flux1:, 1.6037958269480137, 0.0009519633831206782, 0.00018557465874019687, -0.19806661569598819, -0.4223724796988869, 0.44679335767217915
flux1:, 1.6047781838186177, 0.0008242930002158715, 0.00020608358590918906, -0.1820720892658567, -0.39693059601693953, 0.4171251928620904
flux1:, 1.6057605406892217, 0.0008431832138226826, 0.00017237493788948012, -0.17570187948156216, -0.37281715503022156, 0.394142129821405
flux1:, 1.6067428975598257, 0.0007341765346136312, 0.00019220857644163694, -0.1611407110474447, -0.3502106879513471, 0.3677036162087648
flux1:, 1.6077252544304295, 0.0007456520632196114, 0.0001604087010674653, -0.1556869661834031, -0.32881542309977035, 0.3473089382183756
flux1:, 1.6087076113010335, 0.0006535910395815035, 0.00017923209661705383, -0.14244090705952117, -0.3087361629266002, 0.3237739326245575
flux1:, 1.6096899681716375, 0.0006585694940747842, 0.0001492585517357256, -0.13780039458798576, -0.2897664392225055, 0.3056950245801727
flux1:, 1.6106723250422414, 0.0005817584778962955, 0.00016684731203681763, -0.12575857892729983, -0.27193917401910345, 0.28476857524956894
flux1:, 1.6116546819128454, 0.0005811316791418242, 0.00013868885315843372, -0.12183755949696809, -0.2551330100795154, 0.26875988545222673
flux1:, 1.6126370387834492, 0.0005179250338245999, 0.00015490545178204585, -0.1108963560542035, -0.2393122087215201, 0.25017486467188027
flux1:, 1.6136193956540532, 0.0005125153601534343, 0.0001285892307568032, -0.10760980492076494, -0.22443526677584968, 0.23601509408815166
flux1:, 1.6146017525246572, 0.0004613463621154614, 0.00014336457132199646, -0.0976727757275709, -0.2104019852503473, 0.21952942255502103
flux1:, 1.6155841093952612, 0.00045188634271540616, 0.00011892688043924243, -0.09494379997236682, -0.1972447486703982, 0.20701917581452303
flux1:, 1.6165664662658652, 0.0004112921022260522, 0.0001322459063883098, -0.08592164271548217, -0.18480375766771814, 0.19241351210043756
flux1:, 1.617548823136469, 0.00039842016926131343, 0.00010971004187141801, -0.08368097196453722, -0.17317890790583176, 0.1813732871486347
flux1:, 1.618531180007073, 0.0003670593322525816, 0.00012160019522221636, -0.07549137767992314, -0.16215606362169607, 0.16844904859440418
flux1:, 1.619513536877677, 0.00035132478655018124, 0.0001009627135825772, -0.0736768620482446, -0.15189608118097742, 0.1587174606898123
flux1:, 1.620495893748281, 0.00032798701338824187, 0.00011148422824321014, -0.06624426954454565, -0.14213595935168397, 0.14729506850369362
flux1:, 1.621478250618885, 0.00030985899123690195, 9.270903949346183e-05, -0.06480035784572821, -0.13309096482941526, 0.1387272360863512
flux1:, 1.6224606074894887, 0.0002934668393119159, 0.00010194637110967836, -0.0580556168581973, -0.12445476200030159, 0.128644512028365
flux1:, 1.6234429643600927, 0.0002733441931394654, 8.496506262343442e-05, -0.056932817070770525, -0.11649059747038898, 0.12111056243385641
flux1:, 1.6244253212306967, 0.00026294888323529034, 9.301909609871557e-05, -0.05081278933599775, -0.10885428767810167, 0.1122212380745613
flux1:, 1.6254076781013007, 0.00024116964529998433, 7.773552561093115e-05, -0.0499671249946414, -0.10185082524441809, 0.10560491480063712
flux1:, 1.6263900349719047, 0.0002359423904346897, 8.471649065227148e-05, -0.04441425225751596, -0.09510354977402237, 0.09777723637797069
flux1:, 1.6273723918425085, 0.0002127925593964288, 7.101380155715995e-05, -0.04380673100567442, -0.08895320693021715, 0.09197460068537539
flux1:, 1.6283547487131127, 0.0002120129794957979, 7.70350042231812e-05, -0.03876859641560303, -0.08299587038469784, 0.08509002427881061
flux1:, 1.6293371055837165, 0.00018773485734887684, 6.478354380261944e-05, -0.038364706177176564, -0.07760230738488746, 0.0800082502524103
flux1:, 1.6303194624543205, 0.00019077774057426654, 6.995609592870681e-05, -0.033793608489330475, -0.07234635068619504, 0.07396022965954133
flux1:, 1.6313018193249245, 0.0001655780924615746, 5.902111312418006e-05, -0.033562851450287035, -0.06762332445791215, 0.0695164940497328
flux1:, 1.6322841761955285, 0.00017189949767529555, 6.344982924199428e-05, -0.02941540369834065, -0.06298964757510238, 0.06420936412228899
flux1:, 1.6332665330661325, 0.00014595764528713766, 5.369819357390183e-05, -0.029330872391980383, -0.05885999883800488, 0.060329829371548446
flux1:, 1.6342488899367362, 0.00015508115139055564, 5.7478752100980284e-05, -0.025567629101607144, -0.05477800794378258, 0.0556777857124892
flux1:, 1.6352312468073402, 0.00012855688728158172, 4.878424635352625e-05, -0.02560562350542731, -0.051172759955893626, 0.05229667337051115
flux1:, 1.6362136036779442, 0.00014006066263694007, 5.200161674966909e-05, -0.02219073658728509, -0.04757951732211275, 0.04822284750990783
flux1:, 1.6371959605485482, 0.00011310167879077371, 4.4248610775999866e-05, -0.022330420119738802, -0.04443706873140891, 0.04528159719354329
flux1:, 1.6381783174191522, 0.00012660692532737562, 4.6976652933347525e-05, -0.019231322630601986, -0.041276527301110075, 0.04171722357672078
flux1:, 1.639160674289756, 9.935534191627838e-05, 4.006216124084107e-05, -0.01945441436872276, -0.03854192445849576, 0.039163731844610014
flux1:, 1.64014303116036, 0.0001145165600050215, 4.236420403898302e-05, -0.01664153166861524, -0.035764232190498006, 0.03604740086513768
flux1:, 1.641125388030964, 8.711413184836151e-05, 3.6198471739713456e-05, -0.01693203293746645, -0.033388509645084094, 0.03383533343975694
flux1:, 1.642107744901568, 0.00010361152060358615, 3.812860520079526e-05, -0.014378519823301189, -0.03094937260917364, 0.03111232199036664
flux1:, 1.643090101772172, 7.620317021915771e-05, 3.263448388407509e-05, -0.014722471224727168, -0.028888953378453288, 0.029200492810109637
flux1:, 1.6440724586427757, 9.373730443585957e-05, 3.423926086320592e-05, -0.012403971848757165, -0.026749049850258687, 0.02682216213652133
flux1:, 1.6450548155133797, 6.647275840078508e-05, 2.9350707321594008e-05, -0.012789236628171193, -0.024965199818139338, 0.025173973208189718
flux1:, 1.6460371723839837, 8.476150780581228e-05, 3.067094353426137e-05, -0.01068366462057785, -0.023089641442024803, 0.02309722269502603
flux1:, 1.6470195292545877, 5.779499062350677e-05, 2.633100777915605e-05, -0.01109973531568317, -0.02154797435089801, 0.021680159812022728
flux1:, 1.6480018861251917, 7.657246735162233e-05, 2.7403403733549978e-05, -0.009187072575355369, -0.01990581239383666, 0.019866925316905013
flux1:, 1.6489842429957955, 5.0060594507287764e-05, 2.3562061982762268e-05, -0.009624898635388441, -0.018575842122660342, 0.018652105695710984
flux1:, 1.6499665998663995, 6.907775338877056e-05, 2.4420438125968993e-05, -0.007887011416010123, -0.017139618445919023, 0.017068891870835965
flux1:, 1.6509489567370035, 4.317594751501015e-05, 2.1032574083504582e-05, -0.008338844801143948, -0.015994355737189696, 0.01603066080621191
flux1:, 1.6519313136076075, 6.220234719349025e-05, 2.170861152823913e-05, -0.006759314924521976, -0.014739698946179962, 0.014648099316146645
flux1:, 1.6529136704782115, 3.706025730137406e-05, 1.8732378281154928e-05, -0.007218570833286254, -0.01375528955934994, 0.013763673806397255
flux1:, 1.6538960273488152, 5.5886430527397065e-05, 1.92558678404713e-05, -0.005782542278262406, -0.012660556178182516, 0.012556102349434328
flux1:, 1.6548783842194192, 3.16429425347853e-05, 1.66515638106989e-05, -0.0062436721222960895, -0.011815956797527337, 0.011805258185330998
flux1:, 1.6558607410900232, 5.008285187319434e-05, 1.7050255831680274e-05, -0.004937706507610833, -0.010861917434828708, 0.010750319423338818
flux1:, 1.6568430979606272, 2.6861290364677576e-05, 1.4779724743745076e-05, -0.005396085734741658, -0.01013860287486115, 0.010115122930092939
flux1:, 1.6578254548312312, 4.4754353978085496e-05, 1.507892084907911e-05, -0.004208036548017075, -0.00930816736925364, 0.009193381853412973
flux1:, 1.658807811701835, 2.2658457555559487e-05, 1.310544641447776e-05, -0.004659856086670376, -0.00868986824651184, 0.008657954172030937
flux1:, 1.659790168572439, 3.987084903051606e-05, 1.3327513420579114e-05, -0.003578745823494032, -0.007967850723819642, 0.007852539836132913
flux1:, 1.660772525443043, 1.8981919928390462e-05, 1.1616064532700222e-05, -0.004020915755060226, -0.007440313966226805, 0.00740285553580685
flux1:, 1.661754882313647, 3.5406888705783714e-05, 1.178000906099994e-05, -0.003036826026940703, -0.006813229305186521, 0.006699128725375943
flux1:, 1.662737239184251, 1.578236430237016e-05, 1.0297700419318241e-05, -0.003466885908797191, -0.00636400008682702, 0.006322838620197771
flux1:, 1.6637195960548548, 3.133953530830636e-05, 1.0418907655815416e-05, -0.0025708552922881563, -0.005819887942600418, 0.005708089834801098
flux1:, 1.6647019529254587, 1.301300840345266e-05, 9.13552726553407e-06, -0.002986892101579601, -0.005438109860474179, 0.005394363030266882
flux1:, 1.6656843097960627, 2.764673202876652e-05, 9.225709461000827e-06, -0.002170821619819723, -0.004966380689617043, 0.0048575426772413995
flux1:, 1.6666666666666667, 1.0629271778502489e-05, 8.114190386177695e-06, -0.002571395240308192, -0.004642612465010516, 0.004596922625625482
