flux1:, 1.1764705882352942, 0.0001492580223570903, 9.505821767334517e-05, -0.0010560323051213897, -0.003537832149419408, 0.0029372894045315767
flux1:, 1.1774529451058982, 0.00013868560099664128, 9.254841619788248e-05, -0.0012358949013418846, -0.0037922355091682272, 0.0032267080904475986
flux1:, 1.1784353019765021, 0.00012577926424527138, 8.948380057012875e-05, -0.0014394938311351943, -0.004078768804724806, 0.0035608278948599456
flux1:, 1.179417658847106, 0.0001109271342883729, 8.594097813861478e-05, -0.0016642559548153098, -0.00440045000294437, 0.003940843488083756
flux1:, 1.18040001571771, 9.462568557744507e-05, 8.201800625265096e-05, -0.0019067853710987802, -0.004759889433168863, 0.00436684296067196
flux1:, 1.181382372588314, 7.747025419844929e-05, 7.783261091125974e-05, -0.00216301636715333, -0.005159200039116436, 0.004837781459774101
flux1:, 1.182364729458918, 6.014105378338109e-05, 7.35195591315113e-05, -0.0024284164847809785, -0.0055999287740855185, 0.005351512153028854
flux1:, 1.183347086329522, 4.338485524849788e-05, 6.922721075313518e-05, -0.002698232766299411, -0.006083014519296158, 0.005904877950301036
flux1:, 1.1843294432001257, 2.7992662845813697e-05, 6.511330772720208e-05, -0.002967771340719074, -0.00660877706094359, 0.0064938647022975485
flux1:, 1.1853118000707297, 1.4773895168726777e-05, 6.134009184833865e-05, -0.0032326979129389654, -0.007176940522616835, 0.007113813624528473
flux1:, 1.1862941569413337, 4.52775023328832e-06, 5.806887420431914e-05, -0.0034893445932932246, -0.0077866932481598095, 0.007759687592469007
flux1:, 1.1872765138119377, -1.987408334078286e-06, 5.545421006889671e-05, -0.0037350070066688662, -0.0084367845137642, 0.00842638286373891
flux1:, 1.1882588706825417, -4.085668539785621e-06, 5.363786026290271e-05, -0.0039682148846024055, -0.009125656679572278, 0.009109074861349839
flux1:, 1.1892412275531457, -1.1851029488229054e-06, 5.2742742858726034e-05, -0.004188959470142581, -0.009851609546080935, 0.009803584059185706
flux1:, 1.1902235844237494, 7.161950463872251e-06, 5.286709628688352e-05, -0.004398862118955883, -0.010612991844066501, 0.010506745903046222
flux1:, 1.1912059412943534, 2.1241069683608207e-05, 5.407908529616019e-05, -0.004601270476297647, -0.011408413051411237, 0.011216767223858304
flux1:, 1.1921882981649574, 4.1151602887593e-05, 5.641208387232937e-05, -0.0048012715157583, -0.012236967189975167, 0.011933550878553217
flux1:, 1.1931706550355614, 6.678736179417095e-05, 5.98608633928985e-05, -0.005005614453193998, -0.013098459003622427, 0.012658970486660776
flux1:, 1.1941530119061654, 9.782322964062284e-05, 6.437889950971965e-05, -0.005222540961038361, -0.013993622039993185, 0.013397078178760699
flux1:, 1.1951353687767692, 0.0001337086223764128, 6.987698732413248e-05, -0.0054615250141100535, -0.014924317727965156, 0.01415423025823531
flux1:, 1.1961177256473732, 0.00017366856048402587, 7.622332150161772e-05, -0.005732929866984845, -0.015893704617341867, 0.014939118575655502
flux1:, 1.1971000825179772, 0.00021671288716055347, 8.324515656937309e-05, -0.006047594832801202, -0.016906367564410853, 0.015762699153732
flux1:, 1.1980824393885812, 0.0002616539119228357, 9.073211361241982e-05, -0.006416369415751058, -0.017968397819510634, 0.016638014059550874
flux1:, 1.1990647962591852, 0.000307132474228108, 9.844114415685053e-05, -0.00684961665422227, -0.01908741668690684, 0.01757990753355425
flux1:, 1.200047153129789, 0.0003516521181448815, 0.00010610310176622065, -0.00735671097207297, -0.020272537641532435, 0.01860464274421612
flux1:, 1.201029510000393, 0.0003936207564344001, 0.0001134308086489606, -0.007945558155727185, -0.021534264430802183, 0.01972943100154383
flux1:, 1.202011866870997, 0.0004313988915744287, 0.00012012844051750359, -0.00862216605214279, -0.02288432566638098, 0.0209718905663234
flux1:, 1.202994223741601, 0.00046335316383532037, 0.0001259019903842414, -0.009390294060171089, -0.024335449598448272, 0.022349457055767366
flux1:, 1.203976580612205, 0.00048791372429035954, 0.00013047051338979914, -0.01025120737142005, -0.025901086022260964, 0.02387877159147393
flux1:, 1.2049589374828087, 0.0005036336951586144, 0.00013357780263690625, -0.011203558196467803, -0.02759508543770661, 0.025575075997893718
flux1:, 1.2059412943534127, 0.0005092487920365375, 0.00013500410280555084, -0.012243410966447637, -0.02943134850243015, 0.027451646302577164
flux1:, 1.2069236512240167, 0.0005037350521178192, 0.00013457743635868514, -0.01336442189613669, -0.03142346132395025, 0.029519296320851134
flux1:, 1.2079060080946207, 0.00048636254763422416, 0.00013218409847092435, -0.014558175588174595, -0.03358433406889759, 0.031785982090050194
flux1:, 1.2088883649652247, 0.0004567429707044314, 0.00012777787314454016, -0.015814672890988472, -0.03592586158780328, 0.03425653528242764
flux1:, 1.2098707218358287, 0.0004148690584780417, 0.00012138753559098779, -0.01712295539560157, -0.038458625146026694, 0.0369325494783446
flux1:, 1.2108530787064324, 0.00036114398724668915, 0.00011312223561153157, -0.018471843238140252, -0.041191653831354244, 0.03981243740972488
flux1:, 1.2118354355770364, 0.0002963990996261644, 0.0001031744035762479, -0.019850754744922462, -0.04413226273281438, 0.042891670161212266
flux1:, 1.2128177924476404, 0.00022189863567941803, 9.181988420667169e-05, -0.021250569421759773, -0.047285982551375554, 0.04616320109457013
flux1:, 1.2138001493182444, 0.00013933050976684764, 7.941508257225742e-05, -0.022664490318237775, -0.05065659196028549, 0.04961806827056606
flux1:, 1.2147825061888484, 5.078260005587155e-05, 6.639099970309032e-05, -0.024088858321345726, -0.05424625987495958, 0.05324615977241028
flux1:, 1.2157648630594522, -4.129551545080844e-05, 5.324413952613925e-05, -0.025523869801217597, -0.058055799964742145, 0.05703711702845834
flux1:, 1.2167472199300562, -0.00013414494841282017, 4.052438137398592e-05, -0.02697415049305588, -0.062085034428558554, 0.06098134246069504
flux1:, 1.2177295768006602, -0.00022476308231751178, 2.8820029474509623e-05, -0.02844914268382719, -0.06633325848994198, 0.06507107003088451
flux1:, 1.2187119336712642, -0.00030998091630128356, 1.8740368561150868e-05, -0.029963269657886663, -0.07079979150023832, 0.06930145098531029
flux1:, 1.2196942905418682, -0.00038655026638843983, 1.0896168680765943e-05, -0.03153585078741538, -0.07548459524692791, 0.07367160273905975
flux1:, 1.220676647412472, -0.000451238489732493, 5.878687896309926e-06, -0.033190752305638595, -0.08038893532965521, 0.07818556675650343
flux1:, 1.221659004283076, -0.0005009280277211497, 4.237814352842405e-06, -0.03495577221100366, -0.08551605756507193, 0.08285312175267691
flux1:, 1.22264136115368, -0.0005327177705181807, 6.46006473893033e-06, -0.03686177232142891, -0.09087184856827357, 0.08769040173128827
flux1:, 1.223623718024284, -0.0005440230426894056, 1.2947210524866035e-05, -0.038941585512856494, -0.09646544815363196, 0.09272027433448364
flux1:, 1.224606074894888, -0.0005326709082056538, 2.3996333012461853e-05, -0.04122874085334125, -0.10230978117200577, 0.09797244361753377
flux1:, 1.2255884317654917, -0.0004969875013448312, 3.978211041528556e-05, -0.04375606283836909, -0.10842197796655302, 0.10348325244754181
flux1:, 1.2265707886360957, -0.00043587421216238265, 6.034211297528916e-05, -0.0465542124184108, -0.11482365582474913, 0.10929517288683067
flux1:, 1.2275531455066997, -0.00034886979162222743, 8.556582458080236e-05, -0.049650246187064255, -0.12154103859319795, 0.11545598765616266
flux1:, 1.2285355023773037, -0.00023619578837915118, 0.000115188021637942, -0.05306627527610276, -0.12860489788429275, 0.12201768145949238
flux1:, 1.2295178592479077, -9.878317862003213e-05, 0.00014878702337403296, -0.0568183066151381, -0.1360503068394658, 0.12903507687656965
flux1:, 1.2305002161185117, 6.172140974117204e-05, 0.00018578818482117515, -0.06091534587728465, -0.14391620594435575, 0.13656426491367413
flux1:, 1.2314825729891155, 0.00024297086260571829, 0.0002254728381020534, -0.06535883348472679, -0.1522447895674443, 0.1446608943341202
flux1:, 1.2324649298597194, 0.00044195444879057495, 0.0002669927040879614, -0.07014247255029415, -0.16108073131338047, 0.15337839576965331
flux1:, 1.2334472867303234, 0.0006550560023827942, 0.00030938960077052467, -0.07525249091968898, -0.1704702754956042, 0.16276622558379594
flux1:, 1.2344296436009274, 0.0008781323137769574, 0.0003516200733758098, -0.08066835912755013, -0.18046023057548366, 0.17286821985878345
flux1:, 1.2354120004715314, 0.0011066099253843281, 0.0003925843715534053, -0.08636396291884439, -0.19109690781579264, 0.1837211501714995
flux1:, 1.2363943573421352, 0.0013355978685443378, 0.00043115900849981345, -0.09230920405897995, -0.20242505421118534, 0.1953535696461108
flux1:, 1.2373767142127392, 0.0015600132832504687, 0.0004662319633374009, -0.09847197767934464, -0.21448683258775533, 0.2077850299486731
flux1:, 1.2383590710833432, 0.0017747163548068254, 0.0004967394390067624, -0.10482044973310113, -0.22732090327798207, 0.22102573747243878
flux1:, 1.2393414279539472, 0.0019746506018756458, 0.0005217029704040593, -0.11132553566502812, -0.24096166073936015, 0.23507670023271474
flux1:, 1.2403237848245512, 0.0021549842755776523, 0.0005402655977811071, -0.11796346253626416, -0.2554386747631117, 0.24993039646532775
flux1:, 1.241306141695155, 0.0023112484923010156, 0.0005517257837279904, -0.12471828288522402, -0.2707763795088372, 0.2655719723476332
flux1:, 1.242288498565759, 0.002439467731876287, 0.0005555677622312331, -0.13158420069987617, -0.28699404462639566, 0.28198095058700284
flux1:, 1.243270855436363, 0.0025362784908817995, 0.0005514870676301788, -0.13856756891790395, -0.30410605144784864, 0.29913340497264906
flux1:, 1.244253212306967, 0.0025990321857210837, 0.0005394101003048369, -0.14568842445289829, -0.32212248404239974, 0.31700452961651904
flux1:, 1.245235569177571, 0.002625878844041163, 0.0005195067432612202, -0.1529814410969198, -0.34105003033752346, 0.3355715068490415
flux1:, 1.2462179260481747, 0.0026158286929814185, 0.0004921952461466947, -0.16049620259097575, -0.3608931731384415, 0.35481655592875416
flux1:, 1.2472002829187787, 0.002568789430732523, 0.00045813883539462817, -0.16829672709240442, -0.3816556354215296, 0.37473002716914794
flux1:, 1.2481826397893827, 0.002485577731682749, 0.0004182337841383548, -0.17646020917082356, -0.4033420294868575, 0.39531339395378534
flux1:, 1.2491649966599867, 0.002367904359185907, 0.0003735889745218379, -0.18507498490593052, -0.4259596461978101, 0.41658198939452007
flux1:, 1.2501473535305907, 0.0022183331151798672, 0.0003254972979759024, -0.19423776787169325, -0.4495203093616408, 0.43856733582627694
flux1:, 1.2511297104011945, 0.0020402147124258564, 0.0002753995547012442, -0.20405024669675206, -0.4740422120100064, 0.46131892436666866
flux1:, 1.2521120672717985, 0.0018375974823753537, 0.0002248418201132886, -0.21461517624045207, -0.49955164651888173, 0.4849053184898756
flux1:, 1.2530944241424025, 0.0016151175996363001, 0.00017542753113456206, -0.22603213187360208, -0.5260845396375009, 0.5094144796929264
flux1:, 1.2540767810130065, 0.0013778721846574354, 0.00012876579699890492, -0.23839312759209808, -0.5536877068799083, 0.5349532441981475
flux1:, 1.2550591378836105, 0.0011312792143163266, 8.641764628894972e-05, -0.25177832156495306, -0.5824197484937584, 0.5616459161917328
flux1:, 1.2560414947542144, 0.0008809286044730523, 4.984207410309149e-05, -0.26625204537581754, -0.612351521271433, 0.5896319839396793
flux1:, 1.2570238516248182, 0.0006324291128403803, 2.0343841983912955e-05, -0.2818593941885454, -0.6435661365093465, 0.6190630085387044
flux1:, 1.2580062084954222, 0.0003912558338996857, -9.749979976023938e-07, -0.29862360343515737, -0.6761584539346356, 0.6500987790895013
flux1:, 1.2589885653660262, 0.00016260301531183122, -1.3257938890203966e-05, -0.31654441304462494, -0.7102340636853104, 0.6829028706003298
flux1:, 1.2599709222366302, -4.875328125164843e-05, -1.592942888524039e-05, -0.3355975830498588, -0.7459077725503758, 0.7176377797427462
flux1:, 1.2609532791072342, -0.00023857851490271135, -8.721275067788196e-06, -0.35573567566696157, -0.7833016355969671, 0.7544598465224333
flux1:, 1.261935635977838, -0.00040328534169462054, 8.311265557236244e-06, -0.37689016035847644, -0.8225425988767485, 0.7935141949730529
flux1:, 1.262917992848442, -0.0005400186070622766, 3.478467798076542e-05, -0.3989748323749636, -0.8637598418959248, 0.83492994135568
flux1:, 1.263900349719046, -0.0006467173580613376, 6.999424624125073e-05, -0.42189046474827363, -0.9070819287340249, 0.878815922628999
flux1:, 1.26488270658965, -0.0007221523791729491, 0.00011293313078441873, -0.44553054214607973, -0.9526338929474999, 0.9252571901797237
flux1:, 1.265865063460254, -0.0007659385967407037, 0.0001623231702252963, -0.46978785605261186, -1.0005343926487944, 0.974312493520357
flux1:, 1.266847420330858, -0.0007785225474682798, 0.0002166566530821843, -0.49456167834839204, -1.0508930775476082, 1.026012946016069
flux1:, 1.2678297772014617, -0.0007611459336326964, 0.00027424785675160215, -0.5197651782423685, -1.1038083086384307, 1.0803620204488136
flux1:, 1.2688121340720657, -0.0007157870607076797, 0.0003332927310099573, -0.5453327092484549, -1.1593653632581777, 1.1373369677426362
flux1:, 1.2697944909426697, -0.0006450826433625694, 0.00039193472944804817, -0.5712265714998436, -1.2176352433685687, 1.1968916894289288
flux1:, 1.2707768478132737, -0.0005522330483015792, 0.0004483344812323367, -0.5974428525673086, -1.278674183423364, 1.2589610259317106
flux1:, 1.2717592046838777, -0.00044089449684357447, 0.0005007407624408769, -0.6240159685999663, -1.3425239266771782, 1.323466351455405
flux1:, 1.2727415615544815, -0.00031506206168537004, 0.0005475600834876172, -0.65102156759473, -1.4092128062406633, 1.390322295450005
flux1:, 1.2737239184250855, -0.000178947452259991, 0.0005874221663157007, -0.678577517385283, -1.4787576308339663, 1.4594443437952542
flux1:, 1.2747062752956895, -3.685558926316315e-05, 0.000619238647964189, -0.7068427808217357, -1.5511663365630857, 1.5307570135016346
flux1:, 1.2756886321662935, 0.00010693617445653542, 0.0006422525176726023, -0.7360140768097059, -1.6264413268572597, 1.604202246263571
flux1:, 1.2766709890368975, 0.00024829261176602765, 0.0006560760704741939, -0.7663203345098983, -1.7045833848282292, 1.6797476316879887
flux1:, 1.2776533459075012, 0.00038332578793470984, 0.0006607155344735099, -0.7980150642665603, -1.7855960076365032, 1.7573940530693208
flux1:, 1.2786357027781052, 0.000508488172384447, 0.0006565809906590529, -0.8313668872068287, -1.8694899828607283, 1.8371823491424064
flux1:, 1.2796180596487092, 0.0006206516138524921, 0.0006444807380877155, -0.8666485798680135, -1.956288004092368, 1.9191986055178343
flux1:, 1.2806004165193132, 0.0007171707271867547, 0.0006255998449413893, -0.9041250944044161, -2.0460291085339217, 2.003577729791762
flux1:, 1.2815827733899172, 0.0007959298880077066, 0.0006014632456571599, -0.9440411027013799, -2.1387727144769513, 2.090505023989523
flux1:, 1.282565130260521, 0.0008553736679468155, 0.0005738843722378658, -0.9866086783259401, -2.2346020419782637, 2.1802155454130845
flux1:, 1.283547487131125, 0.0008945211397282237, 0.0005449009187724268, -1.031995768630513, -2.3336267162196838, 2.2729911395445703
flux1:, 1.284529844001729, 0.0009129650123499991, 0.0005166999066412755, -1.0803161165583066, -2.435984379785326, 2.369155132898049
flux1:, 1.285512200872333, 0.0009108570002823281, 0.0004915347190293415, -1.1316212651387525, -2.54184117678336, 2.469064785349254
flux1:, 1.286494557742937, 0.0008888811701407346, 0.0004716371841756788, -1.1858952162760583, -2.651391017202928, 2.573101715583437
flux1:, 1.2874769146135407, 0.0008482172327198681, 0.0004591280870077312, -1.2430522198962206, -2.764853582480671, 2.681660624546181
flux1:, 1.2884592714841447, 0.0007904958528706863, 0.0004559296619422512, -1.3029380423392622, -2.8824710908507094, 2.795136744613174
flux1:, 1.2894416283547487, 0.0007177480362986963, 0.0004636836538074258, -1.3653349083747481, -3.0045039012103136, 2.913912531121053
flux1:, 1.2904239852253527, 0.0006323505292017384, 0.00048367842246920055, -1.4299701354175258, -3.131225094214709, 3.0383441827531743
flux1:, 1.2914063420959567, 0.000536968947968843, 0.00051678830903543, -1.496528288963992, -3.2629142262370827, 3.1687486234730313
flux1:, 1.2923886989665605, 0.00043450006138093174, 0.0005634280827591016, -1.5646664937621524, -3.3998505027902177, 3.305391597521156
flux1:, 1.2933710558371645, 0.00032801430056158425, 0.0006235247593450116, -1.634032345397949, -3.542305660223831, 3.448477517793201
flux1:, 1.2943534127077685, 0.00022069919887343048, 0.0006965084405506025, -1.704283691942328, -3.6905368754356123, 3.598141665322624
flux1:, 1.2953357695783725, 0.00011580409311898971, 0.0007813230944021701, -1.7751094050326417, -3.8447800408658077, 3.7544452636681243
flux1:, 1.2963181264489765, 1.65860767344503e-05, 0.0008764574023241753, -1.8462501437655197, -4.005243744529865, 3.9173738482981832
flux1:, 1.2973004833195805, -7.374308856736579e-05, 0.0009799949749782514, -1.9175180413435398, -4.172104281321678, 4.0868392206624
flux1:, 1.2982828401901843, -0.00015206960101997016, 0.0010896824161219316, -1.9888142203530437, -4.34550199199927, 4.2626851240866035
flux1:, 1.2992651970607882, -0.00021543039215687407, 0.0012030129280203015, -2.0601430725157144, -4.525539180627189, 4.444696609825315
flux1:, 1.3002475539313922, -0.00026106664724797604, 0.0013173224373081653, -2.1316223250629434, -4.712279801071129, 4.632612883566323
flux1:, 1.3012299108019962, -0.00028647855557207815, 0.001429894609453072, -2.2034880580931584, -4.905751030435598, 4.826143243323983
flux1:, 1.3022122676726002, -0.00028948154006287746, 0.0015380706426255473, -2.276094032108484, -5.1059467648724866, 5.0249855474255956
flux1:, 1.303194624543204, -0.0002682638781839121, 0.0016393594128041131, -2.34990492623374, -5.3128329842962145, 5.22884649481968
flux1:, 1.304176981413808, -0.00022144520083218274, 0.0017315434004175768, -2.42548336648197, -5.526354841106447, 5.437462867630635
flux1:, 1.305159338284412, -0.00014813486769185341, 0.00181277587697155, -2.5034709284015997, -5.746445238216023, 5.6506227855201185
flux1:, 1.306141695155016, -4.798869576247454e-05, 0.0018816650723969548, -2.584563616071914, -5.973034577858221, 5.868185959741963
flux1:, 1.30712405202562, 7.873800260177209e-05, 0.0019373414765956893, -2.6694826346197145, -6.20606128910726, 6.090101917090247
flux1:, 1.308106408896224, 0.00023114359733282413, 0.00197950503974301, -2.758941570323496, -6.44548268284673, 6.316425193819237
flux1:, 1.3090887657668278, 0.0004076424632598852, 0.0020084498050721546, -2.8536113548522235, -6.691285641641278, 6.5473265785783505
flux1:, 1.3100711226374318, 0.0006059396661825167, 0.0020250644071923714, -2.954084602834387, -6.9434966315614, 6.783099610759272
flux1:, 1.3110534795080357, 0.0008230213709487179, 0.002030807863870785, -3.060841060753195, -7.202190525587775, 7.0241617134075796
flux1:, 1.3120358363786397, 0.0010551642921062128, 0.002027661139530674, -3.1742159784112345, -7.46749775491314, 7.2710495526736505
flux1:, 1.3130181932492437, 0.001297967270140307, 0.002018056020440451, -3.2943732030613284, -7.73960935534492, 7.524408461150627
flux1:, 1.3140005501198475, 0.0015464076066530196, 0.0020047838685201035, -3.4212846955496774, -8.018779549997683, 7.7849760309024205
flux1:, 1.3149829069904515, 0.0017949241279846678, 0.0019908877664176487, -3.554717976338006, -8.305325604339826, 8.053560262379092
flux1:, 1.3159652638610555, 0.0020375280779333206, 0.001979542386457218, -3.6942327302293125, -8.599624802093565, 8.331012935408475
flux1:, 1.3169476207316595, 0.0022679418873484286, 0.001973926569478399, -3.839187439754023, -8.902108516154906, 8.618199135006776
flux1:, 1.3179299776022635, 0.0024797646639993596, 0.001977094051595223, -3.9887564905257173, -9.213253482429158, 8.915964104656412
flux1:, 1.3189123344728673, 0.0026666619336171422, 0.0019918480002066256, -4.141957713639447, -9.5335705204223, 9.225098800229096
flux1:, 1.3198946913434713, 0.002822575795275862, 0.002020624997071939, -4.297689819991558, -9.863591076375757, 9.546305667250005
flux1:, 1.3208770482140753, 0.002941950291866345, 0.0020653938281022886, -4.454778661767801, -10.203852086289487, 9.880166252709804
flux1:, 1.3218594050846793, 0.0030199655051113337, 0.0021275739100307858, -4.612030751569969, -10.554879761142878, 10.227112282424372
flux1:, 1.3228417619552832, 0.00305277273267191, 0.0022079774180441846, -4.76829200492378, -10.917172979214337, 10.587401780966397
flux1:, 1.323824118825887, 0.0030377221600825133, 0.002306778201782142, -4.922509272002098, -11.29118702564674, 10.961101681555665
flux1:, 1.324806475696491, 0.002973573766317541, 0.0024235094263906905, -5.073791912582881, -11.67731844325963, 11.348078169399177
flux1:, 1.325788832567095, 0.002860681855368325, 0.0025570905965036335, -5.221470464990669, -12.075891748420046, 11.74799572872257
flux1:, 1.326771189437699, 0.0027011436335724927, 0.002705883267758213, -5.3651493816608395, -12.487148720188745, 12.16032552950593
flux1:, 1.327753546308303, 0.002498902686592612, 0.0028677733820318386, -5.50475086267318, -12.911240890347354, 12.584363406246519
flux1:, 1.3287359031789068, 0.0022597990681844033, 0.0030402768414906287, -5.640547020064508, -13.348225748166737, 13.019257262462265
flux1:, 1.3297182600495108, 0.0019915589948457063, 0.003220663725782436, -5.773177949535987, -13.798067030518753, 13.46404329791588
flux1:, 1.3307006169201148, 0.0017037188268624835, 0.0034060955169821013, -5.903653765229118, -14.260639300295496, 13.917690019325706
flux1:, 1.3316829737907188, 0.0014074800685865052, 0.0035937688837255955, -6.03333925371829, -14.735736830567372, 14.379148579214142
flux1:, 1.3326653306613228, 0.0011154944815145072, 0.003781059036946492, -6.163920505029636, -15.223086616177817, 14.84740761127283
flux1:, 1.3336476875319265, 0.0008415809977104031, 0.00396565544190588, -6.297353655235194, -15.722365137015725, 15.321550413283127
flux1:, 1.3346300444025305, 0.0006003788576747363, 0.004145682779254976, -6.435796695906646, -16.233218307031045, 15.800812087597144
flux1:, 1.3356124012731345, 0.00040694417267444, 0.004319800501873922, -6.581526135720227, -16.75528386924403, 16.284634099433767
flux1:, 1.3365947581437385, 0.00027629981472177624, 0.004487275128814013, -6.736841101560727, -17.288215348309624, 16.77271366648928
flux1:, 1.3375771150143425, 0.00022295105115883093, 0.004648020531497332, -6.903958202674836, -17.831706556681183, 17.26504545723726
flux1:, 1.3385594718849465, 0.00026038154870734986, 0.004802602863234148, -7.084901114860653, -18.38551557486819, 17.76195325315877
flux1:, 1.3395418287555503, 0.00040054616262883677, 0.004952208409047678, -7.281389338042941, -18.9494870961794, 18.264109520228757
flux1:, 1.3405241856261543, 0.0006533781993103741, 0.005098574423438536, -7.494730909996399, -19.523572045063172, 18.772541230739385
flux1:, 1.3415065424967583, 0.0010263295094466007, 0.0052438849027943565, -7.725723997622599, -20.107843447254925, 19.28862076628226
flux1:, 1.3424888993673623, 0.001523961767989888, 0.005390635122372538, -7.974572218410348, -20.702507648521205, 19.814041300118607
flux1:, 1.3434712562379663, 0.0021476065839205393, 0.005541470566254187, -8.24081826052316, -21.307910143817285, 20.35077668172733
flux1:, 1.34445361310857, 0.002895110642222977, 0.005699007502679603, -8.52329987144517, -21.92453548471343, 20.901026504028792
flux1:, 1.345435969979174, 0.003760679925775006, 0.005865643820333332, -8.820131582980919, -22.553000972521072, 21.4671476979879
flux1:, 1.346418326849778, 0.004734834239862518, 0.0060433697643423, -9.128714654946673, -23.194044108343142, 22.051574641907496
flux1:, 1.347400683720382, 0.005804479840202939, 0.006233588826281775, -9.445776680391521, -23.848504048351778, 22.65673036511099
flux1:, 1.348383040590986, 0.006953104048739209, 0.006436959197637715, -9.767441139154194, -24.517297591019453, 23.28493194020264
flux1:, 1.34936539746159, 0.008161091457729325, 0.006653265856522245, -10.08932595824377, -25.20139049027733, 23.938293569080646
flux1:, 1.3503477543321938, 0.00940615682138483, 0.006881332509285943, -10.406668886404155, -25.901765132039973, 24.618631152937365
flux1:, 1.3513301112027978, 0.010663885181733081, 0.007118981260981388, -10.714476268853618, -26.619385819177147, 25.32737227773212
flux1:, 1.3523124680734018, 0.011908365348583897, 0.00736304607368353, -11.007690670139592, -27.355163070930796, 26.065475531415093
flux1:, 1.3532948249440058, 0.013112898733506358, 0.007609443845102927, -11.28137179051363, -28.109918447682517, 26.83336289108123
flux1:, 1.3542771818146098, 0.014250761902426768, 0.00785330437942025, -11.530884302624223, -28.884351453764193, 27.630868577355535
flux1:, 1.3552595386852135, 0.01529599822804635, 0.008089157725354961, -11.752085643173753, -29.67901004508329, 28.457207276807253
flux1:, 1.3562418955558175, 0.01622421184100567, 0.008311174437343343, -11.941506462791054, -30.494266173132004, 29.310963994999405
flux1:, 1.3572242524264215, 0.01701333582174934, 0.008513451400947145, -12.096516391251965, -31.330297633689153, 30.19010704342217
flux1:, 1.3582066092970255, 0.017644346336585945, 0.008690333087433708, -12.215468027538574, -32.18707726192974, 31.092024809567402
flux1:, 1.3591889661676295, 0.018101895258057155, 0.008836755601048785, -12.297812615877538, -33.06437023311638, 32.01358604214317
flux1:, 1.3601713230382333, 0.018374835737738637, 0.0089485987881009, -12.344181708081749, -33.96173990013914, 32.95122243842836
flux1:, 1.3611536799088373, 0.01845661819239219, 0.0090230301118938, -12.356430214702343, -34.878562238609376, 33.901031385756994
flux1:, 1.3621360367794413, 0.018345538151577686, 0.009058823068067972, -12.337637576257933, -35.81404859203961, 34.85889582307739
flux1:, 1.3631183936500453, 0.01804482228329125, 0.00905663270575533, -12.292065293766523, -36.767276029906675, 35.8206173896909
flux1:, 1.3641007505206493, 0.01756254451054503, 0.009019211389210571, -12.22507068887573, -37.73722426726356, 36.782058352539586
flux1:, 1.365083107391253, 0.016911370267045336, 0.008951549309701004, -12.142978454446048, -38.722817762786434, 37.7392872831017
flux1:, 1.366065464261857, 0.016108133395632555, 0.008860926432051872, -12.052913239276869, -39.72297132895986, 38.68872311664717
flux1:, 1.367047821132461, 0.01517325672812967, 0.00875686549260998, -11.962598116178063, -40.73663736803688, 39.62727209062371
flux1:, 1.368030178003065, 0.014130033745702836, 0.008650979277957774, -11.880125243022576, -41.76285270274327, 40.55245213757157
flux1:, 1.369012534873669, 0.013003794646914217, 0.008556709594411287, -11.813706278113518, -42.80078291086052, 41.46249960523897
flux1:, 1.3699948917442728, 0.011820985395109807, 0.008488959943310366, -11.77141109748648, -43.849762103651514, 42.35645368747816
flux1:, 1.3709772486148768, 0.010608192643077306, 0.008463628775013238, -11.76090403587468, -44.9093262118242, 43.23421466004906
flux1:, 1.3719596054854808, 0.009391150633438967, 0.00849705511216253, -11.789187199884477, -45.97923805711216, 44.096572903205676
flux1:, 1.3729419623560848, 0.008193768076599583, 0.008605393102154508, -11.862360360298446, -47.05950278683815, 44.94520672706305
flux1:, 1.3739243192266888, 0.00703721348742541, 0.00880393646480461, -11.985406513686073, -48.150372622331716, 45.78264815901276
flux1:, 1.3749066760972926, 0.0059390964416393905, 0.009106417630752692, -12.162011420850884, -49.25234030646686, 46.61221706162608
flux1:, 1.3758890329678966, 0.004912779674168277, 0.009524309416722353, -12.39442430532491, -50.36612111335442, 47.43792517780577
flux1:, 1.3768713898385005, 0.003966852924546174, 0.010066159172978147, -12.683365468105992, -51.49262378487581, 48.264352898218796
flux1:, 1.3778537467091045, 0.003104794039394268, 0.010736986312534749, -13.027984897429814, -52.63291126281595, 49.096502665456626
flux1:, 1.3788361035797085, 0.002324836227698664, 0.011537773874180054, -13.425874087976023, -53.788152569408, 49.939633922602
flux1:, 1.3798184604503125, 0.0016200527443550698, 0.01246508320936894, -13.87313130473094, -54.95956763089591, 50.799085338023495
flux1:, 1.3808008173209163, 0.0009786619124710638, 0.013510817993292241, -14.364478510869468, -56.14836721702608, 51.680090655902944
flux1:, 1.3817831741915203, 0.00038454658612301534, 0.01466215957304202, -14.893426207081728, -57.35569046502646, 52.5875949035833
flux1:, 1.3827655310621243, -0.0001820267671827975, 0.01590169026616147, -15.452480581603973, -58.582542653438146, 53.52607781161213
flux1:, 1.3837478879327283, -0.0007435128736502195, 0.01720771475141212, -16.033385721742768, -59.82973597670932, 54.49939115950736
flux1:, 1.3847302448033323, -0.001324047962010593, 0.01855478234311661, -16.627392257021892, -61.09783603795902, 55.510616349905035
flux1:, 1.3857126016739363, -0.0019483043601150093, 0.019914404951449156, -17.22554274954647, -62.38711662167807, 56.56194784657929
flux1:, 1.38669495854454, -0.0026402840910318393, 0.021255957184722885, -17.818963463671885, -63.69752503299206, 57.654607209574
flux1:, 1.387677315415144, -0.0034221005738254854, 0.022547736658895808, -18.39915186501788, -65.02865990306528, 58.78879135477903
flux1:, 1.388659672285748, -0.004312800160410169, 0.023758154477916918, -18.958249332020785, -66.37976287430139, 59.96365739629709
flux1:, 1.389642029156352, -0.005327275923389245, 0.02485701837875016, -19.489289108698603, -67.74972501215638, 61.17734504586012
flux1:, 1.390624386026956, -0.006475324743312948, 0.025816864535042037, -19.986410464858423, -69.13710816441191, 62.42703609763766
flux1:, 1.3916067428975598, -0.007760895295289637, 0.02661428880369781, -20.445031323419578, -70.54018082934985, 63.709049076202476
flux1:, 1.3925890997681638, -0.00918156905124854, 0.027231224567532922, -20.861973212713995, -71.95696742895068, 65.01896572822999
flux1:, 1.3935714566387678, -0.010728309022104596, 0.027656112518557496, -21.235534240784734, -73.38530924127018, 66.35178475165044
flux1:, 1.3945538135093718, -0.012385501868609481, 0.027884907927395713, -21.565507794945212, -74.82293465646421, 67.7020970328946
flux1:, 1.3955361703799758, -0.014131308488298414, 0.027921873274801248, -21.85314676246523, -76.26753591131823, 69.06427575120843
flux1:, 1.3965185272505796, -0.01593832658151446, 0.027780108625913517, -22.101075162703534, -77.71684905303296, 70.43267404844089
flux1:, 1.3975008841211836, -0.017774556408513057, 0.027481778770251326, -22.31315109297324, -79.1687336058277, 71.8018225834628
flux1:, 1.3984832409917876, -0.019604648410091855, 0.02705800480994449, -22.494286739051752, -80.62124828071491, 73.16661921162105
flux1:, 1.3994655978623916, -0.021391399039631272, 0.026548398351029182, -22.65023281239298, -82.07271909059983, 74.52250325859218
flux1:, 1.4004479547329955, -0.023097449518008, 0.026000228452996994, -22.78733608601793, -83.52179641472877, 75.8656073895393
flux1:, 1.4014303116035993, -0.02468713173964502, 0.025467224661674445, -22.912279658348737, -84.96749789660012, 77.19288089125419
flux1:, 1.4024126684742033, -0.02612839666749556, 0.02500803336752679, -23.031816142531977, -86.40923454894127, 78.50217925746223
flux1:, 1.4033950253448073, -0.027394753653816842, 0.024684358921878962, -23.15250413775833, -87.84681806310357, 79.79231625606516
flux1:, 1.4043773822154113, -0.02846714455009537, 0.024558834897603868, -23.280458085769066, -89.28044805635169, 81.06307611224189
flux1:, 1.4053597390860153, -0.02933567448828127, 0.024692684069998073, -23.421120963765464, -90.71067881187342, 82.31518500685203
flux1:, 1.406342095956619, -0.03000112200623115, 0.025143237589223724, -23.579068244764162, -92.1383659411371, 83.55024270354872
flux1:, 1.407324452827223, -0.030476154838182546, 0.02596139390882692, -23.75785021322367, -93.56459429142791, 84.77061671658885
flux1:, 1.408306809697827, -0.03078618418106034, 0.027189105855608166, -23.959878115474382, -94.99058929561363, 85.97930294989364
flux1:, 1.409289166568431, -0.030969799461572405, 0.028856989363033173, -24.18635781973801, -96.41761477923883, 87.17975811520084
flux1:, 1.410271523439035, -0.03107873734762153, 0.030982149508203837, -24.437272734971337, -97.84686096507583, 88.37571041630714
flux1:, 1.4112538803096388, -0.03117735265439978, 0.03356631834757831, -24.71141577133007, -99.27932701376623, 89.57095591858342
flux1:, 1.4122362371802428, -0.03134157448617796, 0.036594394500601875, -25.006468198081006, -100.7157028811959, 90.76914866869046
flux1:, 1.4132185940508468, -0.03165734794867268, 0.04003346645906226, -25.31912144500489, -102.1562555350593, 91.97359296019323
flux1:, 1.4142009509214508, -0.032218579522391724, 0.04383239029972253, -25.645236272528308, -103.60072463677825, 93.18704614093585
flux1:, 1.4151833077920548, -0.03312462211914523, 0.04792197806722904, -25.980032366264357, -105.04823265104991, 94.41154002485528
flux1:, 1.4161656646626586, -0.034477353342633084, 0.05221583591162249, -26.318300344974986, -106.4972139921215, 95.64822831494247
flux1:, 1.4171480215332626, -0.03637791692691493, 0.056611871561189055, -26.65462744446409, -107.94536726020824, 96.8972664892562
flux1:, 1.4181303784038666, -0.03892321213900075, 0.0609944694387736, -26.98362777665076, -109.3896338788903, 98.15772938373307
flux1:, 1.4191127352744706, -0.04220222854808737, 0.06523730932680388, -27.300168070248265, -110.82620553813318, 99.42757027100654
flux1:, 1.4200950921450746, -0.0462923334880023, 0.06920678165826334, -27.599580168743092, -112.25056180875978, 100.70362363856991
flux1:, 1.4210774490156786, -0.05125562635276549, 0.07276593000816893, -27.877852269727097, -113.65753815964658, 101.98165217503846
flux1:, 1.4220598058862823, -0.05713547724318942, 0.07577882995400578, -28.131791900040415, -115.04142342077284, 103.25643674606359
flux1:, 1.4230421627568863, -0.06395336720799359, 0.07811529392970794, -28.359154885348197, -116.39608453896874, 104.52190644977834
flux1:, 1.4240245196274903, -0.07170614329476066, 0.07965577475008165, -28.55873603254379, -117.71511531549372, 105.77130425234567
flux1:, 1.4250068764980943, -0.08036379386612709, 0.08029632680678166, -28.7304188343351, -118.99200474251563, 106.9973822802801
flux1:, 1.4259892333686983, -0.08986783829018635, 0.07995347412513852, -28.875183158767232, -120.22031961369134, 108.19261964415064
flux1:, 1.4269715902393023, -0.10013041044799413, 0.07856882900902003, -28.995071533642783, -121.39389531295785, 109.34945473628662
flux1:, 1.427953947109906, -0.11103409789660203, 0.07611330424761076, -29.093116209136234, -122.50702812065346, 110.46052332047628
flux1:, 1.42893630398051, -0.12243257846812186, 0.07259076602969126, -29.173230620307695, -123.55466204493489, 111.5188934395773
flux1:, 1.429918660851114, -0.13415207414734964, 0.06804098386941643, -29.240070119818007, -124.53256310872597, 112.51828821996088
flux1:, 1.430901017721718, -0.14599361889838017, 0.06254174789255398, -29.298867865594048, -125.43747420836567, 113.45328804826164
flux1:, 1.431883374592322, -0.1577361133996196, 0.05621004250096193, -29.355252495176185, -126.2672441096139, 114.3195043212213
flux1:, 1.4328657314629258, -0.1691401161223399, 0.04920218830352712, -29.415054677240114, -127.02092485039378, 115.11371799596705
flux1:, 1.4338480883335298, -0.17995229757989717, 0.04171289070254903, -29.484109793185713, -127.69883275696863, 115.83397745620411
flux1:, 1.4348304452041338, -0.18991046359468286, 0.03397316294960646, -29.568063872900694, -128.30256942267087, 116.47965171008843
flux1:, 1.4358128020747378, -0.19874903474757694, 0.026247123012993076, -29.67218950569523, -128.83500030765265, 117.05143659025192
flux1:, 1.4367951589453418, -0.2062048533953344, 0.018827696318346958, -29.801217798136072, -129.30019005003717, 117.55131337170536
flux1:, 1.4377775158159456, -0.21202317728634923, 0.012031289360003342, -29.959191592613983, -129.70329508305406, 117.98246099271248
flux1:, 1.4387598726865496, -0.215963710294778, 0.006191531324662265, -30.149344138490427, -130.0504156752755, 118.34912478910805
flux1:, 1.4397422295571536, -0.2178065164302692, 0.001652211213071744, -30.37400627189973, -130.34841099684297, 118.6564462687573
flux1:, 1.4407245864277576, -0.21735766324407402, -0.0012404344877151793, -30.634543962871902, -130.60468220827298, 118.9102598986286
flux1:, 1.4417069432983616, -0.21445444508713518, -0.002145904651360514, -30.93132688259608, -130.82692981755963, 119.11686409829223
flux1:, 1.4426893001689653, -0.20897004529324795, -0.0007378885781436053, -31.26372747988769, -131.02289260846075, 119.28277458549697
flux1:, 1.4436716570395693, -0.20081750903997447, 0.003287219189401385, -31.630148980629453, -131.2000762659118, 119.41446886695753
flux1:, 1.4446540139101733, -0.18995291503620843, 0.010201965190084856, -32.028079777421205, -131.36548038049833, 119.5181309887927
flux1:, 1.4456363707807773, -0.17637765383833673, 0.020239867687344877, -32.454170891243834, -131.5253327786486, 119.59940564529946
flux1:, 1.4466187276513813, -0.16013974294785643, 0.03358805077848624, -32.90433258620163, -131.68484008491183, 119.66317039604635
flux1:, 1.447601084521985, -0.14133413325115782, 0.050380690750116405, -33.37384581641354, -131.84796307464194, 119.71333407434871
flux1:, 1.448583441392589, -0.12010198712398643, 0.07069346695079994, -33.85748398522244, -132.0172247281934, 119.75266851342961
flux1:, 1.449565798263193, -0.09662893489786642, 0.09453918717770692, -34.3496404958584, -132.19355797023454, 119.78267950778285
flux1:, 1.450548155133797, -0.07114234261474103, 0.12186473009590588, -34.84445775589598, -132.37619890005408, 119.80352151401203
flux1:, 1.451530512004401, -0.04390764932965683, 0.15254941525166338, -35.33595364357759, -132.5626299288577, 119.8139590322597
flux1:, 1.4525128688750049, -0.015223855940084043, 0.18640487567513808, -35.81814192488123, -132.74857568543493, 119.81137595542408
flux1:, 1.4534952257456089, 0.014581731042373366, 0.2231764698816414, -36.285143693579585, -132.92805288383155, 119.79183249087326
flux1:, 1.4544775826162128, 0.045159378799556414, 0.26254623035107855, -36.73128755775334, -133.0934736237056, 119.75016761026667
flux1:, 1.4554599394868168, 0.07614329343058207, 0.30413730542509726, -37.15119697889834, -133.23579987428946, 119.68014342708923
flux1:, 1.4564422963574208, 0.10715832251986204, 0.3475198121637334, -37.53986384925176, -133.34474523548602, 119.57462649413822
flux1:, 1.4574246532280246, 0.1378268391250173, 0.39221798018602416, -37.89270803634641, -133.40901853170945, 119.42579980292653
flux1:, 1.4584070100986286, 0.1677756481260933, 0.43771843197126187, -38.20562320284728, -133.41660242807583, 119.22539829454311
flux1:, 1.4593893669692326, 0.1966427569906907, 0.48347941452006293, -38.47500970109058, -133.35505911116115, 118.96495998760118
flux1:, 1.4603717238398366, 0.22408385828128358, 0.5289407715586805, -38.69779572831831, -133.2118541867531, 118.63608441373403
flux1:, 1.4613540807104406, 0.2497783804463884, 0.5735344253587769, -38.87144820008816, -132.97468934421497, 118.23068993381708
flux1:, 1.4623364375810444, 0.2734349762733283, 0.6166951233189706, -38.99397495196555, -132.63183404137345, 117.74126168636415
flux1:, 1.4633187944516486, 0.2947963344131208, 0.657871197109545, -39.06391991686333, -132.17244648347588, 117.1610823804713
flux1:, 1.4643011513222524, 0.3136432181094182, 0.6965350816192147, -39.08035285604489, -131.586874502975, 116.48443886588728
flux1:, 1.4652835081928564, 0.32979765609750594, 0.7321933471628871, -39.04285506103069, -130.86692758063163, 115.70679836009312
flux1:, 1.4662658650634603, 0.3431252329612943, 0.764396011211395, -38.951502209867414, -130.00611215906036, 114.82494934734108
flux1:, 1.4672482219340643, 0.35353644939489814, 0.7927449148987118, -38.80684527652516, -128.99982355515502, 113.8371034411258
flux1:, 1.4682305788046683, 0.36098714614818, 0.8169009741745518, -38.60989008035533, -127.8454891367933, 112.74295587115274
flux1:, 1.4692129356752721, 0.36547800829599275, 0.836590144970317, -38.36207574704191, -126.54265894487384, 111.5437036661077
flux1:, 1.470195292545876, 0.36705318824077926, 0.8516079752642868, -38.065252056544324, -125.09304156161005, 110.24202200398442
flux1:, 1.47117764941648, 0.36579810597127016, 0.8618226534889779, -37.72165539748592, -123.50048469591493, 108.84200054245237
flux1:, 1.472160006287084, 0.36183650305304693, 0.8671765012637664, -37.33388284847708, -121.77090162003567, 107.34904277765825
flux1:, 1.473142363157688, 0.3553268421962611, 0.8676858978563474, -36.9048637778963, -119.91214619447001, 105.76973257063085
flux1:, 1.4741247200282919, 0.3464581566959046, 0.863439662965167, -36.43782830288617, -117.93384070840293, 104.11167289268361
flux1:, 1.4751070768988959, 0.3354454633313013, 0.8545959622804995, -35.93627197853361, -115.84716209374312, 102.38330254949753
flux1:, 1.4760894337694999, 0.3225248583042408, 0.8413778357901185, -35.40391619736157, -113.66459320185979, 100.59369713021105
flux1:, 1.4770717906401039, 0.307948418449431, 0.8240674809970323, -34.844663960075614, -111.39964673010464, 98.75236068487743
flux1:, 1.4780541475107078, 0.29197902932710007, 0.8029994512772042, -34.26255091954349, -109.0665700260669, 96.86901466095269
flux1:, 1.4790365043813116, 0.2748852580554069, 0.7785529528242308, -33.66169188595054, -106.68003936608898, 94.95339043594227
flux1:, 1.4800188612519156, 0.2569363820973899, 0.7511434414635605, -33.0462232940839, -104.25485239535925, 93.01503138503507
flux1:, 1.4810012181225196, 0.23839767599304817, 0.7212137326952313, -32.42024245402454, -101.80562723414702, 91.06310984297251
flux1:, 1.4819835749931236, 0.21952604659324232, 0.689224844442539, -31.78774471400778, -99.34651631143151, 89.10626358694864
flux1:, 1.4829659318637276, 0.2005660941288464, 0.6556467921255543, -31.152559939227928, -96.89094230537695, 87.15245561509066
flux1:, 1.4839482887343314, 0.18174666188726293, 0.6209495499962258, -30.51828993472803, -94.45136267853887, 85.20886005899209
flux1:, 1.4849306456049354, 0.1632779218402216, 0.5855943814884507, -29.888248599135444, -92.03906823022895, 83.28177608583701
flux1:, 1.4859130024755394, 0.14534902774403763, 0.5500257251239861, -29.265406676554477, -89.66401988896781, 81.37657065300743
flux1:, 1.4868953593461434, 0.12812635147683166, 0.5146638018794851, -28.652342968947217, -87.33472667808651, 79.49765001111956
flux1:, 1.4878777162167474, 0.11175230312304112, 0.47989808558104297, -28.051203777036164, -85.05816645245615, 77.64845894309019
flux1:, 1.4888600730873511, 0.09634472096099862, 0.44608175065333383, -27.463672155769643, -82.8397496690371, 75.83150590559653
flux1:, 1.4898424299579551, 0.08199680440502446, 0.4135271822752439, -26.890948306247832, -80.68332516211278, 74.04841152943987
flux1:, 1.4908247868285591, 0.06877755139414314, 0.382502603579551, -26.333742090086403, -78.59122568630492, 72.29997735529864
flux1:, 1.4918071436991631, 0.05673265193622093, 0.35322984387662354, -25.792278258136243, -76.564349902803, 70.58627124383798
flux1:, 1.4927895005697671, 0.04588578167645354, 0.3258832418581602, -25.26631455039437, -74.6022765475982, 68.90672561090297
flux1:, 1.4937718574403709, 0.036240233560199904, 0.3005896491675775, -24.7551723667566, -72.70340575921438, 67.26024450023934
flux1:, 1.4947542143109749, 0.027780821935199037, 0.27742947336068996, -24.257779249439444, -70.86512197506403, 65.64531551302457
flux1:, 1.4957365711815789, 0.020475991754531596, 0.2564386757781294, -23.772721977951353, -69.08397244024074, 64.06012275557347
flux1:, 1.4967189280521829, 0.01428006580867817, 0.237611619754802, -23.29830867625558, -67.35585521339996, 62.50265722944725
flux1:, 1.4977012849227869, 0.00913556498869115, 0.22090464832346612, -22.832637987222896, -65.67621059685514, 60.97082145403484
flux1:, 1.4986836417933906, 0.0049755402740137514, 0.20624025841877433, -22.37367309744496, -64.04021015155955, 59.462525559970985
flux1:, 1.4996659986639946, 0.0017258602222458136, 0.1935117307098778, -21.919318207722025, -62.44293786500635, 57.97577260017836
flux1:, 1.5006483555345986, -0.0006925960374252369, 0.18258807060483345, -21.467494949917224, -60.87955859950972, 56.5087313710593
flux1:, 1.5016307124052026, -0.002361883210509624, 0.1733191165689973, -21.016216253311107, -59.34546963339265, 55.05979559674216
flux1:, 1.5026130692758066, -0.003365106857724495, 0.16554067645336124, -20.5636552629535, -57.83643188924933, 53.6276288827151
flux1:, 1.5035954261464104, -0.003784740236897748, 0.1590795606999292, -20.108207104523615, -56.3486782905482, 52.211195372049666
flux1:, 1.5045777830170146, -0.0037011601124202834, 0.15375839264941893, -19.648541566183, -54.87899756864118, 50.80977652068852
flux1:, 1.5055601398876184, -0.003191412810241923, 0.14940009021695164, -19.18364511599664, -53.42479272560006, 49.42297483359372
flux1:, 1.5065424967582224, -0.0023282143427788625, 0.14583192936304598, -18.712851078477176, -51.9841142143834, 48.0507057606113
flux1:, 1.5075248536288264, -0.0011791815803496467, 0.1428891174743022, -18.23585723857586, -50.55566869973487, 46.693179232067074
flux1:, 1.5085072104994304, 0.0001937146391772555, 0.1404178233690999, -17.752730607085986, -49.138804986842054, 45.35087251607731
flux1:, 1.5094895673700344, 0.0017344887730550843, 0.1382776295530001, -17.26389954878505, -47.73347933074228, 44.02449620187359
flux1:, 1.5104719242406381, 0.003393290756758405, 0.13634339098378567, -16.770133924683925, -46.34020285222695, 42.714955159186076
flux1:, 1.5114542811112421, 0.005126388885024341, 0.13450650242677178, -16.27251431458227, -44.959974175233555, 41.42330629844824
flux1:, 1.5124366379818461, 0.006896009382140195, 0.13267559300206352, -15.772391749854501, -43.59420066101243, 40.150714868367196
flux1:, 1.5134189948524501, 0.008670057877977649, 0.1307766813311338, -15.271339685587055, -42.24461174475337, 38.89841088601268
flux1:, 1.5144013517230541, 0.010421748299805848, 0.12875283744226343, -14.771100165546345, -40.91316788496945, 37.66764711087752
flux1:, 1.515383708593658, 0.012129164135239689, 0.12656340803992544, -14.27352627612488, -39.601968522612935, 36.45965976012177
flux1:, 1.516366065464262, 0.01377477572290397, 0.1241828697167955, -13.780523043104555, -38.31316222733894, 35.275632928993026
flux1:, 1.5173484223348659, 0.015344935304822801, 0.12159938011186917, -13.293988898364729, -37.04886189722882, 34.1166674396419
flux1:, 1.5183307792054699, 0.016829369158602076, 0.11881309990283202, -12.815759736375366, -35.81106749242332, 32.98375460354145
flux1:, 1.5193131360760739, 0.018220683353579164, 0.11583435895434353, -12.347557399794649, -34.6015983409988, 31.877755156647027
flux1:, 1.5202954929466777, 0.01951389667858766, 0.1126817380879628, -11.890944189722623, -33.42203657630422, 30.799383420180394
flux1:, 1.5212778498172816, 0.020706011199985563, 0.10938013401819939, -11.447284701475509, -32.273682767878256, 29.749196559069876
flux1:, 1.5222602066878856, 0.02179562784825165, 0.10595886928902981, -11.017715955063455, -31.157524311794678, 28.727588659199274
flux1:, 1.5232425635584896, 0.022782611508032652, 0.10244990186093997, -10.603126435885379, -30.074216667782274, 27.73478922569504
flux1:, 1.5242249204290936, 0.02366780739280511, 0.09888618068222174, -10.204144300675775, -29.02407708537715, 26.77086561841135
flux1:, 1.5252072772996974, 0.024452808096436716, 0.0953001844842787, -9.82113465133584, -28.00709006261888, 25.83572888640679
flux1:, 1.5261896341703014, 0.025139768686201543, 0.09172267152478861, -9.45420544876858, -27.02292343900975, 24.92914243830165
flux1:, 1.5271719910409054, 0.0257312655723687, 0.088181658408673, -9.103221342545925, -26.07095374728635, 24.050732986625636
flux1:, 1.5281543479115094, 0.026230193676391903, 0.08470163676661045, -8.767824440321462, -25.15029924084056, 23.200003227177383
flux1:, 1.5291367047821134, 0.026639695623231215, 0.08130302775481243, -8.44746084131828, -24.259858877347213, 22.376345754548087
flux1:, 1.5301190616527172, 0.026963116287197882, 0.07800186630862536, -8.141411616203087, -23.398355473540573, 21.579057767155003
flux1:, 1.5311014185233212, 0.02720397599448011, 0.07480970004215316, -7.848826833710789, -22.564381247920423, 20.807356174627394
flux1:, 1.5320837753939252, 0.027365955986799535, 0.07173368179326264, -7.568761212473205, -21.756444031975754, 20.060392782614805
flux1:, 1.5330661322645291, 0.02745289032800593, 0.06877683017368304, -7.300210011904051, -20.97301254907484, 19.337269290977215
flux1:, 1.5340484891351331, 0.02746875923101629, 0.06593842915222402, -7.042143863806399, -20.212559324844523, 18.63705189762691
flux1:, 1.535030846005737, 0.02741767973507074, 0.06321453568070404, -6.793541379685195, -19.473599993876487, 17.958785349382232
flux1:, 1.536013202876341, 0.027303890710848343, 0.06059856362654522, -6.553418539197791, -18.754727994921794, 17.30150632146595
flux1:, 1.536995559746945, 0.027131730253408877, 0.058081912721351735, -6.3208540632724715, -18.054643889903872, 16.664256037916573
flux1:, 1.537977916617549, 0.02690560458427355, 0.05565461275405238, -6.095010191048038, -17.37217879110682, 16.046092066092523
flux1:, 1.538960273488153, 0.026629948574301694, 0.05330595568494678, -5.875148502867163, -16.706311626324307, 15.446099230502897
flux1:, 1.5399426303587567, 0.026309178876184718, 0.0510250915661093, -5.660640652126343, -16.056180205164974, 14.863399595567762
flux1:, 1.5409249872293607, 0.025947641385847455, 0.048801567943612095, -5.450974077886338, -15.421086263598774, 14.297161465507353
flux1:, 1.5419073440999647, 0.02554955531191079, 0.04662579660103858, -5.245752959740957, -14.80049485243839, 13.74660734438792
flux1:, 1.5428897009705687, 0.025118956507252564, 0.04448943589569479, -5.044694840018137, -14.19402859409348, 13.211020792655525
flux1:, 1.5438720578411727, 0.024659642902046867, 0.04238568136064824, -4.8476234709850035, -13.601457457663475, 12.68975211044806
flux1:, 1.5448544147117764, 0.024175124877664825, 0.04030946153211534, -4.654458543060467, -13.022684793744178, 12.182222774536012
flux1:, 1.5458367715823806, 0.023668583248131855, 0.038257539966508436, -4.4652030126997415, -12.457730427060067, 11.68792855667816
flux1:, 1.5468191284529844, 0.023142837189972395, 0.03622852801049127, -4.2799287756935085, -11.906711628439945, 11.206441257626933
flux1:, 1.5478014853235884, 0.02260032400752894, 0.034222815981719994, -4.098761424981374, -11.3698227799979, 10.737409003873188
flux1:, 1.5487838421941924, 0.02204309206883623, 0.03224243293577067, -3.9218647947692387, -10.847314511987616, 10.280555073663722
flux1:, 1.5497661990647964, 0.02147280762898142, 0.030290847091210063, -3.7494259290639183, -10.339473030612263, 9.835675244606838
flux1:, 1.5507485559354004, 0.020890775607078516, 0.028372720242492416, -3.581641027803412, -9.846600277618853, 9.40263368651464
flux1:, 1.5517309128060042, 0.02029797373243655, 0.026493630117023773, -3.41870282320446, -9.368995469576369, 8.981357458814253
flux1:, 1.5527132696766082, 0.019695098856557233, 0.024659774659483654, -3.260789728686479, -8.906938462186075, 8.571829710281333
flux1:, 1.5536956265472122, 0.019082623668449327, 0.02287767170436103, -3.1080569886314238, -8.460675277536291, 8.174081718178233
flux1:, 1.5546779834178162, 0.01846086157572665, 0.0211538664945763, -2.9606299448024997, -8.030406024342518, 7.788183942122453
flux1:, 1.5556603402884202, 0.017830037142507704, 0.01949465810051748, -2.8185994294937564, -7.616275336923017, 7.4142363031298135
flux1:, 1.556642697159024, 0.01719035922127782, 0.017905854078869698, -2.682019200602116, -7.218365361365753, 7.052357928343236
flux1:, 1.557625054029628, 0.016542093788111095, 0.016392560778204855, -2.550905253199104, -6.8366912299119065, 6.702676625210328
flux1:, 1.558607410900232, 0.015885633491485824, 0.014959014642430532, -2.4252367781586117, -6.471198889123423, 6.36531836391095
flux1:, 1.559589767770836, 0.015221561051550057, 0.013608457775295029, -2.304958492356039, -6.121765085359815, 6.04039705252279
flux1:, 1.56057212464144, 0.014550703890895899, 0.012343058993898986, -2.189984037239717, -5.7881992632710135, 5.7280048851832905
flux1:, 1.5615544815120437, 0.013874177726980687, 0.011163879692271011, -2.080200132674218, -5.470247099504709, 5.428203529141424
flux1:, 1.5625368383826477, 0.013193417293663138, 0.010070882121892893, -1.9754711794124942, -5.167595374224744, 5.141016392440091
flux1:, 1.5635191952532517, 0.012510192865202663, 0.009062976225896009, -1.875644024417275, -4.879877876391274, 4.86642218077885
flux1:, 1.5645015521238557, 0.011826611808747103, 0.008138099975043327, -1.7805526358401247, -4.606682043740406, 4.604349911095159
flux1:, 1.5654839089944597, 0.011145104967822726, 0.0072933272697144535, -1.6900224759391027, -4.3475560533876845, 4.354675502121563
flux1:, 1.5664662658650634, 0.010468398256484783, 0.006524996902130459, -1.603874407429354, -4.102016102127433, 4.117220010482648
flux1:, 1.5674486227356674, 0.00979947039914224, 0.005828855812932287, -1.521928018656101, -3.8695536448839167, 3.891749526826683
flux1:, 1.5684309796062714, 0.009141498263740075, 0.005200209909907274, -1.4440043026303884, -3.649642393440668, 3.6779766922135018
flux1:, 1.5694133364768754, 0.008497791687361289, 0.004634076017633113, -1.369927671734473, -3.4417449136612848, 3.475563742614663
flux1:, 1.5703956933474794, 0.007871720067775003, 0.004125329060182895, -1.2995273316018687, -3.2453186961887805, 3.284126941009558
flux1:, 1.5713780502180832, 0.007266633279732927, 0.0036688393033376347, -1.2326380725406396, -3.059821611545418, 3.1032422140181475
flux1:, 1.5723604070886872, 0.006685779662391825, 0.003259595352415979, -1.1691005637511416, -2.88471669434413, 2.9324517748830456
flux1:, 1.5733427639592912, 0.006132223909566956, 0.00289280956915553, -1.1087612538235634, -2.719476231953762, 2.7712714881692437
flux1:, 1.5743251208298952, 0.005608767676915597, 0.0025640035883731263, -1.0514719905043823, -2.5635851596579826, 2.6191987146325024
flux1:, 1.5753074777004992, 0.005117875602812628, 0.0022690726367049162, -0.9970894738956675, -2.4165437866496946, 2.475720367775745
flux1:, 1.576289834571103, 0.004661609229296317, 0.0020043283394622527, -0.9454746509061759, -2.2778698948624823, 2.3403209166899974
flux1:, 1.577272191441707, 0.0042415710159568725, 0.0017665206105185868, -0.8964921461165473, -2.1471002656751814, 2.2124900824646674
flux1:, 1.578254548312311, 0.003858860275554453, 0.0015528400232340698, -0.8500098066545909, -2.0237916981465145, 2.0917299969752716
flux1:, 1.579236905182915, 0.0035140424401956284, 0.0013609027337562344, -0.8058984177969677, -1.9075215870014415, 1.977561622089414
flux1:, 1.580219262053519, 0.0032071326072936166, 0.0011887205549062244, -0.7640316234460789, -1.7978881296129245, 1.8695302628734274
flux1:, 1.5812016189241227, 0.0029375938323599592, 0.0010346591500103605, -0.7242860629662791, -1.694510229270456, 1.7672100486058058
flux1:, 1.5821839757947267, 0.0027043501482533574, 0.0008973875293863659, -0.6865417145436805, -1.5970271577271944, 1.6702072985597811
flux1:, 1.5831663326653307, 0.0025058138147688335, 0.0007758220923511998, -0.6506824165222695, -1.505098034009059, 1.578162733791708
flux1:, 1.5841486895359347, 0.002339925854330449, 0.0006690683751728136, -0.6165965230342635, -1.4184011693530112, 1.4907525397719823
flux1:, 1.5851310464065387, 0.0022042085235130402, 0.0005763634559509983, -0.5841776394055939, -1.3366333204829102, 1.4076883259325688
flux1:, 1.5861134032771425, 0.0020958280186360264, 0.0004970216506110973, -0.5533253766232602, -1.2595088857147783, 1.3287160655568468
flux1:, 1.5870957601477467, 0.0020116654269601666, 0.00043038573249431854, -0.5239460627027703, -1.1867590710202909, 1.2536141316010416
flux1:, 1.5880781170183504, 0.0019483937206659886, 0.0003757854456114194, -0.4959533518386492, -1.1181310464683256, 1.1821905699878341
flux1:, 1.5890604738889544, 0.001902558453687563, 0.00033250458322225333, -0.469268679295974, -1.0533871076404138, 1.114279770925562
flux1:, 1.5900428307595584, 0.0018706597637042411, 0.0002997573932176167, -0.4438215204002387, -0.9923038517974897, 1.0497387104796256
flux1:, 1.5910251876301624, 0.0018492333024584902, 0.00027667457256075025, -0.4195494248627208, -0.9346713748041949, 0.988442938870698
flux1:, 1.5920075445007664, 0.0018349278138006298, 0.00026229864519515956, -0.39639781208292096, -0.8802924920727567, 0.9302824890360689
flux1:, 1.5929899013713702, 0.0018245772447240303, 0.0002555880987930752, -0.3743195280344321, -0.8289819849763764, 0.8751578693749301
flux1:, 1.5939722582419742, 0.0018152655023502997, 0.0002554292994631103, -0.35327417887845053, -0.7805658731757935, 0.82297628908139
flux1:, 1.5949546151125782, 0.0018043822497545222, 0.00026065492023969665, -0.3332272697146298, -0.7348807129416871, 0.7736482440192004
flux1:, 1.5959369719831822, 0.001789668454734111, 0.0002700674151202238, -0.31414918809140024, -0.691772921665868, 0.7270845668383107
flux1:, 1.5969193288537862, 0.0017692507562246647, 0.00028246594800486143, -0.2960140804845373, -0.651098129163634, 0.6831940182006002
flux1:, 1.59790168572439, 0.0017416640806491943, 0.0002966751438880598, -0.27879867548717263, -0.61272055691344, 0.6418814678294372
flux1:, 1.598884042594994, 0.0017058623125767675, 0.00031157406349130386, -0.2624811097517683, -0.5765124269195114, 0.6030466858770418
flux1:, 1.599866399465598, 0.0016612171885447653, 0.0003261239047787276, -0.2470398117513749, -0.5423534023026974, 0.5665837379897787
flux1:, 1.600848756336202, 0.0016075059283784008, 0.0003393930957222822, -0.23245249438819873, -0.510130061939152, 0.5323809525040014
flux1:, 1.601831113206806, 0.0015448884345289427, 0.0003505786507916869, -0.2186953006972849, -0.47973541143206305, 0.5003214063345479
flux1:, 1.6028134700774097, 0.0014738751679257162, 0.0003590229063333204, -0.20574213788044385, -0.4510684323963262, 0.4702838580430509
flux1:, 1.6037958269480137, 0.0013952870413095006, 0.00036422501420308866, -0.19356422423398773, -0.42403367147337195, 0.442144042808231
flux1:, 1.6047781838186177, 0.001310208852450937, 0.00036584684570297555, -0.18212986187844937, -0.398540869713607, 0.415776234868382
flux1:, 1.6057605406892217, 0.001219937906473967, 0.0003637132267168612, -0.17140443622652396, -0.3745046320201268, 0.3910549785477511
flux1:, 1.6067428975598257, 0.0011259295469613537, 0.00035780667867119217, -0.16135063151643125, -0.3518441353133708, 0.36785688909297043
flux1:, 1.6077252544304295, 0.0010297413298609606, 0.00034825706882700294, -0.15192884110723195, -0.3304828730263431, 0.3460624289194401
flux1:, 1.6087076113010335, 0.0009329775344217878, 0.000335326769479113, -0.14309774211146414, -0.31034843255073463, 0.3255575730260793
flux1:, 1.6096899681716375, 0.0008372356151414995, 0.00031939208292772187, -0.1348149967672699, -0.2913723014003509, 0.3062352886731087
flux1:, 1.6106723250422414, 0.0007440560631311199, 0.00030092180372952667, -0.12703803801870667, -0.27348969719243726, 0.2879967682208735
flux1:, 1.6116546819128454, 0.0006548769707525724, 0.000280453859937015, -0.11972489425761425, -0.25663941612499896, 0.2707523695362222
flux1:, 1.6126370387834492, 0.0005709943871821255, 0.0002585710010322113, -0.11283500810021425, -0.24076369446930898, 0.25442223479031795
flux1:, 1.6136193956540532, 0.0004935293226854328, 0.00023587648411215492, -0.10633000633571388, -0.2258080777170133, 0.23893657502198387
flux1:, 1.6146017525246572, 0.00042340201425595424, 0.0002129706552833969, -0.10017438255881836, -0.2117212924116208, 0.224235623790812
flux1:, 1.6155841093952612, 0.0003613138133280024, 0.0001904292351914076, -0.09433606016532478, -0.19845511632806367, 0.2102692779345071
flux1:, 1.6165664662658652, 0.0003077368058280587, 0.0001687840021981156, -0.08878681093653162, -0.1859642435046779, 0.19699645631910065
flux1:, 1.617548823136469, 0.00026291103370866184, 0.00014850643067211518, -0.08350251291602094, -0.17420614162563064, 0.18438421808533953
flux1:, 1.618531180007073, 0.0002268489624716479, 0.00012999469226885894, -0.07846324019689584, -0.16314090034118203, 0.17240668993881095
flux1:, 1.619513536877677, 0.00019934663731111253, 0.00011356427209440598, -0.07365318611106221, -0.15273107023293467, 0.16104385732610868
flux1:, 1.620495893748281, 0.00018000079661118583, 9.94422961264862e-05, -0.06906042968389668, -0.14294149321920235, 0.15028027684017983
flux1:, 1.621478250618885, 0.00016823106969146215, 8.77655175546386e-05, -0.06467656268287722, -0.13373912619151515, 0.1401037669872981
flux1:, 1.6224606074894887, 0.00016330627872358138, 7.858177337015324e-05, -0.060496200802609236, -0.12509286052318128, 0.13050413171989844
flux1:, 1.6234429643600927, 0.00016437379421110478, 7.185460323847838e-05, -0.056516407239364894, -0.11697334075348662, 0.12147196619008298
flux1:, 1.6244253212306967, 0.00017049085962763739, 6.747062402157468e-05, -0.05273605994749059, -0.10935278619364683, 0.11299758737799628
flux1:, 1.6254076781013007, 0.00018065680285689976, 6.524917775301367e-05, -0.0491551951660102, -0.10220481940581279, 0.10507012402693072
flux1:, 1.6263900349719047, 0.00019384508795916827, 6.495371975686637e-05, -0.04577435938454825, -0.09550430547082045, 0.09767679113565128
flux1:, 1.6273723918425085, 0.00020903422751427934, 6.630438716534291e-05, -0.0425939998919234, -0.08922720569144646, 0.09080236458941789
flux1:, 1.6283547487131127, 0.0002252366695315028, 6.899118554985936e-05, -0.039613920605794654, -0.08335044889908286, 0.08442886181752357
flux1:, 1.6293371055837165, 0.00024152488917607626, 7.26872510184228e-05, -0.03683282527210063, -0.07785182287442038, 0.07853542507753228
flux1:, 1.6303194624543205, 0.0002570540493580661, 7.706168447494825e-05, -0.03424796464494031, -0.07270988759710575, 0.07309839546669192
flux1:, 1.6313018193249245, 0.00027108074029158057, 8.179151069242807e-05, -0.031854898234424, -0.06790391115335824, 0.068091558371842
flux1:, 1.6322841761955285, 0.00028297746107295966, 8.657238389354195e-05, -0.029647374982149862, -0.06341382820340415, 0.06348653503936987
flux1:, 1.6332665330661325, 0.000292242660849189, 9.112773988852154e-05, -0.027617331117114178, -0.059220219991469564, 0.059253290447029414
flux1:, 1.6342488899367362, 0.0002985063081871784, 9.521617862107e-05, -0.025754997758965146, -0.05530431402050885, 0.055360724783650395
flux1:, 1.6352312468073402, 0.00030153110015830294, 9.86369464601651e-05, -0.024049105841841525, -0.05164800075135334, 0.051777314600514025
flux1:, 1.6362136036779442, 0.0003012095532985212, 0.00010123347120109215, -0.022487171836908078, -0.04823386406153943, 0.04847177003238012
flux1:, 1.6371959605485482, 0.00029755733348682344, 0.00010289498132854526, -0.021055844717196837, -0.045045221737604516, 0.0454136762673203
flux1:, 1.6381783174191522, 0.00029070327816475204, 0.00010355631193896547, -0.019741292722994807, -0.04206617199689049, 0.04257409049335835
flux1:, 1.639160674289756, 0.00028087664015642147, 0.00010319606062776489, -0.018529607781049267, -0.03928164194760797, 0.0399260696396239
flux1:, 1.64014303116036, 0.0002683921364634757, 0.00010183330603245515, -0.017407205872235626, -0.03667743399898246, 0.03744510910640049
flux1:, 1.641125388030964, 0.00025363341735207306, 9.952313857844668e-05, -0.016361203140734568, -0.034240266514624695, 0.035109478069219636
flux1:, 1.642107744901568, 0.00023703558115978866, 9.635127689247686e-05, -0.015379749957293739, -0.03195780544334852, 0.03290044257283994
flux1:, 1.643090101772172, 0.0002190673495518974, 9.24280544803279e-05, -0.014452308309605774, -0.02981868423538943, 0.03080237323501894
flux1:, 1.6440724586427757, 0.00020021348809070422, 8.788206025984465e-05, -0.013569861596602985, -0.02781251002662139, 0.02880273971254311
flux1:, 1.6450548155133797, 0.0001809580101468416, 8.285370448941551e-05, -0.012725049926253807, -0.025929854813592224, 0.026891998927510173
flux1:, 1.6460371723839837, 0.0001617686409637542, 7.748895997596535e-05, -0.011912228141936668, -0.024162231110598315, 0.025063388232419066
flux1:, 1.6470195292545877, 0.0001430829460294296, 7.193349889664969e-05, -0.011127447813645963, -0.022502052339690225, 0.023312638072570717
flux1:, 1.6480018861251917, 0.0001252964469186962, 6.63274099988054e-05, -0.010368368135487731, -0.02094257892098174, 0.021637621194334957
flux1:, 1.6489842429957955, 0.00010875296165058713, 6.080064131600805e-05, -0.009634103902238693, -0.019477851672294107, 0.02003795700366961
flux1:, 1.6499665998663995, 9.373731852804433e-05, 5.546927180563976e-05, -0.00892502136358798, -0.01810261466812005, 0.01851459030237388
flux1:, 1.6509489567370035, 8.047050542162535e-05, 5.043267333677944e-05, -0.008242494679319047, -0.016812230127794456, 0.017069363361978063
flux1:, 1.6519313136076075, 6.910723332947671e-05, 4.577158394796046e-05, -0.007588636872403238, -0.015602588188498079, 0.0157045992160931
flux1:, 1.6529136704782115, 5.973581628096705e-05, 4.154707574405304e-05, -0.006966019587436334, -0.014470014562856357, 0.014422712269467366
flux1:, 1.6538960273488152, 5.238020137533861e-05, 3.7800367453830876e-05, -0.006377395633896992, -0.013411179085058433, 0.01322585996884239
flux1:, 1.6548783842194192, 4.700392464713511e-05, 3.4553403477156666e-05, -0.005825437296768645, -0.012423008019027675, 0.012115646502914803
flux1:, 1.6558607410900232, 4.351572177323651e-05, 3.181009887218992e-05, -0.005312501816971926, -0.011502602751250745, 0.011092886452182203
flux1:, 1.6568430979606272, 4.177648815850266e-05, 2.9558133530064312e-05, -0.004840433401917318, -0.010647167135904719, 0.010157433148133685
flux1:, 1.6578254548312312, 4.16072609673401e-05, 2.7771168826220425e-05, -0.004410408751038012, -0.009853945323078001, 0.009308073373895826
flux1:, 1.658807811701835, 4.279788608520498e-05, 2.641135613892153e-05, -0.0040228305140589575, -0.009120171405520308, 0.00854248707965499
flux1:, 1.659790168572439, 4.5116035253067744e-05, 2.543200836395363e-05, -0.00367727047982762, -0.00844303169131478, 0.007857268113714514
flux1:, 1.660772525443043, 4.83162518182148e-05, 2.478031231228382e-05, -0.003372461755420786, -0.007819639873868243, 0.007247999678742779
flux1:, 1.661754882313647, 5.2148726480356717e-05, 2.4399970902247794e-05, -0.0031063368597823685, -0.007247024851382719, 0.0067093763841566895
flux1:, 1.662737239184251, 5.636753561813006e-05, 2.4233678470287815e-05, -0.002876106624751838, -0.00672213046711782, 0.00623536342473092
flux1:, 1.6637195960548548, 6.0738112624544924e-05, 2.422534941129265e-05, -0.002678373151430258, -0.006241826018518209, 0.005819382592401658
flux1:, 1.6647019529254587, 6.504376541382177e-05, 2.432203877843294e-05, -0.0025092688651309003, -0.005802926032618025, 0.005454514517894648
flux1:, 1.6656843097960627, 6.909109908238342e-05, 2.4475512508701736e-05, -0.0023646129799870306, -0.005402217538225769, 0.005133706714235929
flux1:, 1.6666666666666667, 7.271424985873881e-05, 2.4643443755688507e-05, -0.0022400764267864947, -0.005036492888726254, 0.004849977608884999
