flux1:, 1.1764705882352942, 0.00017174958319445834, 5.687149163602436e-06
flux1:, 1.1774529451058982, 0.0005887234406175519, -0.0001589900965684548
flux1:, 1.1784353019765021, 0.0002753956590931983, -4.730515275426297e-05
flux1:, 1.179417658847106, 4.0043467299176936e-05, 7.490581957773375e-05
flux1:, 1.18040001571771, 0.0005754544275767551, -0.00011604950404614933
flux1:, 1.181382372588314, 0.000504638115519975, -0.00012004268036115802
flux1:, 1.182364729458918, -2.8584282167742293e-05, 0.00010597811051277713
flux1:, 1.183347086329522, 0.0004412941946611031, -1.7462246830278327e-05
flux1:, 1.1843294432001257, 0.0007752556410297536, -0.00017605292235866628
flux1:, 1.1853118000707297, 5.717387847499052e-05, 7.00202809237627e-05
flux1:, 1.1862941569413337, 0.0001878533566577241, 0.00010575223407911353
flux1:, 1.1872765138119377, 0.0009758634206329734, -0.0001681908632212855
flux1:, 1.1882588706825417, 0.00037705775861587626, -2.8583322286866716e-05
flux1:, 1.1892412275531457, -8.433096164759895e-05, 0.00018877092983880044
flux1:, 1.1902235844237494, 0.0009476326248370244, -7.936635858621823e-05
flux1:, 1.1912059412943534, 0.0008942782209436293, -0.00013638566189156677
flux1:, 1.1921882981649574, -0.00016649244216016584, 0.00017776143164685473
flux1:, 1.1931706550355614, 0.0006149518758218987, 4.4437814930816996e-05
flux1:, 1.1941530119061654, 0.0013922713968301417, -0.0001895086808070003
flux1:, 1.1951353687767692, 0.00012298007505331523, 8.836004577439588e-05
flux1:, 1.1961177256473732, 0.00011370618660299057, 0.00013192573337196642
flux1:, 1.1971000825179772, 0.0015984152145619296, -0.00018051176534860001
flux1:, 1.1980824393885812, 0.0007779865014926419, -1.3575640765414467e-05
flux1:, 1.1990647962591852, -0.00026788855708834576, 0.00016638430374955746
flux1:, 1.200047153129789, 0.0013721721475378752, -0.0001541411200802627
flux1:, 1.201029510000393, 0.0016085063150443999, -9.609847628069434e-05
flux1:, 1.202011866870997, -0.00024362213811526744, 0.00019815621783676312
flux1:, 1.202994223741601, 0.0007608428139147875, -0.00012845486216586275
flux1:, 1.203976580612205, 0.002325552284653229, -0.00019937879469914766
flux1:, 1.2049589374828087, 0.0003879229652338289, 0.0002738541236988979
flux1:, 1.2059412943534127, -3.819018400535197e-06, -2.3467105880317024e-05
flux1:, 1.2069236512240167, 0.0025772305034635025, -0.00037700878824529875
flux1:, 1.2079060080946207, 0.0016540054009928772, 0.00033444120478026517
flux1:, 1.2088883649652247, -0.0004579548352611919, 0.00032837311278942913
flux1:, 1.2098707218358287, 0.00203857454263127, -0.0005317733600197371
flux1:, 1.2108530787064324, 0.003161620236814746, 0.0001705337144863943
flux1:, 1.2118354355770364, 1.4764432942362336e-05, 0.0009706514244684286
flux1:, 1.2128177924476404, 0.0007928457293657813, -0.0002621060991444724
flux1:, 1.2138001493182444, 0.003952856469243214, -0.00033156198653232157
flux1:, 1.2147825061888484, 0.0015578547446741119, 0.0014692393200194437
flux1:, 1.2157648630594522, -0.00029377664351510046, 0.0007905339711541723
flux1:, 1.2167472199300562, 0.0033156581348382126, -0.0007115948700885269
flux1:, 1.2177295768006602, 0.00326575249929706, 0.0011968282248465787
flux1:, 1.2187119336712642, -0.0003265800807741698, 0.0021884559248225113
flux1:, 1.2196942905418682, 0.0018139953150761656, -0.00023275759467039522
flux1:, 1.220676647412472, 0.004158471105068658, 0.00027303052573340197
flux1:, 1.221659004283076, 0.0006069967093155423, 0.003007524921167616
flux1:, 1.22264136115368, 0.00048568406986334754, 0.0012334811046824004
flux1:, 1.223623718024284, 0.004197945899373176, -0.0004853345095662694
flux1:, 1.224606074894888, 0.0019752443740523257, 0.0027796331013035147
flux1:, 1.2255884317654917, -0.00022403346314584213, 0.0031744110704387363
flux1:, 1.2265707886360957, 0.0038167169972456645, -0.0002825044120648783
flux1:, 1.2275531455066997, 0.0036088130388872153, 0.0016752529569452207
flux1:, 1.2285355023773037, -0.0002649758223609977, 0.0048376015479842955
flux1:, 1.2295178592479077, 0.003249507512916627, 0.0013458773044916737
flux1:, 1.2305002161185117, 0.005767371282488163, 0.00035468105861958637
flux1:, 1.2314825729891155, 0.0007164042908912212, 0.005397923425576941
flux1:, 1.2324649298597194, 0.002371479797696144, 0.0043339348844529686
flux1:, 1.2334472867303234, 0.008586091422131608, -3.3861087317230445e-05
flux1:, 1.2344296436009274, 0.003984524971480918, 0.004130662245897679
flux1:, 1.2354120004715314, 0.0012593401460787772, 0.007379917633928452
flux1:, 1.2363943573421352, 0.010643458222946468, 0.00175176132921006
flux1:, 1.2373767142127392, 0.010668070516636943, 0.0013812896974300809
flux1:, 1.2383590710833432, 0.0018002287494808535, 0.007481244526638568
flux1:, 1.2393414279539472, 0.008673810042296113, 0.004795748168084888
flux1:, 1.2403237848245512, 0.01699907016496059, -0.0003757503082240404
flux1:, 1.241306141695155, 0.006511981829739857, 0.003955459249998982
flux1:, 1.242288498565759, 0.0038131894177210685, 0.005737185595524739
flux1:, 1.243270855436363, 0.017086733681435647, -8.44127531415614e-06
flux1:, 1.244253212306967, 0.013405002028392331, 0.000713446375489346
flux1:, 1.245235569177571, 0.0017489106951976362, 0.004544438963323723
flux1:, 1.2462179260481747, 0.01241065753278346, 0.0006903647672544802
flux1:, 1.2472002829187787, 0.01935834398168898, -0.0006938529339031068
flux1:, 1.2481826397893827, 0.004988046014855267, 0.0035484206849752077
flux1:, 1.2491649966599867, 0.00718580722793241, 0.0010182109337770085
flux1:, 1.2501473535305907, 0.023679801646998077, -0.0015973416718160988
flux1:, 1.2511297104011945, 0.014765502842722059, 0.004132558117819421
flux1:, 1.2521120672717985, 0.005312321786849651, 0.0031009410012175446
flux1:, 1.2530944241424025, 0.025963887083331486, -0.0026646647394210376
flux1:, 1.2540767810130065, 0.03335333857655827, 0.006308840989983349
flux1:, 1.2550591378836105, 0.014410470507823396, 0.014391943216827885
flux1:, 1.2560414947542144, 0.019749050643586674, 0.004826083190774562
flux1:, 1.2570238516248182, 0.038977896296050196, 0.006155831074927257
flux1:, 1.2580062084954222, 0.025138417032325746, 0.024537199845001283
flux1:, 1.2589885653660262, 0.007786799767338355, 0.02214744509166965
flux1:, 1.2599709222366302, 0.018350780147452676, 0.006850794934884289
flux1:, 1.2609532791072342, 0.019331225142086843, 0.016136041760925608
flux1:, 1.261935635977838, 0.004731017512279926, 0.026968368097002805
flux1:, 1.262917992848442, 0.00937592719755766, 0.012828368079784292
flux1:, 1.263900349719046, 0.015725544924434808, 0.009797434800278063
flux1:, 1.26488270658965, 0.004349542593437466, 0.026650692200475883
flux1:, 1.265865063460254, 0.00661443140328381, 0.022286344515154485
flux1:, 1.266847420330858, 0.017413837695285844, 0.009503348677600295
flux1:, 1.2678297772014617, 0.006398563653444173, 0.02491967536943403
flux1:, 1.2688121340720657, 0.004850515515730498, 0.03576962638549913
flux1:, 1.2697944909426697, 0.026128314010923023, 0.019244351979620697
flux1:, 1.2707768478132737, 0.020545977243925904, 0.02338955060126389
flux1:, 1.2717592046838777, 0.0073915712333454345, 0.05298935395649728
flux1:, 1.2727415615544815, 0.0458613523641636, 0.05124428931889431
flux1:, 1.2737239184250855, 0.07987311646687521, 0.025196714929599972
flux1:, 1.2747062752956895, 0.048789312562503, 0.024856708205019926
flux1:, 1.2756886321662935, 0.027386351955133028, 0.033749343590236715
flux1:, 1.2766709890368975, 0.05484549793319472, 0.01815419533287661
flux1:, 1.2776533459075012, 0.05180106771111208, 0.002421199695187543
flux1:, 1.2786357027781052, 0.015763769483983073, 0.007488449126899016
flux1:, 1.2796180596487092, 0.021228712393514114, 0.012343136336907756
flux1:, 1.2806004165193132, 0.04002981079694988, 0.008152616261069005
flux1:, 1.2815827733899172, 0.020345708787485726, 0.007508134407627527
flux1:, 1.282565130260521, 0.0111117165445575, 0.010743061897736389
flux1:, 1.283547487131125, 0.03137933107972002, 0.012206966283046284
flux1:, 1.284529844001729, 0.02667852712681167, 0.01244866984824511
flux1:, 1.285512200872333, 0.010238264907790654, 0.012337182503763432
flux1:, 1.286494557742937, 0.02433746252942908, 0.014265038473488404
flux1:, 1.2874769146135407, 0.03175386986949514, 0.01754533048647936
flux1:, 1.2884592714841447, 0.014649871285430343, 0.01663857345301809
flux1:, 1.2894416283547487, 0.019056259097668254, 0.016111554489496575
flux1:, 1.2904239852253527, 0.03434738752109973, 0.021424722582360892
flux1:, 1.2914063420959567, 0.02239997888298256, 0.022751316890836988
flux1:, 1.2923886989665605, 0.016677717914370584, 0.019366895887825065
flux1:, 1.2933710558371645, 0.03416594737975622, 0.0240377369593939
flux1:, 1.2943534127077685, 0.0315430451863371, 0.02939315520911135
flux1:, 1.2953357695783725, 0.01841136512133867, 0.025036308096604166
flux1:, 1.2963181264489765, 0.03198692664074391, 0.026297481943447613
flux1:, 1.2973004833195805, 0.039971997625903546, 0.035306374397968326
flux1:, 1.2982828401901843, 0.02478580251235071, 0.033211239798849886
flux1:, 1.2992651970607882, 0.02962889175179117, 0.029721199924814156
flux1:, 1.3002475539313922, 0.04590410087352203, 0.03979797620426933
flux1:, 1.3012299108019962, 0.03515812661078184, 0.04302591272203432
flux1:, 1.3022122676726002, 0.029521015673513788, 0.035858930025316385
flux1:, 1.303194624543204, 0.04856523287776944, 0.04316463812305808
flux1:, 1.304176981413808, 0.0476640537377631, 0.05298178874565246
flux1:, 1.305159338284412, 0.03391074488266299, 0.045630016495614135
flux1:, 1.306141695155016, 0.04870319248150376, 0.04677698842240049
flux1:, 1.30712405202562, 0.05971450045001768, 0.061601175774672993
flux1:, 1.308106408896224, 0.04395410720330894, 0.05882092780658081
flux1:, 1.3090887657668278, 0.04861221473096663, 0.052703622740119485
flux1:, 1.3100711226374318, 0.06894898783212895, 0.06820119375026289
flux1:, 1.3110534795080357, 0.0590628720683067, 0.07400218648118564
flux1:, 1.3120358363786397, 0.05151107194961933, 0.06293882393562923
flux1:, 1.3130181932492437, 0.07432999353637361, 0.07346743967886674
flux1:, 1.3140005501198475, 0.0768702158676236, 0.08899705675388932
flux1:, 1.3149829069904515, 0.06038189585317631, 0.07849749242562637
flux1:, 1.3159652638610555, 0.07691418078843787, 0.0795185620415813
flux1:, 1.3169476207316595, 0.09398830066695117, 0.10181237061897759
flux1:, 1.3179299776022635, 0.07666097991433367, 0.09876715151185186
flux1:, 1.3189123344728673, 0.07986439174599581, 0.08931432253467697
flux1:, 1.3198946913434713, 0.10740712075650986, 0.11170477087583582
flux1:, 1.3208770482140753, 0.09934782874395755, 0.12148093707476572
flux1:, 1.3218594050846793, 0.08750945809106317, 0.10553173098074478
flux1:, 1.3228417619552832, 0.11604271370820414, 0.11991400160381098
flux1:, 1.323824118825887, 0.12504931874396832, 0.14347077501538094
flux1:, 1.324806475696491, 0.1036601998083771, 0.12931379615269606
flux1:, 1.325788832567095, 0.12174635781808572, 0.12964088384101635
flux1:, 1.326771189437699, 0.1491642848459534, 0.16203039340127193
flux1:, 1.327753546308303, 0.12979676739274804, 0.15945066973696798
flux1:, 1.3287359031789068, 0.12917027366129696, 0.14510482024348154
flux1:, 1.3297182600495108, 0.16792253230666251, 0.17639162950267634
flux1:, 1.3307006169201148, 0.1639571688037813, 0.19247948255562408
flux1:, 1.3316829737907188, 0.144281927631907, 0.16991023455267495
flux1:, 1.3326653306613228, 0.18051496594978103, 0.18865134443926906
flux1:, 1.3336476875319265, 0.20102583199130875, 0.22387025409603983
flux1:, 1.3346300444025305, 0.17191359276444326, 0.2053261957064146
flux1:, 1.3356124012731345, 0.19032361551960936, 0.20359389479626416
flux1:, 1.3365947581437385, 0.23462368150833696, 0.24999869235800656
flux1:, 1.3375771150143425, 0.21328673991364572, 0.24925804703771814
flux1:, 1.3385594718849465, 0.20445047172672057, 0.22724192676650615
flux1:, 1.3395418287555503, 0.26009045065447617, 0.27017984139266676
flux1:, 1.3405241856261543, 0.26468878762323117, 0.29654312126575044
flux1:, 1.3415065424967583, 0.23135665215307696, 0.2645125533577228
flux1:, 1.3424888993673623, 0.27741373934560404, 0.2878526275618314
flux1:, 1.3434712562379663, 0.3182216195097919, 0.3407404322417256
flux1:, 1.34445361310857, 0.2772646894112034, 0.31683983607619476
flux1:, 1.345435969979174, 0.2927085146025036, 0.31019141494246955
flux1:, 1.346418326849778, 0.36480030175039835, 0.37695561423827423
flux1:, 1.347400683720382, 0.3427107409198782, 0.3808235120676726
flux1:, 1.348383040590986, 0.31717967871827496, 0.3459598669652889
flux1:, 1.34936539746159, 0.3985896011684114, 0.40469170998123905
flux1:, 1.3503477543321938, 0.4209110997963018, 0.4487440561440837
flux1:, 1.3513301112027978, 0.3633830679711496, 0.40214430378973937
flux1:, 1.3523124680734018, 0.42120829900260964, 0.4294897629036941
flux1:, 1.3532948249440058, 0.49921483529155797, 0.5111689507399368
flux1:, 1.3542771818146098, 0.43977117297181595, 0.48053961720710114
flux1:, 1.3552595386852135, 0.4437004837247997, 0.46236695620899654
flux1:, 1.3562418955558175, 0.5638796923598394, 0.5610503718488395
flux1:, 1.3572242524264215, 0.5455400023625625, 0.5757398720099725
flux1:, 1.3582066092970255, 0.4847184698171399, 0.5167543751709788
flux1:, 1.3591889661676295, 0.607022982730162, 0.5979763082270992
flux1:, 1.3601713230382333, 0.6682342697722743, 0.6757431074011303
flux1:, 1.3611536799088373, 0.5645747921870587, 0.6035876105819719
flux1:, 1.3621360367794413, 0.6333474331354574, 0.630890168210236
flux1:, 1.3631183936500453, 0.7861157286115485, 0.7656228942341305
flux1:, 1.3641007505206493, 0.6964991581443588, 0.7260907338527434
flux1:, 1.365083107391253, 0.6636637443410611, 0.6778513382931203
flux1:, 1.366065464261857, 0.8759337302316194, 0.8336612867571527
flux1:, 1.367047821132461, 0.8780378762713063, 0.8762709808045203
flux1:, 1.368030178003065, 0.7327547020892429, 0.7623117534632926
flux1:, 1.369012534873669, 0.9248108164438475, 0.8783713776739568
flux1:, 1.3699948917442728, 1.0864110011222687, 1.0349459558965026
flux1:, 1.3709772486148768, 0.8809161576508486, 0.9067739636573979
flux1:, 1.3719596054854808, 0.9432508529813046, 0.9145093238101597
flux1:, 1.3729419623560848, 1.2812555458811512, 1.1762064406348276
flux1:, 1.3739243192266888, 1.141415929166205, 1.126298056044307
flux1:, 1.3749066760972926, 0.976172462920852, 0.9773044939794944
flux1:, 1.3758890329678966, 1.4164104627472263, 1.2758791954760345
flux1:, 1.3768713898385005, 1.5299552038009203, 1.4261139319933038
flux1:, 1.3778537467091045, 1.1135504234019926, 1.1289247232524913
flux1:, 1.3788361035797085, 1.4602134783083376, 1.3228605288037563
flux1:, 1.3798184604503125, 2.0488855545457016, 1.8116560693946424
flux1:, 1.3808008173209163, 1.5261547811994647, 1.491761741765442
flux1:, 1.3817831741915203, 1.4270385212907144, 1.3372092599095895
flux1:, 1.3827655310621243, 2.749861484710547, 2.344891967117698
flux1:, 1.3837478879327283, 2.7293523754801896, 2.4894635937358762
flux1:, 1.3847302448033323, 1.5001248655036155, 1.4727725711368567
flux1:, 1.3857126016739363, 4.320075680564037, 3.650047619748741
flux1:, 1.38669495854454, 10.924010301379253, 9.762133090417828
flux1:, 1.387677315415144, 13.135990733453157, 12.923658922900207
flux1:, 1.388659672285748, 8.18678164989365, 9.218384404198835
flux1:, 1.389642029156352, 2.8211283926753437, 3.8301826268360704
flux1:, 1.390624386026956, 1.393768723205144, 1.7065102631699374
flux1:, 1.3916067428975598, 1.3487854113791544, 1.3597282906160624
flux1:, 1.3925890997681638, 0.8643079946186055, 0.9052408215444017
flux1:, 1.3935714566387678, 1.0122763867407147, 1.1437167515570474
flux1:, 1.3945538135093718, 1.5737990498172576, 1.6471807227846182
flux1:, 1.3955361703799758, 1.50649128204775, 1.262739043223965
flux1:, 1.3965185272505796, 1.2755704500109672, 1.074719216491176
flux1:, 1.3975008841211836, 1.5299333921910565, 1.7279672713797731
flux1:, 1.3984832409917876, 1.9484326867084247, 1.7009346088356452
flux1:, 1.3994655978623916, 1.9527882933405873, 1.0893574140282587
flux1:, 1.4004479547329955, 1.5381401698098587, 1.6554770832595622
flux1:, 1.4014303116035993, 2.2790421759904556, 2.5865288623951446
flux1:, 1.4024126684742033, 5.575636827478353, 2.146019676639891
flux1:, 1.4033950253448073, 8.536930336669894, 1.7744339324092642
flux1:, 1.4043773822154113, 6.833746177986477, 2.9503158800078135
flux1:, 1.4053597390860153, 2.4702753768901227, 3.6539351462305865
flux1:, 1.406342095956619, 1.0682773653316684, 2.5309178197646145
flux1:, 1.407324452827223, 2.3769956269373296, 1.653997081572584
flux1:, 1.408306809697827, 2.3764314781393576, 2.1224801048952404
flux1:, 1.409289166568431, 1.496069449743067, 2.339588696126062
flux1:, 1.410271523439035, 2.0162087622976705, 1.8938048344616016
flux1:, 1.4112538803096388, 2.5651531470204176, 1.9587245666835582
flux1:, 1.4122362371802428, 1.9429186652273989, 2.2944487075478315
flux1:, 1.4132185940508468, 1.882816252262638, 2.092939231630232
flux1:, 1.4142009509214508, 2.5691206221149097, 1.9568973320379404
flux1:, 1.4151833077920548, 2.3691368499285725, 2.256738611751006
flux1:, 1.4161656646626586, 1.9443143538817664, 2.2622205434293714
flux1:, 1.4171480215332626, 2.4534296302989844, 2.0338341108974607
flux1:, 1.4181303784038666, 2.687336957244178, 2.2126817595450325
flux1:, 1.4191127352744706, 2.1857919185167565, 2.3885017952539354
flux1:, 1.4200950921450746, 2.329884497666768, 2.17431527832731
flux1:, 1.4210774490156786, 2.841052527795733, 2.182567845127494
flux1:, 1.4220598058862823, 2.540679154609552, 2.454222393051231
flux1:, 1.4230421627568863, 2.3101039659269453, 2.3578956508670794
flux1:, 1.4240245196274903, 2.8358099416464797, 2.201828181489767
flux1:, 1.4250068764980943, 2.9027990369750998, 2.4553304008085535
flux1:, 1.4259892333686983, 2.4654045085077914, 2.5450702386164807
flux1:, 1.4269715902393023, 2.7445884308387063, 2.3026348291874132
flux1:, 1.427953947109906, 3.161001243283726, 2.413851898811838
flux1:, 1.42893630398051, 2.794786060632034, 2.681193889307936
flux1:, 1.429918660851114, 2.688196190885545, 2.4914792472775553
flux1:, 1.430901017721718, 3.2416878367171837, 2.380801103274523
flux1:, 1.431883374592322, 3.2073816355524474, 2.7127405864424423
flux1:, 1.4328657314629258, 2.789027593865388, 2.7243759211963026
flux1:, 1.4338480883335298, 3.1489063893198748, 2.4218691910515004
flux1:, 1.4348304452041338, 3.5264876748270213, 2.6156926914893903
flux1:, 1.4358128020747378, 3.0909314856779058, 2.88746954439604
flux1:, 1.4367951589453418, 2.9869386682123884, 2.571523116191649
flux1:, 1.4377775158159456, 3.5416414691086584, 2.434524884357907
flux1:, 1.4387598726865496, 3.4478443111494066, 2.8196142334641325
flux1:, 1.4397422295571536, 2.919684408012273, 2.7487148317290244
flux1:, 1.4407245864277576, 3.1726625681615133, 2.2993067316091635
flux1:, 1.4417069432983616, 3.506765838693082, 2.463160888308527
flux1:, 1.4426893001689653, 2.9980713740567047, 2.735876220595014
flux1:, 1.4436716570395693, 2.68440187514723, 2.3204881247970928
flux1:, 1.4446540139101733, 3.080882799464798, 2.0694859096564993
flux1:, 1.4456363707807773, 3.0278295902294348, 2.4396660370420395
flux1:, 1.4466187276513813, 2.4784424091673816, 2.4143582075493164
flux1:, 1.447601084521985, 2.5379939513514924, 1.9737200147304856
flux1:, 1.448583441392589, 2.8572216678894815, 2.1078298705043568
flux1:, 1.449565798263193, 2.567184429930848, 2.4253372352166354
flux1:, 1.450548155133797, 2.3078772468832693, 2.157646648287814
flux1:, 1.451530512004401, 2.6135140944936848, 1.9970931644342338
flux1:, 1.4525128688750049, 2.7046829108780726, 2.3527456182334703
flux1:, 1.4534952257456089, 2.4081127158266504, 2.3979987538915473
flux1:, 1.4544775826162128, 2.480517259958746, 2.1239647084157345
flux1:, 1.4554599394868168, 2.7637139939984516, 2.2936024465554246
flux1:, 1.4564422963574208, 2.6463320742632765, 2.556937641456019
flux1:, 1.4574246532280246, 2.5221971179099856, 2.372943676306345
flux1:, 1.4584070100986286, 2.7665094201143554, 2.3210217670328595
flux1:, 1.4593893669692326, 2.862255698033321, 2.619214357981145
flux1:, 1.4603717238398366, 2.6953802860920364, 2.623147481465309
flux1:, 1.4613540807104406, 2.7799004341796505, 2.4466736511173113
flux1:, 1.4623364375810444, 2.988551460313167, 2.63040228020154
flux1:, 1.4633187944516486, 2.910381770308132, 2.796850433041062
flux1:, 1.4643011513222524, 2.8451432473793545, 2.6308781427567056
flux1:, 1.4652835081928564, 3.0300247818016524, 2.6431368081477937
flux1:, 1.4662658650634603, 3.080687139098054, 2.8677060984908023
flux1:, 1.4672482219340643, 2.9548483974856956, 2.8079670363470317
flux1:, 1.4682305788046683, 3.024136273304847, 2.6852298546372855
flux1:, 1.4692129356752721, 3.153643510591138, 2.850999574166921
flux1:, 1.470195292545876, 3.0619543468498898, 2.915344867090689
flux1:, 1.47117764941648, 3.004346678271295, 2.7482850351559587
flux1:, 1.472160006287084, 3.1204816650996117, 2.78345640205702
flux1:, 1.473142363157688, 3.1072893071166456, 2.9177620704176443
flux1:, 1.4741247200282919, 2.9777773414103406, 2.795852357388175
flux1:, 1.4751070768988959, 3.006370289213326, 2.6999839941898878
flux1:, 1.4760894337694999, 3.0506383787177285, 2.818038801378667
flux1:, 1.4770717906401039, 2.924051705149131, 2.7857066015610257
flux1:, 1.4780541475107078, 2.8477396992455017, 2.617276557093022
flux1:, 1.4790365043813116, 2.8893362727748464, 2.650062931562998
flux1:, 1.4800188612519156, 2.812966526123821, 2.6938670385552217
flux1:, 1.4810012181225196, 2.6703019524764935, 2.5314978905598853
flux1:, 1.4819835749931236, 2.655084290837496, 2.4591534178497367
flux1:, 1.4829659318637276, 2.628083782700443, 2.5266579734546255
flux1:, 1.4839482887343314, 2.4802526510547636, 2.428485657095627
flux1:, 1.4849306456049354, 2.3932089077448424, 2.2818243288309916
flux1:, 1.4859130024755394, 2.380278106194645, 2.315490027593552
flux1:, 1.4868953593461434, 2.2716629241869004, 2.2970887011910013
flux1:, 1.4878777162167474, 2.139476022439089, 2.1349327217231417
flux1:, 1.4888600730873511, 2.1034274105866673, 2.100723526339719
flux1:, 1.4898424299579551, 2.041914280343875, 2.136813781739464
flux1:, 1.4908247868285591, 1.9090940755465113, 2.0156675705547125
flux1:, 1.4918071436991631, 1.8371208259599723, 1.9153994674431902
flux1:, 1.4927895005697671, 1.802496213779253, 1.9582549419181632
flux1:, 1.4937718574403709, 1.7019302258424795, 1.9082508174884252
flux1:, 1.4947542143109749, 1.608881434322665, 1.775131858409933
flux1:, 1.4957365711815789, 1.5768512129646208, 1.7797471169529322
flux1:, 1.4967189280521829, 1.5157905252124817, 1.794326084176513
flux1:, 1.4977012849227869, 1.4270970016050508, 1.6754523138083057
flux1:, 1.4986836417933906, 1.387368002970168, 1.6219379741463593
flux1:, 1.4996659986639946, 1.3545580680886868, 1.6648634622806298
flux1:, 1.5006483555345986, 1.286923814885357, 1.597402398479722
flux1:, 1.5016307124052026, 1.2433853843170486, 1.4999237448692133
flux1:, 1.5026130692758066, 1.2250287270041995, 1.5271701820023742
flux1:, 1.5035954261464104, 1.180811100049483, 1.5202380686859176
flux1:, 1.5045777830170146, 1.1406430137280565, 1.4163376839617263
flux1:, 1.5055601398876184, 1.1292406593483517, 1.4003774135531832
flux1:, 1.5065424967582224, 1.1035484108293934, 1.4337320430217237
flux1:, 1.5075248536288264, 1.0695860191966968, 1.361287968391751
flux1:, 1.5085072104994304, 1.0620901850160231, 1.3027486828095238
flux1:, 1.5094895673700344, 1.050518660867205, 1.341561899223436
flux1:, 1.5104719242406381, 1.0220609757203314, 1.3191789717369815
flux1:, 1.5114542811112421, 1.0149239585720473, 1.241229352824666
flux1:, 1.5124366379818461, 1.0145621982080502, 1.2552635344567722
flux1:, 1.5134189948524501, 0.9913613076283485, 1.2761380189709175
flux1:, 1.5144013517230541, 0.9791833259907824, 1.2086660301572392
flux1:, 1.515383708593658, 0.9849900033034557, 1.1846204431108864
flux1:, 1.516366065464262, 0.9682082519041729, 1.2228862236939575
flux1:, 1.5173484223348659, 0.946159719503255, 1.1864062142270078
flux1:, 1.5183307792054699, 0.9482996091754171, 1.1296610800423663
flux1:, 1.5193131360760739, 0.9372506997340228, 1.1529200457192161
flux1:, 1.5202954929466777, 0.9038194075041688, 1.1486625260834546
flux1:, 1.5212778498172816, 0.8897152134516078, 1.0768043085751695
flux1:, 1.5222602066878856, 0.8782114638787669, 1.0598284700791454
flux1:, 1.5232425635584896, 0.835769935714803, 1.0693674295183486
flux1:, 1.5242249204290936, 0.7971653539429595, 1.002227378351099
flux1:, 1.5252072772996974, 0.7753113538938485, 0.939023036640907
flux1:, 1.5261896341703014, 0.728979342488655, 0.935377886892915
flux1:, 1.5271719910409054, 0.6695412762164797, 0.886204821514007
flux1:, 1.5281543479115094, 0.6320240313177244, 0.7948970460652273
flux1:, 1.5291367047821134, 0.5881261193778456, 0.7607489403163539
flux1:, 1.5301190616527172, 0.5229387555497368, 0.7314652905103567
flux1:, 1.5311014185233212, 0.4744997934997809, 0.6437882702430887
flux1:, 1.5320837753939252, 0.4380726662988436, 0.5821114031983752
flux1:, 1.5330661322645291, 0.3830388350419423, 0.564113186975995
flux1:, 1.5340484891351331, 0.33358157223387974, 0.5043509042048492
flux1:, 1.535030846005737, 0.3059096748251026, 0.43261432672843453
flux1:, 1.536013202876341, 0.26868380367264827, 0.41352882946842495
flux1:, 1.536995559746945, 0.22574763325174815, 0.38638183075649785
flux1:, 1.537977916617549, 0.2045893047504564, 0.32373155810357856
flux1:, 1.538960273488153, 0.1846734831066368, 0.2958899585024312
flux1:, 1.5399426303587567, 0.15169561415724683, 0.2905524417906258
flux1:, 1.5409249872293607, 0.13353753547646904, 0.24904049866261835
flux1:, 1.5419073440999647, 0.12627895800730488, 0.21331364056341595
flux1:, 1.5428897009705687, 0.10448276711966067, 0.21426389564627674
flux1:, 1.5438720578411727, 0.08680224443928847, 0.19611361326254234
flux1:, 1.5448544147117764, 0.08611246863148221, 0.1597645180610804
flux1:, 1.5458367715823806, 0.07564154131661469, 0.15539849003095657
flux1:, 1.5468191284529844, 0.05830417322055334, 0.15460450142928261
flux1:, 1.5478014853235884, 0.0582219956821545, 0.1261296215063484
flux1:, 1.5487838421941924, 0.05766208277133342, 0.11252331574449195
flux1:, 1.5497661990647964, 0.042946834603980584, 0.11905099868205422
flux1:, 1.5507485559354004, 0.039259503667011746, 0.10348485743666613
flux1:, 1.5517309128060042, 0.04499874074078461, 0.08365021614033846
flux1:, 1.5527132696766082, 0.0360663736690508, 0.08830437551440787
flux1:, 1.5536956265472122, 0.027750562448862776, 0.08522543976315945
flux1:, 1.5546779834178162, 0.03463000427962072, 0.06551135696342747
flux1:, 1.5556603402884202, 0.033231628423063125, 0.06337753708831385
flux1:, 1.556642697159024, 0.0225950003771793, 0.06804871101274006
flux1:, 1.557625054029628, 0.025938776763852443, 0.054051776048197504
flux1:, 1.558607410900232, 0.0309143811628216, 0.045221017100433844
flux1:, 1.559589767770836, 0.021966317489350448, 0.051565534940682604
flux1:, 1.56057212464144, 0.019684539209105564, 0.04563564213264536
flux1:, 1.5615544815120437, 0.027349395923762485, 0.03352814206728355
flux1:, 1.5625368383826477, 0.023319732035028948, 0.036924545678264795
flux1:, 1.5635191952532517, 0.016578504552061658, 0.037981093951069286
flux1:, 1.5645015521238557, 0.02267469259136115, 0.026803162925991837
flux1:, 1.5654839089944597, 0.024280234312506335, 0.02537628655405648
flux1:, 1.5664662658650634, 0.016356947998476905, 0.030278628161370107
flux1:, 1.5674486227356674, 0.01814960214666546, 0.023096062805908077
flux1:, 1.5684309796062714, 0.023545063481285548, 0.01749284457356459
flux1:, 1.5694133364768754, 0.017801126064999364, 0.022706611353807454
flux1:, 1.5703956933474794, 0.015036453134990586, 0.020661199638144473
flux1:, 1.5713780502180832, 0.021124395477996778, 0.013077775654855165
flux1:, 1.5723604070886872, 0.019405362239119473, 0.01587286689570262
flux1:, 1.5733427639592912, 0.013860220349655663, 0.01824747619684358
flux1:, 1.5743251208298952, 0.017900824968207114, 0.011368737805874638
flux1:, 1.5753074777004992, 0.020066087239258634, 0.010466114476289385
flux1:, 1.576289834571103, 0.014313638622043007, 0.015172373067287304
flux1:, 1.577272191441707, 0.014945446888547537, 0.011225539459847299
flux1:, 1.578254548312311, 0.019381062734170833, 0.0070332237614580415
flux1:, 1.579236905182915, 0.015594836653177797, 0.011385919010887029
flux1:, 1.580219262053519, 0.013020138078860065, 0.011328266369102268
flux1:, 1.5812016189241227, 0.01755873799097382, 0.005710225214111153
flux1:, 1.5821839757947267, 0.016812344462133772, 0.007476154465512119
flux1:, 1.5831663326653307, 0.012399160524723006, 0.010557073478049126
flux1:, 1.5841486895359347, 0.01517304959610483, 0.00597763677668355
flux1:, 1.5851310464065387, 0.017260275697497714, 0.004383875533012564
flux1:, 1.5861134032771425, 0.012888772511121114, 0.008485933565644085
flux1:, 1.5870957601477467, 0.012931941691512142, 0.006747608612184048
flux1:, 1.5880781170183504, 0.016587546782824227, 0.0028116447721561817
flux1:, 1.5890604738889544, 0.013922895198743625, 0.0055881709298202685
flux1:, 1.5900428307595584, 0.011447443328235558, 0.006898416943395696
flux1:, 1.5910251876301624, 0.014900522360322705, 0.0027336910453525055
flux1:, 1.5920075445007664, 0.014752797256109017, 0.0028729075937162247
flux1:, 1.5929899013713702, 0.010989872363514317, 0.005891341801963898
flux1:, 1.5939722582419742, 0.012719497440554926, 0.0034259274200179293
flux1:, 1.5949546151125782, 0.01474742306703096, 0.001204137769085027
flux1:, 1.5959369719831822, 0.011348955254162173, 0.003983924841018302
flux1:, 1.5969193288537862, 0.010729657417760755, 0.003960405194523971
flux1:, 1.59790168572439, 0.01367470247859855, 0.0008193041763399226
flux1:, 1.598884042594994, 0.01193573822136003, 0.001937384074268066
flux1:, 1.599866399465598, 0.009437513345707419, 0.0037471444548872884
flux1:, 1.600848756336202, 0.011784890881764848, 0.001314531159518698
flux1:, 1.601831113206806, 0.012091679438164452, 0.0004986280558141804
flux1:, 1.6028134700774097, 0.008939584725332583, 0.002774966191582619
flux1:, 1.6037958269480137, 0.009642043919231017, 0.001991538710561966
flux1:, 1.6047781838186177, 0.011417441354118629, 3.858577548637575e-06
flux1:, 1.6057605406892217, 0.008931986947453188, 0.0014804463997030925
flux1:, 1.6067428975598257, 0.007817015602364877, 0.002281573621654553
flux1:, 1.6077252544304295, 0.009929988048985455, 0.00029319473118072164
flux1:, 1.6087076113010335, 0.00892366624224496, 0.00040596581889578576
flux1:, 1.6096899681716375, 0.006628291581367124, 0.001993573796387751
flux1:, 1.6106723250422414, 0.007988132408851465, 0.0009072755005319346
flux1:, 1.6116546819128454, 0.008499884843637255, -0.00010957940359689576
flux1:, 1.6126370387834492, 0.006054993906499061, 0.0012987656534175862
flux1:, 1.6136193956540532, 0.006076640003603122, 0.0013832038836643899
flux1:, 1.6146017525246572, 0.007494940625902724, -4.7537321325921826e-05
flux1:, 1.6155841093952612, 0.0058206942090208635, 0.0005408498144279147
flux1:, 1.6165664662658652, 0.004587900668118272, 0.0014646860436903185
flux1:, 1.617548823136469, 0.006026035842164532, 0.0003642103924928736
flux1:, 1.618531180007073, 0.005567127716817872, 2.639825861982592e-05
flux1:, 1.619513536877677, 0.003688516049275551, 0.0011544318408908654
flux1:, 1.620495893748281, 0.004409408359383336, 0.0008124631377891197
flux1:, 1.621478250618885, 0.005029120125898133, -0.00010377296392873579
flux1:, 1.6224606074894887, 0.0032967312235137112, 0.0006426653235832996
flux1:, 1.6234429643600927, 0.003005419045061684, 0.001049035482979679
flux1:, 1.6244253212306967, 0.004140988081597388, 9.93947616017958e-05
flux1:, 1.6254076781013007, 0.0031616475543850492, 0.00017970311516417816
flux1:, 1.6263900349719047, 0.00206075969375316, 0.0009795821210186473
flux1:, 1.6273723918425085, 0.0030374564565126567, 0.00045021894062140667
flux1:, 1.6283547487131127, 0.0030014124867981475, -4.82442605310225e-05
flux1:, 1.6293371055837165, 0.0016203722822176816, 0.0006745086798258568
flux1:, 1.6303194624543205, 0.0019637770268966757, 0.000733125642027779
flux1:, 1.6313018193249245, 0.0026327781538696177, 5.372739130660743e-06
flux1:, 1.6322841761955285, 0.001541385925938509, 0.0003079067022485677
flux1:, 1.6332665330661325, 0.0011501675000747333, 0.0008073868428068313
flux1:, 1.6342488899367362, 0.0020353461852706378, 0.0002470192324405163
flux1:, 1.6352312468073402, 0.0015863324016921936, 5.679253742043176e-05
flux1:, 1.6362136036779442, 0.0007110487888899494, 0.0006627402574017182
flux1:, 1.6371959605485482, 0.001331577097834916, 0.0005109099990847289
flux1:, 1.6381783174191522, 0.0015417344003332096, 1.2688741521833056e-05
flux1:, 1.639160674289756, 0.0006094220047392647, 0.0004021348691169874
flux1:, 1.64014303116036, 0.0007035720066580696, 0.000653367517731679
flux1:, 1.641125388030964, 0.0013059401805334476, 0.00014984032372522023
flux1:, 1.642107744901568, 0.0006945061130595257, 0.00016925393648068557
flux1:, 1.643090101772172, 0.0002942243586089851, 0.0006204971547129173
flux1:, 1.6440724586427757, 0.000910608596079673, 0.000359183400225354
flux1:, 1.6450548155133797, 0.0007863090882392022, 6.781620288932435e-05
flux1:, 1.6460371723839837, 0.0001430872301769949, 0.00045740191873022907
flux1:, 1.6470195292545877, 0.0004757346349683524, 0.000518857546483729
flux1:, 1.6480018861251917, 0.0007599022359750141, 0.00011716347486750746
flux1:, 1.6489842429957955, 0.00018375857934989356, 0.00026517040549208415
flux1:, 1.6499665998663995, 0.00013145028477608563, 0.0005568713438046314
flux1:, 1.6509489567370035, 0.000587904191734609, 0.0002598735799417321
flux1:, 1.6519313136076075, 0.00029348310898300424, 0.00013915814846458385
flux1:, 1.6529136704782115, -4.8197608188107846e-05, 0.0004754536101762647
flux1:, 1.6538960273488152, 0.000327976538595642, 0.0004056753885483258
flux1:, 1.6548783842194192, 0.00035965163824097104, 0.0001239025350950439
flux1:, 1.6558607410900232, -6.909753900002767e-05, 0.000334033606710146
flux1:, 1.6568430979606272, 7.341699715177623e-05, 0.0004814281753572973
flux1:, 1.6578254548312312, 0.00032631690357619834, 0.00020247896112162667
flux1:, 1.658807811701835, 3.144679545869927e-06, 0.00020893234161131044
flux1:, 1.659790168572439, -0.00010011135611226475, 0.00046204151710929864
flux1:, 1.660772525443043, 0.00020292210338412737, 0.0003170682119198087
flux1:, 1.661754882313647, 8.62503261595389e-05, 0.00015392100047319763
flux1:, 1.662737239184251, -0.0001652167643870306, 0.0003724940305057437
flux1:, 1.6637195960548548, 4.122756286436319e-05, 0.0004042393934839053
flux1:, 1.6647019529254587, 0.00012041984398468876, 0.000179394052029624
flux1:, 1.6656843097960627, -0.00014294410045678562, 0.00026625914249430507
flux1:, 1.6666666666666667, -9.980617511420471e-05, 0.00042585157231717904
