flux1:, 1.1764705882352942, 0.0003791835359795842, 0.00037988678767922985, -8.200366301996786e-05, -0.004943732561294437, 0.004917400424441481
flux1:, 1.1774529451058982, 0.00047443751942724386, 0.0004751525017519722, -7.23987834998055e-05, -0.004890375487887898, 0.0048745382547110494
flux1:, 1.1784353019765021, 0.0002777998999534812, 0.0002782069561717936, -7.036252780890712e-05, -0.00490068504428295, 0.004892215970195449
flux1:, 1.179417658847106, 5.805477231382691e-05, 5.828587190436123e-05, -8.063119309332911e-05, -0.005020438613286187, 0.005004499404564123
flux1:, 1.18040001571771, 0.00015363128084130176, 0.00015411568768295645, -8.952328315366756e-05, -0.0051423966562805555, 0.005113765627451493
flux1:, 1.181382372588314, 0.00046899592229721716, 0.0004698362275365125, -8.420226019225277e-05, -0.005147454544890295, 0.00511957456031173
flux1:, 1.182364729458918, 0.0005623473072544917, 0.0005631241234294106, -7.249158523753277e-05, -0.005075603755894621, 0.005062220202037841
flux1:, 1.183347086329522, 0.00026900599330938825, 0.00026936010734365925, -7.284941925818952e-05, -0.005084007373444771, 0.005078284703309998
flux1:, 1.1843294432001257, -9.504911221935325e-06, -9.307129143065375e-06, -8.695472596447963e-05, -0.005232684777138989, 0.005215242808099677
flux1:, 1.1853118000707297, 0.00016689714709631166, 0.00016750973663495007, -9.538677173971778e-05, -0.005387936480873488, 0.005354823441677359
flux1:, 1.1862941569413337, 0.0006147049249924025, 0.0006157710865186572, -8.547730296244976e-05, -0.005392975672304979, 0.005363417367482387
flux1:, 1.1872765138119377, 0.0007103508941026158, 0.0007112354676758998, -7.171369974963203e-05, -0.00529004383103833, 0.005280017178424002
flux1:, 1.1882588706825417, 0.0002669231193745043, 0.00026719445459620915, -7.627806916001423e-05, -0.0052839801646886245, 0.005281733723331304
flux1:, 1.1892412275531457, -0.0001124496329545745, -0.0001123106724113339, -9.538614660423644e-05, -0.005470656150041961, 0.005451249947501328
flux1:, 1.1902235844237494, 0.00018432141338677892, 0.00018514621918844733, -0.00010203305671109284, -0.00568707790335288, 0.005648316106235818
flux1:, 1.1912059412943534, 0.0008585668580695673, 0.0008600386071204269, -8.526211003779867e-05, -0.005707921491289692, 0.005676136900027013
flux1:, 1.1921882981649574, 0.0009961118709830993, 0.0009972388303591752, -6.942032818654556e-05, -0.005554405413254236, 0.005548316902566489
flux1:, 1.1931706550355614, 0.0003290319991495038, 0.00032921257994429734, -8.088957318850407e-05, -0.005498755548941547, 0.005500904820687359
flux1:, 1.1941530119061654, -0.0002554678026998459, -0.00025544083674138577, -0.00010711983924376148, -0.005720679048947111, 0.005699510470258566
flux1:, 1.1951353687767692, 0.00017136114036577142, 0.00017251222951652915, -0.00011055962820491906, -0.006046132856953367, 0.0060008933251698565
flux1:, 1.1961177256473732, 0.001225987954217641, 0.001228218807902174, -8.341318400938207e-05, -0.006136516174347817, 0.006101060838123619
flux1:, 1.1971000825179772, 0.0015562785225740978, 0.001558042891103959, -6.422089646599106e-05, -0.005926518310514616, 0.005923065923906668
flux1:, 1.1980824393885812, 0.0006361720088420129, 0.0006364202164133034, -8.538259881534688e-05, -0.005748757956714157, 0.005755085659153729
flux1:, 1.1990647962591852, -0.00036278097843521386, -0.000362973689148515, -0.00012253938912516906, -0.005940229365885832, 0.005918727883546636
flux1:, 1.200047153129789, 7.017706989661102e-06, 8.421862911045271e-06, -0.00012336195228684492, -0.0063961277878469966, 0.006346480259809336
flux1:, 1.201029510000393, 0.0014748451810479139, 0.0014781192317161191, -8.269025908051531e-05, -0.006657599528109505, 0.0066185395691991155
flux1:, 1.202011866870997, 0.0022230003587250828, 0.002226001732171402, -5.657937621349379e-05, -0.006473853266393414, 0.006469369849140029
flux1:, 1.202994223741601, 0.0012250657611154125, 0.0012258667125000426, -8.653903241034942e-05, -0.006146712223764823, 0.006152000290887327
flux1:, 1.203976580612205, -0.0002791784072353004, -0.00027962820815468313, -0.0001364561741913608, -0.006186409372932961, 0.006162928517017624
flux1:, 1.2049589374828087, -0.0002918644753843713, -0.0002907239686581934, -0.00013735025628122587, -0.006670191737075731, 0.006620688652691779
flux1:, 1.2059412943534127, 0.00128366915511088, 0.0012874682892675712, -8.508585211629823e-05, -0.007117741743214034, 0.007081981430015042
flux1:, 1.2069236512240167, 0.0024030274359352812, 0.002407189785587377, -5.222680160052705e-05, -0.007081822500742202, 0.007078518712469048
flux1:, 1.2079060080946207, 0.0015496460516877283, 0.0015513259569244287, -8.874669480915628e-05, -0.006727069998904032, 0.006726477594196965
flux1:, 1.2088883649652247, -0.00017907333647833017, -0.00017954436547586248, -0.0001477135493332811, -0.006638160642697975, 0.006606307261736493
flux1:, 1.2098707218358287, -0.00046668611448363905, -0.00046612689437917763, -0.0001467801758710075, -0.0070710532644430515, 0.007021013937871439
flux1:, 1.2108530787064324, 0.001095087700271574, 0.0010985633603272926, -8.562985522433879e-05, -0.007611180778014312, 0.007584347112672148
flux1:, 1.2118354355770364, 0.0023841416549747188, 0.0023885828804155788, -5.140411209436971e-05, -0.007708580123543243, 0.007711897681753477
flux1:, 1.2128177924476404, 0.0016026010903330632, 0.001604757196377836, -9.666572711109982e-05, -0.00740669989104428, 0.007400004121338089
flux1:, 1.2138001493182444, -0.00021133536032252973, -0.00021169124578449903, -0.00016067449967028806, -0.007291413948530028, 0.0072471541515872545
flux1:, 1.2147825061888484, -0.0005360353985016708, -0.0005358196326572522, -0.00015224541976498228, -0.007706341032109472, 0.007653862478681227
flux1:, 1.2157648630594522, 0.001142903603770086, 0.0011458765756286434, -8.201519079134969e-05, -0.008284800429488271, 0.008269184486328268
flux1:, 1.2167472199300562, 0.0025224702914587206, 0.002526492082439634, -5.209953261228448e-05, -0.008449356977292538, 0.008461953887268437
flux1:, 1.2177295768006602, 0.0016291283031446384, 0.001630979936545046, -0.00011013719965831292, -0.008209119841941052, 0.008195632903036546
flux1:, 1.2187119336712642, -0.00034342116957103956, -0.0003439293719985277, -0.0001759356441331652, -0.008147653351432744, 0.008088498858380578
flux1:, 1.2196942905418682, -0.0005718774399128034, -0.00057155591392221, -0.00015374362871984517, -0.00860268578052489, 0.008547507163757375
flux1:, 1.220676647412472, 0.001423991278593441, 0.0014272345336711813, -7.394454092065917e-05, -0.009189327740117595, 0.009187219255079891
flux1:, 1.221659004283076, 0.0029285469907451415, 0.002932625654288447, -5.461757769500496e-05, -0.009358138764839935, 0.009381059495119573
flux1:, 1.22264136115368, 0.001745933484069464, 0.0017474269997834152, -0.00012968593270643763, -0.009195162986010969, 0.009172613937016334
flux1:, 1.223623718024284, -0.0005499911338430058, -0.0005508421980704953, -0.00019315184755528168, -0.009289153174257077, 0.009212511282209838
flux1:, 1.224606074894888, -0.0005870757449565729, -0.0005863864203024777, -0.00015049491042336995, -0.009842772677996615, 0.009785788313297308
flux1:, 1.2255884317654917, 0.0020249324093518893, 0.0020292615294585166, -6.224271738071952e-05, -0.01036187367396791, 0.0103765565987041
flux1:, 1.2265707886360957, 0.003812616139117076, 0.0038175653136701326, -6.200133654292874e-05, -0.010434242999432996, 0.010468385960811432
flux1:, 1.2275531455066997, 0.0021368993378848285, 0.0021382703569015078, -0.00015778108985410358, -0.01041799728662028, 0.010383063903217395
flux1:, 1.2285355023773037, -0.0007939246368469466, -0.000795264762336401, -0.00021093566378593294, -0.010891455884884648, 0.010793581813773618
flux1:, 1.2295178592479077, -0.0005412270119146347, -0.0005397698361111241, -0.00013860836359004612, -0.011634606445640412, 0.011576129928190253
flux1:, 1.2305002161185117, 0.003327511271316097, 0.003334492672666475, -4.672959508236603e-05, -0.011848260679740864, 0.011883525918223836
flux1:, 1.2314825729891155, 0.006003938260459554, 0.006011866509064477, -8.179288560930866e-05, -0.011525579096354674, 0.011573333892506638
flux1:, 1.2324649298597194, 0.0036860451357839355, 0.0036885768545124866, -0.00020443962879893133, -0.011817149451585804, 0.011766974457656064
flux1:, 1.2334472867303234, -0.0006328680343186814, -0.0006344984706017472, -0.00023038459451350592, -0.013347357547315374, 0.013220460560678738
flux1:, 1.2344296436009274, -0.0001660975495103578, -0.00016260031552889207, -0.00010655778169620094, -0.014725277431897195, 0.014656349345202732
flux1:, 1.2354120004715314, 0.00682892401670301, 0.0068442840326999235, -1.8653543943726662e-05, -0.014003830299123478, 0.014055133602193742
flux1:, 1.2363943573421352, 0.013798283694913299, 0.013820639922861366, -0.00013559289139848804, -0.011834407736267566, 0.011899771846403352
flux1:, 1.2373767142127392, 0.013318376537404038, 0.013335958679591683, -0.0003348760241630144, -0.011730851503310918, 0.011672801745550826
flux1:, 1.2383590710833432, 0.0064448249618060515, 0.00645289120216553, -0.0003336600665194759, -0.01584262479937619, 0.015676907218111585
flux1:, 1.2393414279539472, 0.0019271918335751553, 0.0019343977190482567, -9.066956531050962e-05, -0.021154971649819363, 0.021023441493930047
flux1:, 1.2403237848245512, 0.005639217417380143, 0.005657950635470977, 8.741589028405117e-05, -0.021971925324231343, 0.021944080158593768
flux1:, 1.241306141695155, 0.013216297728010242, 0.01324784035327612, -6.27732786975416e-05, -0.01691792856831672, 0.016907160067424216
flux1:, 1.242288498565759, 0.01524883212539897, 0.015280653089154179, -0.00038105321942714313, -0.01171056656095623, 0.01162146482714706
flux1:, 1.243270855436363, 0.008676542928181876, 0.008694612104796908, -0.00046525342403845246, -0.012989643524486238, 0.012869926769450426
flux1:, 1.244253212306967, 0.00026493750885097777, 0.00026664398971539953, -0.00020760529079553, -0.020009706390057155, 0.019973228453628596
flux1:, 1.245235569177571, -0.0018471112924032438, -0.001853201735613404, 4.6840285040476464e-05, -0.025014251560828312, 0.025050807602222055
flux1:, 1.2462179260481747, 0.0023645872419056197, 0.0023596763669234805, -3.5965173876460375e-05, -0.02275539070218079, 0.022727594149231995
flux1:, 1.2472002829187787, 0.005871969330976476, 0.005870049305917761, -0.0003193171881889175, -0.017314369798283286, 0.01716606950478884
flux1:, 1.2481826397893827, 0.003963677944082007, 0.003962086059994319, -0.00038849991574311127, -0.01695449795104228, 0.016817714595494193
flux1:, 1.2491649966599867, -0.00042642195842374257, -0.0004283868982391713, -0.00013904059314556294, -0.023234317521472703, 0.02324805202377656
flux1:, 1.2501473535305907, -0.0015729905965324994, -0.0015731619668706755, 7.059949544555147e-05, -0.02880912186424665, 0.028899741498929456
flux1:, 1.2511297104011945, 0.0013145110382845606, 0.0013168588383915406, -6.807729636366697e-05, -0.027282779962573143, 0.027248192171468018
flux1:, 1.2521120672717985, 0.0036985487074688034, 0.003700778885833332, -0.00036082872887482063, -0.02205424321395756, 0.02185981429594446
flux1:, 1.2530944241424025, 0.00232432267187658, 0.0023239901489798113, -0.00038022237182926507, -0.021853393939487945, 0.021705884386502988
flux1:, 1.2540767810130065, -0.0006101583555788414, -0.0006117356564326783, -8.75521829335211e-05, -0.02865105432313724, 0.02870953781684346
flux1:, 1.2550591378836105, -0.001010486617555639, -0.001010069552065256, 9.43149585679728e-05, -0.03462651360119932, 0.03475336595328775
flux1:, 1.2560414947542144, 0.001357927630627889, 0.0013608673279563565, -0.00011238205783904987, -0.03290475569739954, 0.03284315058227591
flux1:, 1.2570238516248182, 0.0029088676973198606, 0.0029114120845096137, -0.0004210956155896468, -0.027440385680749396, 0.027192823717506014
flux1:, 1.2580062084954222, 0.0015145942886161238, 0.0015145389177182952, -0.00037925619578056365, -0.02785860157957473, 0.0277098318167893
flux1:, 1.2589885653660262, -0.0006597375210954306, -0.0006608380186539815, -3.315052352002341e-05, -0.03586064159711574, 0.035973568855587494
flux1:, 1.2599709222366302, -0.0005077179409237444, -0.0005068899200862369, 0.00011491410161361717, -0.04233424358871107, 0.04249063092263779
flux1:, 1.2609532791072342, 0.001584468596928202, 0.0015873809162089668, -0.0001694420001483125, -0.03997609135051364, 0.039870237305647836
flux1:, 1.261935635977838, 0.002506860678516386, 0.0025091109356671607, -0.0004885591842515913, -0.03403789862661169, 0.03373118792970541
flux1:, 1.262917992848442, 0.0010025353799722474, 0.0010024850332802236, -0.000370513768446823, -0.035437621370333065, 0.03530019113078014
flux1:, 1.263900349719046, -0.0006387324468078447, -0.0006393640396000523, 3.098078875248969e-05, -0.04515592977795576, 0.04533559823916538
flux1:, 1.26488270658965, -3.544642002385268e-05, -3.419851798810362e-05, 0.0001300176705266118, -0.0521566341016926, 0.05233503489328298
flux1:, 1.265865063460254, 0.0018535958964547088, 0.0018563919961361367, -0.00024193451571111806, -0.04878586219703195, 0.04861698526220015
flux1:, 1.266847420330858, 0.0022444317918339464, 0.0022462817403890024, -0.0005598326979866512, -0.04225723343096346, 0.04188735721225384
flux1:, 1.2678297772014617, 0.000627599294633164, 0.0006275337550082345, -0.000348105850177387, -0.045075006292764855, 0.04496579015443569
flux1:, 1.2688121340720657, -0.0005579974293147831, -0.0005581180517600504, 0.00010598723003927937, -0.05698941173116832, 0.05724928041764524
flux1:, 1.2697944909426697, 0.0004397477902966584, 0.00044142006614433896, 0.00013563506144039685, -0.06445418663867523, 0.06464386221858959
flux1:, 1.2707768478132737, 0.0021339149977426587, 0.0021365394678893768, -0.000332160853517729, -0.0596648000018139, 0.059411916770056104
flux1:, 1.2717592046838777, 0.002035128030723092, 0.002036549453852758, -0.0006313793348951017, -0.05252217444939686, 0.05208827574442946
flux1:, 1.2727415615544815, 0.00033018623110537133, 0.00033016678579119964, -0.00030714240212972817, -0.057316492555198065, 0.057257397192335635
flux1:, 1.2737239184250855, -0.0004142510524713026, -0.00041377565905805625, 0.00019150771147261373, -0.07191265376994023, 0.07226636747068663
flux1:, 1.2747062752956895, 0.0009406879797296014, 0.0009427867826192414, 0.0001271116505747385, -0.07966864685981681, 0.07985423839768098
flux1:, 1.2756886321662935, 0.0024156376725302494, 0.0024180231286512863, -0.00044174899339580713, -0.07299387241357849, 0.07263391709031593
flux1:, 1.2766709890368975, 0.0018411185336895662, 0.0018421030314142348, -0.000698727243356752, -0.06531376502384922, 0.06481959692879935
flux1:, 1.2776533459075012, 8.687230827930239e-05, 8.701081528898304e-05, -0.0002429351428150395, -0.07279512511943018, 0.07281379910732837
flux1:, 1.2786357027781052, -0.00019863423964880627, -0.00019743929342976507, 0.0002859768772505231, -0.09056833424207336, 0.09102874318319697
flux1:, 1.2796180596487092, 0.001483063728487377, 0.0014855888170965583, 9.917772951972596e-05, -0.0983056492533048, 0.09846606467780347
flux1:, 1.2806004165193132, 0.0026934077703897933, 0.002695469175461597, -0.0005714568721778812, -0.08920515680449832, 0.08871358037237344
flux1:, 1.2815827733899172, 0.00164282580702751, 0.0016433794645467998, -0.0007561941963667013, -0.08118973860014808, 0.08064541216562035
flux1:, 1.282565130260521, -0.00010959656090483816, -0.00010913762256147699, -0.0001509300534274226, -0.09224817322761374, 0.09237867357258805
flux1:, 1.283547487131125, 0.00010080575082981486, 0.0001028839574270404, 0.00038653001263521004, -0.11369004086891414, 0.11426810426052711
flux1:, 1.284529844001729, 0.0020780877408505013, 0.0020810362127668416, 4.6003438336618684e-05, -0.12092516944176256, 0.12103266389231743
flux1:, 1.285512200872333, 0.0029618964866967813, 0.002963533001256335, -0.0007209057464101294, -0.10878094360255526, 0.10813279587884643
flux1:, 1.286494557742937, 0.001428711243046857, 0.0014288634191971647, -0.0007967147576288766, -0.10079732554927534, 0.10022140330147238
flux1:, 1.2874769146135407, -0.00025761476794603226, -0.0002566109097172243, -2.682401588933187e-05, -0.1165302258276312, 0.11681362747070614
flux1:, 1.2884592714841447, 0.000498320877348185, 0.0005014907478266216, 0.0004888393039619649, -0.14210190765605182, 0.14280541415858225
flux1:, 1.2894416283547487, 0.0027338760045800777, 0.002737239312073334, -3.867549699127686e-05, -0.14813172479950604, 0.1481511319765814
flux1:, 1.2904239852253527, 0.0032143385156995223, 0.0032154343277370993, -0.0008882499858703803, -0.13225078334414037, 0.13142229057303084
flux1:, 1.2914063420959567, 0.0011912824097873125, 0.001191099022058416, -0.0008117163021981996, -0.12488367980743804, 0.12430564513158203
flux1:, 1.2923886989665605, -0.0003495721253007579, -0.0003477182458842655, 0.00013321351078324345, -0.1466245686039069, 0.1471095342871779
flux1:, 1.2933710558371645, 0.0010103247040862233, 0.001014848771120036, 0.0005869058737668926, -0.17671612058746514, 0.17754825532096233
flux1:, 1.2943534127077685, 0.0034561011562868403, 0.003459864019520564, -0.00016139549566299128, -0.18056141413964646, 0.18044961082103922
flux1:, 1.2953357695783725, 0.003441835461725135, 0.0034422636879402717, -0.0010698167415962496, -0.1601859344539982, 0.15915670243725605
flux1:, 1.2963181264489765, 0.0009254212949510401, 0.0009250251303299781, -0.0007910385632118715, -0.15430576310923674, 0.1537689943057113
flux1:, 1.2973004833195805, -0.00037276459691457835, -0.0003696488187382164, 0.00033223977682173824, -0.18365462563903082, 0.18439802662817933
flux1:, 1.2982828401901843, 0.0016556798479582613, 0.001661886567387444, 0.0006728239944538132, -0.21852822881292686, 0.2194860545522626
flux1:, 1.2992651970607882, 0.004248291790269631, 0.00425242843005253, -0.00032875433612649275, -0.21886461658239886, 0.21857031420347556
flux1:, 1.3002475539313922, 0.0036328566288718884, 0.0036324826893816596, -0.0012596799500950852, -0.19319118368755336, 0.19194716947725768
flux1:, 1.3012299108019962, 0.0006277812064514239, 0.000627379234251927, -0.0007228339251657865, -0.19004195952066463, 0.1896073576155042
flux1:, 1.3022122676726002, -0.00030915983273857784, -0.0003042268958284435, 0.0005722175830070312, -0.22889862206733178, 0.22996628963012927
flux1:, 1.303194624543204, 0.0024564194291528626, 0.002464720182134438, 0.0007365450909118535, -0.26861193699020286, 0.2696847844278688
flux1:, 1.304176981413808, 0.005111958534147545, 0.005116427822057615, -0.0005471478662081227, -0.2636843370089054, 0.26314820182055626
flux1:, 1.305159338284412, 0.00377272988086569, 0.0037714168150120016, -0.001449172629095775, -0.23189497897552086, 0.230432355446058
flux1:, 1.306141695155016, 0.0002968474216275429, 0.00029677049890889273, -0.0005934750242206471, -0.2332095791191743, 0.2329600925556589
flux1:, 1.30712405202562, -0.0001341523212225044, -0.00012665007047788892, 0.0008535984115690875, -0.28381335520007034, 0.28528118840302324
flux1:, 1.308106408896224, 0.0034390559155526653, 0.0034499707625294373, 0.0007655398832493302, -0.32811717843451177, 0.32928506799657276
flux1:, 1.3090887657668278, 0.006046621179357397, 0.006051361023709647, -0.0008225072022498504, -0.31563107882335956, 0.31478631857468026
flux1:, 1.3100711226374318, 0.0038429932677713687, 0.003840611115183471, -0.0016262977628462392, -0.27694009273625164, 0.2752703462998333
flux1:, 1.3110534795080357, -6.636629969757104e-05, -6.560320246108894e-05, -0.00038738965373306716, -0.2850959664844197, 0.28514250701239646
flux1:, 1.3120358363786397, 0.00018597790952252854, 0.00019708013269293317, 0.0011748429227861252, -0.3500779622210393, 0.3520337286557574
flux1:, 1.3130181932492437, 0.00463680153176753, 0.004651001099069639, 0.0007443448173889499, -0.3982787381230232, 0.3995108354494984
flux1:, 1.3140005501198475, 0.007049734391761929, 0.00705465798274371, -0.0011600076225319307, -0.37525620179903324, 0.3740295776615519
flux1:, 1.3149829069904515, 0.0038204632925346454, 0.0038169079963823217, -0.0017749346571384647, -0.3289790644909844, 0.32713571054745094
flux1:, 1.3159652638610555, -0.00045669386035745107, -0.000454296920413587, -8.676062332370812e-05, -0.3472173802707306, 0.3477069335201437
flux1:, 1.3169476207316595, 0.000698725892490671, 0.0007148631632057185, 0.001531777703451918, -0.42967750165013063, 0.4322239723743337
flux1:, 1.3179299776022635, 0.006093363138445635, 0.006111733295781624, 0.0006538052486149232, -0.4804482626277302, 0.4817014672516159
flux1:, 1.3189123344728673, 0.008116469492180523, 0.008121460935795178, -0.0015637938132028425, -0.4430265101137886, 0.44133982646150927
flux1:, 1.3198946913434713, 0.0036758543972211107, 0.0036710810508441922, -0.001873669513046797, -0.388681576943439, 0.3867293385000498
flux1:, 1.3208770482140753, -0.0008614231436306129, -0.0008561661536509118, 0.00032905885330085507, -0.4214318409634673, 0.42255935545141005
flux1:, 1.3218594050846793, 0.001474000262380922, 0.001497214404963579, 0.0019166570989657618, -0.5250634048239181, 0.5283240177849614
flux1:, 1.3228417619552832, 0.007869712941152228, 0.007893458843552602, 0.0004697213643371982, -0.5761730972534702, 0.5773908556450823
flux1:, 1.323824118825887, 0.00923931260932437, 0.009244221659362098, -0.0020367811003091057, -0.5193039106933958, 0.5170759583853985
flux1:, 1.324806475696491, 0.003371814422988091, 0.0033658971233519563, -0.0018939690201283145, -0.45676681368960054, 0.45481479011400916
flux1:, 1.325788832567095, -0.0012530468219858668, -0.0012430113043991665, 0.0008845971384853539, -0.5101575106406449, 0.5121845845698239
flux1:, 1.326771189437699, 0.0026209053931500275, 0.0026541848374389346, 0.0023165979043735896, -0.6394643721760259, 0.6435937648840719
flux1:, 1.327753546308303, 0.010056901270403847, 0.010087721145711505, 0.00016036570125756372, -0.6873675949266748, 0.6884791799914634
flux1:, 1.3287359031789068, 0.010407486340808538, 0.010412120479950566, -0.0025804881296726686, -0.6043356330123355, 0.601484619093834
flux1:, 1.3297182600495108, 0.002860429931125412, 0.002853673586947924, -0.0017969825059068764, -0.5340867720282463, 0.5323087008543554
flux1:, 1.3307006169201148, -0.0015729813240545135, -0.0015550920720584502, 0.0016101625544910209, -0.6168058063526298, 0.6200922541839027
flux1:, 1.3316829737907188, 0.004322446210595262, 0.004370329629193474, 0.0027105741852529873, -0.7775052544176811, 0.7827093636459329
flux1:, 1.3326653306613228, 0.012802007446943854, 0.012842398787410642, -0.00031838358368392963, -0.816673937483589, 0.8175945694706679
flux1:, 1.3336476875319265, 0.011606344743262314, 0.01161045555544907, -0.0031949097407475303, -0.6982641721901149, 0.6947105820400985
flux1:, 1.3346300444025305, 0.0020810301795758505, 0.0020741928229997732, -0.0015275737106407988, -0.6218187331337783, 0.6204869188399881
flux1:, 1.3356124012731345, -0.0016926266866559498, -0.0016617633784871894, 0.00254515508534038, -0.7466823173908005, 0.7517439717771687
flux1:, 1.3365947581437385, 0.006912976387113937, 0.006982700329881546, 0.003062855654914987, -0.9465033202905072, 0.9530798804601996
flux1:, 1.3375771150143425, 0.016365043084618853, 0.016418876348360877, -0.0010333134057066576, -0.968240319569122, 0.9688735465949885
flux1:, 1.3385594718849465, 0.012817280712165065, 0.012820532476044654, -0.0038784757755616177, -0.8011750661566474, 0.7968450631420381
flux1:, 1.3395418287555503, 0.0009620753778341664, 0.0009568447497175379, -0.0010023902966566055, -0.7219146154057431, 0.7214625478160428
flux1:, 1.3405241856261543, -0.0013124635333083426, -0.001259606265392481, 0.003743831030214983, -0.9090100746735625, 0.9166342551561517
flux1:, 1.3415065424967583, 0.011068314787750598, 0.011172205038047112, 0.003307406512327389, -1.1594122369275772, 1.167838257012936
flux1:, 1.3424888993673623, 0.021256558252976815, 0.021330260015844288, -0.0020969746823082994, -1.1495217742976611, 1.1497682539791338
flux1:, 1.3434712562379663, 0.014019676093400352, 0.014021574365188687, -0.004627736450052675, -0.9132276161643681, 0.9080572500154948
flux1:, 1.34445361310857, -0.0005569954050464427, -0.0005568537115111223, -8.358817558211211e-05, -0.8382405305892202, 0.8393927724851904
flux1:, 1.345435969979174, 0.00033022276036616096, 0.00042234735257698817, 0.005285200127381379, -1.1220180228652494, 1.1335214620489986
flux1:, 1.346418326849778, 0.018336100190290125, 0.018497210278603345, 0.0033064449017375236, -1.4423567626469767, 1.4534993564501542
flux1:, 1.347400683720382, 0.028617531245799927, 0.028722873693040746, -0.0037253723195053794, -1.3759772517354216, 1.3757652121026105
flux1:, 1.348383040590986, 0.015199570828099328, 0.015199302711002033, -0.005434976734610042, -1.0350070415259898, 1.0289481288821891
flux1:, 1.34936539746159, -0.0024105710027198814, -0.002396001050971826, 0.0014872489415809027, -0.979927844716397, 0.9840121734110329
flux1:, 1.3503477543321938, 0.00545840217240709, 0.005627288780713925, 0.007289224060759994, -1.4280307228275944, 1.4459311204096612
flux1:, 1.3513301112027978, 0.03291229415110481, 0.033180157981167635, 0.0027232208282911554, -1.8576154060277836, 1.8733315457170825
flux1:, 1.3523124680734018, 0.041491807329949656, 0.04165383702267492, -0.006406593635251745, -1.6858067343085632, 1.685211937095122
flux1:, 1.3532948249440058, 0.016382932334057864, 0.01637901407454107, -0.006274723745408676, -1.1686277249316432, 1.1616583239246152
flux1:, 1.3542771818146098, -0.003777415017925679, -0.00372296687249289, 0.004292003210380988, -1.173792384301166, 1.1836643475097592
flux1:, 1.3552595386852135, 0.02214331301895383, 0.022488135039636988, 0.009941285847840379, -1.9509547408952415, 1.9811795315203171
flux1:, 1.3562418955558175, 0.06954573071472271, 0.07005313509354025, 0.0005467743722411627, -2.5956660953539585, 2.621029040623326
flux1:, 1.3572242524264215, 0.0706321830904578, 0.07091915603836292, -0.011521999286215806, -2.2021041073674485, 2.2019723497946884
flux1:, 1.3582066092970255, 0.017796183204557187, 0.017785649000659712, -0.007014733557123939, -1.3223474901081282, 1.3145008529601139
flux1:, 1.3591889661676295, 0.0016336696069312298, 0.0018238459427017282, 0.010124794398325232, -1.5321385286451423, 1.5560599141343954
flux1:, 1.3601713230382333, 0.09449770398106377, 0.09539234825576272, 0.013619728037553236, -3.2339776653297583, 3.2968466854867433
flux1:, 1.3611536799088373, 0.21232076361168375, 0.21360641989886892, -0.007245490658842028, -4.578090006364351, 4.6349352109586155
flux1:, 1.3621360367794413, 0.18232561463661046, 0.18304231293132614, -0.024707598029628228, -3.5934554871147846, 3.601147423784148
flux1:, 1.3631183936500453, 0.02138187099433583, 0.021359201753998136, -0.006478808202116104, -1.5452438443565413, 1.536791876867163
flux1:, 1.3641007505206493, 0.10776001977811214, 0.10880706538844263, 0.031160366493794823, -3.1234180167526597, 3.210598658767612
flux1:, 1.365083107391253, 0.9359389574845042, 0.940913892650735, 0.03251459779618949, -12.027492668167392, 12.313566005060606
flux1:, 1.366065464261857, 2.5770584689910905, 2.5869756413583387, -0.014526795618127496, -26.071968309577894, 26.559676425844327
flux1:, 1.367047821132461, 4.3816609142204666, 4.393518990326426, -0.020779007514398408, -37.46087100425317, 38.048973182626405
flux1:, 1.368030178003065, 5.332330608815768, 5.3403572183932715, 0.13708638730770661, -38.86985608354188, 39.43351273286532
flux1:, 1.369012534873669, 4.825184532530256, 4.82509675421263, 0.4661103706747517, -29.660087722953282, 30.12491287942273
flux1:, 1.3699948917442728, 3.1764487112396695, 3.1690899391767275, 0.7898760741367713, -16.12417580436081, 16.46921350262713
flux1:, 1.3709772486148768, 1.3662089449746895, 1.3570945209310141, 0.8708704727906676, -5.78249348144708, 6.001088154691506
flux1:, 1.3719596054854808, 0.2579534308118665, 0.25298120022528536, 0.6246052951824609, -1.619263917385128, 1.7065899996612754
flux1:, 1.3729419623560848, 0.01675115218262832, 0.01792089511438554, 0.20883026916920958, -1.4650374405372877, 1.4449234952615917
flux1:, 1.3739243192266888, 0.198960699460306, 0.20375403064279335, -0.1119231303673084, -1.8438889888900132, 1.7814984501880455
flux1:, 1.3749066760972926, 0.30381920686772845, 0.3082360178933747, -0.19257896115471768, -1.437616437999963, 1.4009399627240258
flux1:, 1.3758890329678966, 0.1928816863190483, 0.19486091554566115, -0.1006675664551131, -1.0140521897525274, 1.0210516407434707
flux1:, 1.3768713898385005, 0.041098940422317126, 0.04132478673897046, -0.00397520361214932, -1.246158400461441, 1.2616536371353302
flux1:, 1.3778537467091045, 0.01501984232334618, 0.015158325202888899, 0.004549071283267154, -1.654076077118242, 1.6413589252110072
flux1:, 1.3788361035797085, 0.08504027415978159, 0.08580211276746337, -0.03802133658466447, -1.5511740907583005, 1.515687405121024
flux1:, 1.3798184604503125, 0.12108624157136356, 0.12198237778139964, -0.05360019425410563, -1.1223028525916234, 1.0976176549803618
flux1:, 1.3808008173209163, 0.07530603183373306, 0.0757273423684499, -0.024865908802823085, -1.058393589560897, 1.0594435392737764
flux1:, 1.3817831741915203, 0.016109953694487162, 0.016127150575657508, 0.003551455222308911, -1.4814444686211647, 1.4877887514356742
flux1:, 1.3827655310621243, 0.013505937236253159, 0.01359631950188923, -0.0023023081956778527, -1.7947880145160178, 1.7816668218543252
flux1:, 1.3837478879327283, 0.051271712543070565, 0.05162701226838108, -0.024795744108476427, -1.5906789447241225, 1.562181548234142
flux1:, 1.3847302448033323, 0.06670584939594582, 0.06707753663484334, -0.028472019159427615, -1.2286539954997138, 1.209227412128376
flux1:, 1.3857126016739363, 0.03971003868410874, 0.03984642343528217, -0.009941148900514627, -1.2790298809510838, 1.278705357432884
flux1:, 1.38669495854454, 0.009206576430415999, 0.009190243577462141, 0.003451646848027126, -1.6962007816149578, 1.69842212743432
flux1:, 1.387677315415144, 0.011404286188096108, 0.01147961387156844, -0.004628187104553805, -1.9133766405130543, 1.899773875399384
flux1:, 1.388659672285748, 0.03389177256207624, 0.034111528520653876, -0.019079664933569215, -1.6734241479478584, 1.6489483924449706
flux1:, 1.389642029156352, 0.04085064215614412, 0.04104196316180805, -0.018260407264415385, -1.37942799353354, 1.3637148318151522
flux1:, 1.390624386026956, 0.02343673044845677, 0.02347635300887107, -0.004362070781679758, -1.492690824314557, 1.492028740398962
flux1:, 1.3916067428975598, 0.005993048106696795, 0.005971787365130846, 0.002543013287129527, -1.8761149559510195, 1.8757806549445553
flux1:, 1.3925890997681638, 0.008484069330218346, 0.008553954747491896, -0.005788183625099069, -2.0143426288955855, 2.0003631527122114
flux1:, 1.3935714566387678, 0.021704502174892483, 0.02186117895068619, -0.015658040286977166, -1.7598095402293692, 1.738200844052483
flux1:, 1.3945538135093718, 0.024674621697804728, 0.024782754285394174, -0.012647689618026006, -1.526614327800435, 1.5137384894377686
flux1:, 1.3955361703799758, 0.013690247557896367, 0.013688714667649638, -0.0017021294628102477, -1.6812705940135617, 1.6804886199376474
flux1:, 1.3965185272505796, 0.0034500445276405413, 0.00343240474552338, 0.0015553337303884935, -2.0251861800710196, 2.022986629910119
flux1:, 1.3975008841211836, 0.004559280409137399, 0.004629103514333037, -0.006439326804858065, -2.0976510701886766, 2.083450997301259
flux1:, 1.3984832409917876, 0.011187119606305846, 0.011310944025816786, -0.013226402302988806, -1.838749363237243, 1.819464209644905
flux1:, 1.3994655978623916, 0.012265425499752706, 0.012330520219773319, -0.009049017177272982, -1.6598224405566837, 1.6492251386706527
flux1:, 1.4004479547329955, 0.006367530517797975, 0.006348242491697757, -0.00031027042646215543, -1.8432006942470311, 1.8423036822824586
flux1:, 1.4014303116035993, 0.0005916968166855788, 0.0005821288645229743, 0.0006200081308539633, -2.1458631048733334, 2.142189889671569
flux1:, 1.4024126684742033, -0.0005482702325254335, -0.00047374598144570777, -0.006790630203240028, -2.1621241203876407, 2.147884520203391
flux1:, 1.4033950253448073, 0.0007806891825145893, 0.000889049874003391, -0.0113101888500806, -1.905307258921675, 1.8880681457264286
flux1:, 1.4043773822154113, 0.0011062518220225396, 0.0011504678336912847, -0.006534743390725681, -1.7754765101516685, 1.7667686351300138
flux1:, 1.4053597390860153, -0.00026571910268515496, -0.0002893496464007002, 0.0004120798005506456, -1.9784937548290442, 1.9774294333929674
flux1:, 1.406342095956619, -0.0029696185515509887, -0.002967293388964319, -0.00022514042577953294, -2.238926915830939, 2.2340574211918636
flux1:, 1.407324452827223, -0.006916408117736677, -0.006832312975271131, -0.006917960039009614, -2.20625546256112, 2.192175813401052
flux1:, 1.408306809697827, -0.010299273513312527, -0.010193697696594227, -0.009687761334375825, -1.9562876163803897, 1.9409510016185887
flux1:, 1.409289166568431, -0.01005588128261807, -0.010017012345691221, -0.0046802698868111834, -1.871305387410904, 1.8641996188478998
flux1:, 1.410271523439035, -0.006988941936662543, -0.007007093892063057, 0.0007494788252720174, -2.0866615403915696, 2.0853774360550754
flux1:, 1.4112538803096388, -0.007190097362844297, -0.007172585118135662, -0.0009436420146351973, -2.3040263421902725, 2.298205516819142
flux1:, 1.4122362371802428, -0.014251082294858693, -0.014153722516136667, -0.006829213052295881, -2.228180571384951, 2.2144869780575744
flux1:, 1.4132185940508468, -0.022144584094197225, -0.022032742789471264, -0.008213811154177967, -1.9886599111569074, 1.9751693450094407
flux1:, 1.4142009509214508, -0.021583323763351106, -0.021538536634682467, -0.003230872463676328, -1.9446517633194083, 1.9389432930348016
flux1:, 1.4151833077920548, -0.013772256244197926, -0.013778185403901034, 0.0008918901118856493, -2.166047703308332, 2.1645320924650573
flux1:, 1.4161656646626586, -0.011277175873962646, -0.011244204917585382, -0.00146988305210265, -2.339543577705549, 2.3330424945883315
flux1:, 1.4171480215332626, -0.021317410767735773, -0.021208412328362715, -0.006475338878505841, -2.2250753040126945, 2.2120494735294582
flux1:, 1.4181303784038666, -0.03362316548796319, -0.0335037047576057, -0.006745239461601325, -1.9983504396130747, 1.9867418013048554
flux1:, 1.4191127352744706, -0.03251457926881724, -0.03246042918518732, -0.0019744259501000595, -1.9912699187843577, 1.9868555362759752
flux1:, 1.4200950921450746, -0.01931488173881136, -0.01930865871811083, 0.0010133740956975823, -2.2130376307678894, 2.2113675690038375
flux1:, 1.4210774490156786, -0.013084509660345602, -0.013043671643985047, -0.0017095062620682158, -2.342042624375302, 2.335215305245115
flux1:, 1.4220598058862823, -0.02518616394100344, -0.025078876010049003, -0.00577443185034427, -2.1925535229264614, 2.180576146729123
flux1:, 1.4230421627568863, -0.041563874206784875, -0.041450649118041125, -0.005137956554537273, -1.9796432363860321, 1.9700756197944966
flux1:, 1.4240245196274903, -0.039829177967222476, -0.039777154154148335, -0.000724628198477526, -2.005035843048089, 2.001944113073201
flux1:, 1.4250068764980943, -0.020542997691640814, -0.020536429569814062, 0.0012545140065545908, -2.222316063131192, 2.22068620742522
flux1:, 1.4259892333686983, -0.008922731421342398, -0.008891641441277453, -0.0016123923138916228, -2.3071832128628684, 2.300481130207069
flux1:, 1.4269715902393023, -0.02130350842293102, -0.021223657101820493, -0.004719603438219913, -2.126371086130436, 2.11591381824223
flux1:, 1.427953947109906, -0.040978097247825924, -0.040900771925850864, -0.0033615447475559834, -1.9278622890173673, 1.9205883908496983
flux1:, 1.42893630398051, -0.038853920588399045, -0.03883007220326824, 0.0005623357807135681, -1.9817049958072799, 1.9800416171789783
flux1:, 1.429918660851114, -0.013461666568726431, -0.013473268312436481, 0.0015891024698364215, -2.1916600880859822, 2.190288296717622
flux1:, 1.430901017721718, 0.004833042765877491, 0.0048398370302377034, -0.0013337533235289916, -2.2355349681760512, 2.229360370161704
flux1:, 1.431883374592322, -0.005901410015843833, -0.00586637375332874, -0.00356226859343216, -2.0293915406801895, 2.020822464132092
flux1:, 1.4328657314629258, -0.027950100907649808, -0.027929874367327485, -0.0016859545642489116, -1.8475894448118502, 1.8427269393417902
flux1:, 1.4338480883335298, -0.02619504186990285, -0.026215482425565505, 0.001620371138233092, -1.928145633885573, 1.9278325252087898
flux1:, 1.4348304452041338, 0.004045658378421733, 0.0040167857381421795, 0.0016950341950848556, -2.131563710461131, 2.1303831564015825
flux1:, 1.4358128020747378, 0.028894497077683542, 0.02889801512340493, -0.0013154733552527892, -2.141899804774348, 2.136241221058661
flux1:, 1.4367951589453418, 0.020888517243457715, 0.02091076986523248, -0.00284778856222442, -1.9201958494612632, 1.9133742638097626
flux1:, 1.4377775158159456, -0.002851733081881339, -0.0028560903582936182, -0.0006775947759716052, -1.7604444782604523, 1.7575627382958872
flux1:, 1.4387598726865496, -0.0024541896057867253, -0.0024836330038947377, 0.0019197160509688447, -1.8691625254407622, 1.8695369631797214
flux1:, 1.4397422295571536, 0.030633372370172583, 0.030640958974022633, 0.0010581645728641104, -2.070727070952654, 2.068992833539247
flux1:, 1.4407245864277576, 0.06079381303448648, 0.060879051045694126, -0.0021112074380464528, -2.0589341539748043, 2.0529691108331067
flux1:, 1.4417069432983616, 0.05572981663075744, 0.05584985780039073, -0.003177368513776694, -1.8344852922919974, 1.8283703250096541
flux1:, 1.4426893001689653, 0.030794787186754134, 0.030882335032307164, -0.0009289289900320758, -1.7043479825241201, 1.7021146748186489
flux1:, 1.4436716570395693, 0.029138886077476656, 0.029211461922184996, 0.0009365755062749347, -1.8450961375460457, 1.844622438359354
flux1:, 1.4446540139101733, 0.06328661546728168, 0.0634479118210866, -0.0007716047886095908, -2.052594168004577, 2.0486593048990938
flux1:, 1.4456363707807773, 0.09736248250776296, 0.09767532653300506, -0.004136080668886771, -2.0330395295043457, 2.0249566769586003
flux1:, 1.4466187276513813, 0.09514499748728758, 0.09554231330615698, -0.0049556206878910904, -1.8203836199104098, 1.8128993897651051
flux1:, 1.447601084521985, 0.06942004787005743, 0.06978908635329026, -0.002811880355019756, -1.7280190815685745, 1.7241385716832482
flux1:, 1.448583441392589, 0.0652149698529386, 0.06555967648488725, -0.0016232787649658484, -1.9053015517670429, 1.9016267914243528
flux1:, 1.449565798263193, 0.09886695414375458, 0.09932947043903748, -0.003986028015651284, -2.127833301041795, 2.1193436479561583
flux1:, 1.450548155133797, 0.13547031697503292, 0.13616217476300743, -0.00748854488543875, -2.1160106216921815, 2.1033332137414926
flux1:, 1.451530512004401, 0.13579909435493157, 0.1366503891921376, -0.008208397092426465, -1.9291400191386052, 1.9176192817740407
flux1:, 1.4525128688750049, 0.10942555562311958, 0.11025930660430276, -0.006281703629336554, -1.8799649415077226, 1.871780039455303
flux1:, 1.4534952257456089, 0.10189326741871788, 0.10264903166114248, -0.005616171499875262, -2.094138442311876, 2.0849373585940563
flux1:, 1.4544775826162128, 0.13309499436756206, 0.13391820111212335, -0.008298064558407422, -2.3361919324703084, 2.3212493500342894
flux1:, 1.4554599394868168, 0.17030281617269552, 0.1713681921801284, -0.011709322744554631, -2.342396245688062, 2.323468394530519
flux1:, 1.4564422963574208, 0.17236629676124132, 0.17364130580082712, -0.012317211154793298, -2.1883745864047883, 2.1713101525868583
flux1:, 1.4574246532280246, 0.145143635718725, 0.14639147593638296, -0.010607331462938055, -2.178055274082044, 2.1645247211968783
flux1:, 1.4584070100986286, 0.13323633098972523, 0.13427130777260454, -0.010231703336236147, -2.41684065782111, 2.4020647458160878
flux1:, 1.4593893669692326, 0.15959801446849345, 0.1604866675424467, -0.012797988409355953, -2.6684522494682077, 2.6482188267102145
flux1:, 1.4603717238398366, 0.194871932739517, 0.1958256550363396, -0.015742366786702024, -2.68816485318979, 2.6650864495083306
flux1:, 1.4613540807104406, 0.19741896474296997, 0.1984964724587311, -0.016091330221360556, -2.559656458632263, 2.5397275852026784
flux1:, 1.4623364375810444, 0.16927264154546381, 0.17024932834542222, -0.014587400072017167, -2.569444520705094, 2.5538658130806855
flux1:, 1.4633187944516486, 0.15259296924108792, 0.15316191819308264, -0.014435898685547344, -2.805210695429034, 2.789142769820792
flux1:, 1.4643011513222524, 0.17242778394514172, 0.17250285982706817, -0.01672228710641656, -3.0403348379739255, 3.020202677832579
flux1:, 1.4652835081928564, 0.20362046626399063, 0.20339045215358492, -0.019063135186245295, -3.054431935080479, 3.033172611990042
flux1:, 1.4662658650634603, 0.20568340911408384, 0.20536077944816833, -0.019166878504628584, -2.9338823623197916, 2.9166484172199607
flux1:, 1.4672482219340643, 0.1772809875689926, 0.17684438767396846, -0.018035125028572158, -2.9402587534263294, 2.926890910315609
flux1:, 1.4682305788046683, 0.15687400450456707, 0.15610161543454482, -0.018351052368971558, -3.1443105230546218, 3.129443604129082
flux1:, 1.4692129356752721, 0.17019580669239512, 0.16894205681728874, -0.020598059370885626, -3.3371297964772353, 3.317674770594208
flux1:, 1.470195292545876, 0.19642834042828566, 0.1948209598936569, -0.022485082143645203, -3.327936411156279, 3.3070623687965037
flux1:, 1.47117764941648, 0.19769456693657053, 0.1960340840012897, -0.022300053212199827, -3.2029293127916976, 3.184842721576211
flux1:, 1.472160006287084, 0.17026440492303704, 0.16875187963196764, -0.02126565904751971, -3.1930239148510795, 3.1762228782330886
flux1:, 1.473142363157688, 0.14823817351682844, 0.1468363665589247, -0.021643931869952684, -3.351159162120783, 3.330056371526103
flux1:, 1.4741247200282919, 0.1565790878742565, 0.1551399375547251, -0.02347984306486453, -3.49018609995382, 3.4628651190622146
flux1:, 1.4751070768988959, 0.17828367542651916, 0.17677251864045332, -0.02462596225187596, -3.4518348067189266, 3.422758348197781
flux1:, 1.4760894337694999, 0.17901245957675874, 0.17757310873888651, -0.02384150381947311, -3.3205921415331083, 3.2942534675128297
flux1:, 1.4770717906401039, 0.1538019184660208, 0.152609672235192, -0.022470655034552773, -3.293729591511093, 3.2682565622376196
flux1:, 1.4780541475107078, 0.13238263478073126, 0.13147073615263935, -0.022441023010875666, -3.4058170383742277, 3.375698278943807
flux1:, 1.4790365043813116, 0.13782857271822835, 0.13708165113629237, -0.023577905940716497, -3.492875435099169, 3.4569900373518343
flux1:, 1.4800188612519156, 0.15605970894790572, 0.15536234936160814, -0.02399593504003536, -3.4296245084038253, 3.3931579845073867
flux1:, 1.4810012181225196, 0.1565717250139965, 0.1559317025799935, -0.02282245178015604, -3.297817338454677, 3.26529012137046
flux1:, 1.4819835749931236, 0.13416734515443357, 0.13368287245874505, -0.021333062645599553, -3.260472075000242, 3.2297001546916904
flux1:, 1.4829659318637276, 0.11467536119365726, 0.11440388696186075, -0.02105172777496338, -3.334238385332148, 3.2997172546935825
flux1:, 1.4839482887343314, 0.11872776213082922, 0.11861595584876085, -0.021661100923259596, -3.3781617832701625, 3.339057145258281
flux1:, 1.4849306456049354, 0.13433477226008667, 0.13428129031245403, -0.02160801296234604, -3.2984571728399033, 3.2599616308141
flux1:, 1.4859130024755394, 0.1347025449795462, 0.13466683270336202, -0.020345953444398435, -3.173205557090485, 3.1394527278070217
flux1:, 1.4868953593461434, 0.11505636625715986, 0.11508447862404109, -0.018995453356549483, -3.132395344153241, 3.1009577494064633
flux1:, 1.4878777162167474, 0.09792876056265698, 0.0980767808406675, -0.01866095558888796, -3.176426744433575, 3.142030158551258
flux1:, 1.4888600730873511, 0.10138281413028195, 0.10163865515482781, -0.018932334164387495, -3.186631009690463, 3.1487071301964336
flux1:, 1.4898424299579551, 0.11489966522245776, 0.11519478115236609, -0.01860775388272999, -3.098080321735056, 3.0615622969896132
flux1:, 1.4908247868285591, 0.11507027086617608, 0.1153573734955817, -0.017424521979982264, -2.9842847521494593, 2.952731032594406
flux1:, 1.4918071436991631, 0.09787053724041449, 0.09816766971025051, -0.0163201396835488, -2.9445630553985414, 2.915388939336875
flux1:, 1.4927895005697671, 0.0830745334499894, 0.08342627516178218, -0.016020878845284418, -2.9654881532231068, 2.9338558717899934
flux1:, 1.4937718574403709, 0.08627696126545939, 0.08668853197240001, -0.016076967124453775, -2.949594387247042, 2.915270662848036
flux1:, 1.4947542143109749, 0.09802621994022603, 0.09845387509585818, -0.015619332642358819, -2.8575828781993216, 2.825146482766892
flux1:, 1.4957365711815789, 0.09792844742388318, 0.09833230434481967, -0.014601026582228845, -2.7576340006744195, 2.7299952238566307
flux1:, 1.4967189280521829, 0.08282073818633544, 0.08320788074396264, -0.013760638953048344, -2.7213651543249844, 2.6958467241931294
flux1:, 1.4977012849227869, 0.07013656492759746, 0.07054086212686406, -0.013513709018240103, -2.7240949299271295, 2.696409077378199
flux1:, 1.4986836417933906, 0.0731974110816085, 0.07362749542968719, -0.013430608133288228, -2.688035037365361, 2.658314103889486
flux1:, 1.4996659986639946, 0.0833777872132723, 0.08380312262324609, -0.012941906283808301, -2.596042116660727, 2.5684687157544017
flux1:, 1.5006483555345986, 0.0829597750311891, 0.08335008540521804, -0.012135005689490152, -2.5106174450082386, 2.487445946511404
flux1:, 1.5016307124052026, 0.06963507351540288, 0.06999718762029881, -0.011533913858221653, -2.479122682982821, 2.4576405600543048
flux1:, 1.5026130692758066, 0.05880566256322489, 0.059168517586816835, -0.011316197717899323, -2.4679930681102253, 2.4445097107449354
flux1:, 1.5035954261464104, 0.061734527949339604, 0.06210518670601295, -0.011133130635446289, -2.4169359520573845, 2.3919371368872606
flux1:, 1.5045777830170146, 0.07048261504902069, 0.07083461193980037, -0.010681369530623971, -2.3272934760407784, 2.304546380234091
flux1:, 1.5055601398876184, 0.0697220641406796, 0.07003136567182852, -0.01010387849062071, -2.2561136384554605, 2.2372523361081513
flux1:, 1.5065424967582224, 0.05794668830170924, 0.05822459017175173, -0.00969451531447637, -2.2305463019523284, 2.2128819709318974
flux1:, 1.5075248536288264, 0.048760770237806346, 0.04903767738990326, -0.009457661568000632, -2.2103229694858197, 2.1907693775337123
flux1:, 1.5085072104994304, 0.05156685921932194, 0.051849202605835275, -0.009178763071791699, -2.149673698713917, 2.12902933388861
flux1:, 1.5094895673700344, 0.05901907840325039, 0.05927935783620298, -0.008793606192021138, -2.064288609082372, 2.045898978940503
flux1:, 1.5104719242406381, 0.0579380127078179, 0.05815276181472706, -0.008438682756650799, -2.0063351875644955, 1.9912765960441472
flux1:, 1.5114542811112421, 0.04756246639825222, 0.04774640752696159, -0.008167666012262039, -1.987477644729373, 1.9731439402629438
flux1:, 1.5124366379818461, 0.03989673911008368, 0.040085269170733046, -0.007860638849724103, -1.963136078714517, 1.947026727154233
flux1:, 1.5134189948524501, 0.04265777898106455, 0.04286020942402713, -0.007472071836808298, -1.8985964713738979, 1.8817643117956346
flux1:, 1.5144013517230541, 0.049004325912328194, 0.04919143148180831, -0.007154778151565502, -1.81902821108367, 1.80439784982072
flux1:, 1.515383708593658, 0.047676516650597106, 0.0478206528828416, -0.007001866909428042, -1.7719553360414322, 1.7601191846930697
flux1:, 1.516366065464262, 0.03860286180072456, 0.038717395915191244, -0.006831106821593819, -1.758609494264876, 1.7470956158991606
flux1:, 1.5173484223348659, 0.032379826736535784, 0.03250413916516339, -0.006431163848537348, -1.7332245860184243, 1.7200797787391326
flux1:, 1.5183307792054699, 0.03521100291077655, 0.03535995768132656, -0.005932746739707234, -1.6691950345700457, 1.655658646741613
flux1:, 1.5193131360760739, 0.04066863847027005, 0.040813846190262175, -0.005678135334428114, -1.5960667575115828, 1.5846480305846193
flux1:, 1.5202954929466777, 0.03917196087586332, 0.039280457082601944, -0.005702587908945468, -1.5560864970289057, 1.546968935358372
flux1:, 1.5212778498172816, 0.03126910888244133, 0.031348387430083426, -0.005613482105000278, -1.544496944289247, 1.535380952276786
flux1:, 1.5222602066878856, 0.02634259571947697, 0.02643205613887482, -0.005134704362363135, -1.5180020056822312, 1.5074276270183877
flux1:, 1.5232425635584896, 0.0292802695868568, 0.02940032193921716, -0.004555329264495344, -1.4565795590908082, 1.4459025960457457
flux1:, 1.5242249204290936, 0.03400409093651996, 0.03413039973966138, -0.004365621517390646, -1.3899729247577859, 1.3812997537898495
flux1:, 1.5252072772996974, 0.03237196109171836, 0.03246865707071079, -0.004538986430022862, -1.3538793197174652, 1.3470586929283348
flux1:, 1.5261896341703014, 0.025454280754410384, 0.025521701500216768, -0.004516251258075162, -1.3404378018503387, 1.3333683685184454
flux1:, 1.5271719910409054, 0.021593094076087265, 0.02166703942342212, -0.003987521521064725, -1.3117941849284405, 1.3034463902318425
flux1:, 1.5281543479115094, 0.02457505069527634, 0.024679497064372457, -0.0033716109920029066, -1.2540332114980977, 1.2458147455961905
flux1:, 1.5291367047821134, 0.02865066395825992, 0.02876707653117848, -0.0032549623736197906, -1.1944929927245378, 1.1881305176793064
flux1:, 1.5301190616527172, 0.026900263900544286, 0.026993305679397138, -0.0035452535058059045, -1.161248884400027, 1.1563313893223477
flux1:, 1.5311014185233212, 0.020798191272310845, 0.020862480300417617, -0.0035667346585432215, -1.144738322353079, 1.1393807575733828
flux1:, 1.5320837753939252, 0.017776820833915626, 0.017842838950478696, -0.003010970252298168, -1.1140339099387748, 1.1075723497149228
flux1:, 1.5330661322645291, 0.02071974688504267, 0.020812635141081323, -0.0023991824154301926, -1.0609851376572452, 1.054824247670484
flux1:, 1.5340484891351331, 0.024211834996305064, 0.02431880701983533, -0.0023627006399032503, -1.009316500019646, 1.0048360110519632
flux1:, 1.535030846005737, 0.022376039061801103, 0.022464710542993913, -0.0027381548832625404, -0.9792665667719342, 0.9758690261550415
flux1:, 1.536013202876341, 0.01697360399639729, 0.01703508169586959, -0.00277850502432033, -0.9603120797434416, 0.9563394875447666
flux1:, 1.536995559746945, 0.014621645021177933, 0.01468088437817405, -0.002208768599485063, -0.9286813032618076, 0.9237712317157892
flux1:, 1.537977916617549, 0.017466527342776664, 0.017547942194371505, -0.0016295105461031454, -0.8813163755211655, 0.8768250477453056
flux1:, 1.538960273488153, 0.020440367624462746, 0.020535893573084274, -0.0016744251678095096, -0.8379495824394163, 0.834947903279977
flux1:, 1.5399426303587567, 0.01856283296375728, 0.018644141843252568, -0.0021061009376555275, -0.8116031332239587, 0.8093744094740337
flux1:, 1.5409249872293607, 0.013782603637118258, 0.013839178734760418, -0.002143035868175934, -0.7914185707404048, 0.788534490163066
flux1:, 1.5419073440999647, 0.011976880471456348, 0.012028685725666961, -0.0015665444461431613, -0.7602894952294735, 0.7566269779238696
flux1:, 1.5428897009705687, 0.014690332476571404, 0.01475986802962959, -0.0010359338842788916, -0.7192502507044635, 0.7160804155304223
flux1:, 1.5438720578411727, 0.017210835019800107, 0.017293504461678256, -0.0011563187487947202, -0.6840418180193026, 0.6821665891155434
flux1:, 1.5448544147117764, 0.015333139224826571, 0.015404893071733884, -0.0016189496488279924, -0.6615741365326181, 0.6602158129217051
flux1:, 1.5458367715823806, 0.01111455602282783, 0.01116458956252019, -0.0016369007880657723, -0.6412820708041969, 0.6392370781153988
flux1:, 1.5468191284529844, 0.009760026013450126, 0.009804104987765825, -0.001059631098879148, -0.6119050522624945, 0.60923145116173
flux1:, 1.5478014853235884, 0.012324741079262878, 0.012382837333036873, -0.0005848559101995018, -0.577422910553707, 0.5752787225025846
flux1:, 1.5487838421941924, 0.014452840843018781, 0.014522681069574212, -0.0007689592298141213, -0.549758181911714, 0.5487157235470999
flux1:, 1.5497661990647964, 0.012608502406363943, 0.012670059971199193, -0.0012413069517450575, -0.5309857655349319, 0.5302544136534662
flux1:, 1.5507485559354004, 0.008896359065218372, 0.00893939580016886, -0.0012327496020072403, -0.5114129941396677, 0.510002924652809
flux1:, 1.5517309128060042, 0.007913671417752507, 0.007950584102891246, -0.0006627633974082242, -0.484687927806439, 0.48278631369205394
flux1:, 1.5527132696766082, 0.010321168922024502, 0.010369190583343063, -0.0002462228981358084, -0.45661655511282917, 0.45524927054905456
flux1:, 1.5536956265472122, 0.012112345460546165, 0.01217059307741814, -0.0004790054451861622, -0.4355798959636352, 0.43512730812056755
flux1:, 1.5546779834178162, 0.010326270323675085, 0.010378245850160278, -0.0009438399308296842, -0.42007869607838433, 0.41977500820872177
flux1:, 1.5556603402884202, 0.0070669148083483575, 0.007103428403133309, -0.0009085930337709167, -0.40175494878907725, 0.4008087957682086
flux1:, 1.556642697159024, 0.006386362988204696, 0.006417212760972938, -0.00035730121839489155, -0.37821565059516166, 0.3768992620120926
flux1:, 1.557625054029628, 0.008632899483954843, 0.00867265153385635, 9.936285379722072e-08, -0.35611158998975206, 0.3553087600819613
flux1:, 1.558607410900232, 0.010137101349149564, 0.01018557064024911, -0.0002654954651936728, -0.340640765038479, 0.34057521662315665
flux1:, 1.559589767770836, 0.008427219321689366, 0.008470849119475632, -0.0007088679658043982, -0.32787405860924645, 0.3278325481389687
flux1:, 1.56057212464144, 0.005568373714958018, 0.005599220376737589, -0.0006513713273188232, -0.31109519637046384, 0.31046649516440983
flux1:, 1.5615544815120437, 0.005127352198058637, 0.005153274714304458, -0.00013216837690717802, -0.29096238429184773, 0.29006838115314393
flux1:, 1.5625368383826477, 0.007211686570463348, 0.007244844596770374, 0.00016536399616270397, -0.27418138585426055, 0.2737625146710188
flux1:, 1.5635191952532517, 0.008473706095340086, 0.008514165295377088, -0.00011798552265759471, -0.2631904789442352, 0.26334636681593154
flux1:, 1.5645015521238557, 0.006853130870390121, 0.006889701787421346, -0.0005281496860634628, -0.25261092859530376, 0.2526991588959241
flux1:, 1.5654839089944597, 0.004345160315901946, 0.004371140405903199, -0.0004537778746424905, -0.2375127290802124, 0.2370814503761303
flux1:, 1.5664662658650634, 0.004087380476262482, 0.004109203999056094, 2.120390565034164e-05, -0.22077073303333034, 0.2201640607181389
flux1:, 1.5674486227356674, 0.006009499299108274, 0.006037275546991777, 0.00025893219386151454, -0.20856175029020133, 0.20838269426412007
flux1:, 1.5684309796062714, 0.007069318783197904, 0.007103135188404357, -2.8789238274522683e-05, -0.20103158124511036, 0.20128506496679754
flux1:, 1.5694133364768754, 0.0055483766192604405, 0.005578925154764057, -0.0003958118532869104, -0.192151094453113, 0.19227527435815076
flux1:, 1.5703956933474794, 0.0033461437501521186, 0.00336783831380527, -0.0003083489164740648, -0.1787729534929147, 0.1784525517630957
flux1:, 1.5713780502180832, 0.0032219331738527197, 0.003240142724205236, 0.00011441662957380015, -0.16524635819542416, 0.16482674822105828
flux1:, 1.5723604070886872, 0.004982439717176286, 0.005005585000852295, 0.00029436640464687705, -0.15683095454856863, 0.15678880300223777
flux1:, 1.5733427639592912, 0.0058753728000118565, 0.005903488667855837, 1.3402283530142869e-05, -0.15186680726068144, 0.15213827922009157
flux1:, 1.5743251208298952, 0.004463136626728382, 0.004488428887438449, -0.0003031330458358042, -0.1442939036919563, 0.14440049753081488
flux1:, 1.5753074777004992, 0.002527967759751182, 0.0025457985759694463, -0.00020463259427064344, -0.1326231883201426, 0.13236227836375775
flux1:, 1.576289834571103, 0.002495394603183159, 0.002510294895209502, 0.0001627959470019734, -0.12203942273945839, 0.12174182647366633
flux1:, 1.577272191441707, 0.004095592166107838, 0.004114600243275998, 0.0002893396251479818, -0.11666807788219137, 0.11669833854374412
flux1:, 1.578254548312311, 0.0048521897144075885, 0.004875290427631808, 2.3559349556508453e-05, -0.1135245769911304, 0.11377253079133129
flux1:, 1.579236905182915, 0.0035570699793333535, 0.0035777207334512263, -0.00023884508749266874, -0.10697056276789964, 0.10703882890538774
flux1:, 1.580219262053519, 0.0018580872961409063, 0.001872439388647186, -0.00013097228112760476, -0.09696376847957086, 0.09673883143976045
flux1:, 1.5812016189241227, 0.0018843691569028495, 0.0018962563539495186, 0.00018177759569499937, -0.08899476536442638, 0.08878150192934567
flux1:, 1.5821839757947267, 0.003326975304072934, 0.003342286803245393, 0.0002611303789315255, -0.0859774039027491, 0.08604400198912047
flux1:, 1.5831663326653307, 0.003972758172732981, 0.003991449549193202, 1.6203713079504357e-05, -0.08405469885011492, 0.08426359044186818
flux1:, 1.5841486895359347, 0.0028017149903644557, 0.002818303572020333, -0.00019243438464197342, -0.07831501916297742, 0.0783445501447706
flux1:, 1.5851310464065387, 0.0013154467423149492, 0.0013267439964354923, -7.757890562574443e-05, -0.06989946815580339, 0.06970350378019603
flux1:, 1.5861134032771425, 0.0013774833236107071, 0.0013867247495547529, 0.00018342943447495776, -0.06418498661555794, 0.06403505534444354
flux1:, 1.5870957601477467, 0.0026674747808379724, 0.0026795761644023987, 0.00022286597989003577, -0.06290254464687443, 0.06298656587263657
flux1:, 1.5880781170183504, 0.0032227181327109064, 0.003237618304263841, 2.10012557757272e-06, -0.06172668858828575, 0.06189508231881872
flux1:, 1.5890604738889544, 0.0021793200726847022, 0.002192442313736072, -0.0001564510228159682, -0.05665257062139615, 0.056652131924503704
flux1:, 1.5900428307595584, 0.000887088253110489, 0.0008958026831845878, -3.7928934214824186e-05, -0.04972179182182659, 0.04955475635793431
flux1:, 1.5910251876301624, 0.0009700272178611388, 0.000977053924349055, 0.00017548869835781134, -0.04588614882475592, 0.045786771014500294
flux1:, 1.5920075445007664, 0.002114891127859534, 0.0021243138303083946, 0.00018267756595447023, -0.04579715708911073, 0.045888560308424815
flux1:, 1.5929899013713702, 0.002594902888249241, 0.002606646205340812, -1.2385549803912015e-05, -0.04500204242073168, 0.04513452126295195
flux1:, 1.5939722582419742, 0.0016776028452071287, 0.0016878614193507353, -0.000126657673288649, -0.04048009746751377, 0.04046058286786553
flux1:, 1.5949546151125782, 0.0005619096261949526, 0.000568527462160455, -8.267865235434393e-06, -0.03489730968912478, 0.03476048862062759
flux1:, 1.5959369719831822, 0.0006560329124916312, 0.0006612894909266172, 0.00016236145503066395, -0.03257034412319743, 0.03251215054661602
flux1:, 1.5969193288537862, 0.0016651465426776155, 0.001672416472339984, 0.00014488183095905314, -0.033221661008080654, 0.033314626750227144
flux1:, 1.59790168572439, 0.0020813506902718805, 0.0020905445723406334, -2.4165110582232756e-05, -0.032540695456240276, 0.03264355457322322
flux1:, 1.598884042594994, 0.0012835663296641552, 0.0012915305426506915, -0.00010096238785104882, -0.02848627564166397, 0.028457348296063088
flux1:, 1.599866399465598, 0.00032576396784852216, 0.00033074116253355965, 1.3588369607325475e-05, -0.02409789929266759, 0.023991511418672958
flux1:, 1.600848756336202, 0.00042336347818039606, 0.0004272584191353736, 0.00014656176598050723, -0.022938455404338295, 0.0229134076848999
flux1:, 1.601831113206806, 0.001306841599087306, 0.0013124296883519789, 0.00011151729321243053, -0.023975919473907426, 0.02406669223789641
flux1:, 1.6028134700774097, 0.0016682770983113126, 0.0016754579997545326, -3.207584747551769e-05, -0.023237145129002688, 0.02331650896755023
flux1:, 1.6037958269480137, 0.0009804011067524054, 0.0009865693196882761, -7.837582314564136e-05, -0.01959300675857103, 0.019561967076742525
flux1:, 1.6047781838186177, 0.00016081877878946303, 0.00016454803746378938, 2.914141464994501e-05, -0.016242217930776123, 0.016164849912130477
flux1:, 1.6057605406892217, 0.00025452265028995413, 0.00025739835998961623, 0.00012966968583837246, -0.015954024405343502, 0.015954797236623425
flux1:, 1.6067428975598257, 0.0010220298881289459, 0.001026324874277284, 8.337630499657732e-05, -0.01712373084113241, 0.017209763715152357
flux1:, 1.6077252544304295, 0.001336383862249415, 0.0013419933360464007, -3.599530627689544e-05, -0.016239860691813778, 0.016301052898152493
flux1:, 1.6087076113010335, 0.0007483213433688207, 0.0007531010410614314, -5.843066595474007e-05, -0.012972191863458878, 0.012943946664089975
flux1:, 1.6096899681716375, 4.814593412746421e-05, 5.0941581332729404e-05, 3.9596115604959936e-05, -0.010505708822104009, 0.010454584691828875
flux1:, 1.6106723250422414, 0.00013100832112024073, 0.0001331309873129787, 0.00011275652160805845, -0.010840767961897693, 0.010860765338691578
flux1:, 1.6116546819128454, 0.0007909994838798469, 0.0007943015727180737, 6.0534071765843126e-05, -0.011978141207015933, 0.012057833380523963
flux1:, 1.6126370387834492, 0.0010647247510282456, 0.0010691049638479552, -3.637303250144242e-05, -0.01093044999292241, 0.010977952353103854
flux1:, 1.6136193956540532, 0.0005675049061338996, 0.0005712094724930143, -4.0924754000835926e-05, -0.00802309866054955, 0.008000603042464792
flux1:, 1.6146017525246572, -2.9055972565947016e-05, -2.69581923750111e-05, 4.597719202214291e-05, -0.0062942343891937425, 0.006265766448611063
flux1:, 1.6155841093952612, 3.780930474113536e-05, 3.937388886685e-05, 9.655550839411072e-05, -0.0070481496986502575, 0.007081691955488441
flux1:, 1.6165664662658652, 0.0005976457070478418, 0.0006001763601126712, 4.2635516328786964e-05, -0.00805870327566622, 0.008131320749528862
flux1:, 1.617548823136469, 0.0008355262084487375, 0.0008389314819080717, -3.395972215050701e-05, -0.0068771183468171624, 0.006914724297710599
flux1:, 1.618531180007073, 0.000421387765133714, 0.0004242476045302542, -2.579263066908997e-05, -0.004326335421528178, 0.004311136353718156
flux1:, 1.619513536877677, -8.323377514753694e-05, -8.166428676067415e-05, 4.917211616546693e-05, -0.0031990377752368626, 0.0031893417215357813
flux1:, 1.620495893748281, -3.411679270471116e-05, -3.296888445331615e-05, 8.157821188917656e-05, -0.004205341975351725, 0.004247757838585495
flux1:, 1.621478250618885, 0.00043288402816686177, 0.00043481021313796647, 2.913278361313083e-05, -0.005043123730215817, 0.005108652845445991
flux1:, 1.6224606074894887, 0.0006377993378880363, 0.0006404232743815441, -2.956642575886601e-05, -0.0037841808404565714, 0.0038150946569178107
flux1:, 1.6234429643600927, 0.0002990577502500256, 0.00030124505466202323, -1.2981221604926693e-05, -0.0015920157949597016, 0.001584686511739155
flux1:, 1.6244253212306967, -0.00012194451801693227, -0.00012077860866388942, 4.996478997813535e-05, -0.0009448486800227909, 0.0009500928358203224
flux1:, 1.6254076781013007, -8.840155256439196e-05, -8.756049524890549e-05, 6.817251552633866e-05, -0.002071238799894951, 0.0021188047766236514
flux1:, 1.6263900349719047, 0.0002943273198728463, 0.00029578835424517525, 1.9410702035795852e-05, -0.002720258125370567, 0.002779156714680262
flux1:, 1.6273723918425085, 0.0004677371856091661, 0.0004697430095124064, -2.3942907169225138e-05, -0.001446173660689491, 0.001473015661535425
flux1:, 1.6283547487131127, 0.00019551382055437333, 0.0001971699739725096, -2.404591718958133e-06, 0.00038859693417951044, -0.00038814717549631576
flux1:, 1.6293371055837165, -0.000149022896986982, -0.00014816138245221503, 4.902740112789971e-05, 0.0006617693799486253, -0.0006451301178713171
flux1:, 1.6303194624543205, -0.00012621358786612475, -0.0001255885814207445, 5.6535629734472156e-05, -0.0004836515602980733, 0.0005334900478274076
flux1:, 1.6313018193249245, 0.00018254913065842468, 0.0001836683268181955, 1.2843316808780365e-05, -0.0009453483851865031, 0.000998313631422864
flux1:, 1.6322841761955285, 0.0003255679266217909, 0.0003271029634590955, -1.77235358306167e-05, 0.0002906144046698816, -0.00026581454020212995
flux1:, 1.6332665330661325, 0.00010954078417796263, 0.00011079122534287209, 6.070011963056247e-06, 0.001780287529105648, -0.0017725786677159371
flux1:, 1.6342488899367362, -0.0001665426041001205, -0.0001659023743338917, 4.6913471199071504e-05, 0.0017722834001175074, -0.0017473366851251172
flux1:, 1.6352312468073402, -0.00014921101639158837, -0.00014872900730631658, 4.6722848856111376e-05, 0.0006807641580143997, -0.0006307545337612475
flux1:, 1.6362136036779442, 9.697951904409452e-05, 9.786044737480257e-05, 8.817421478179628e-06, 0.0003939361369375942, -0.0003461040948496899
flux1:, 1.6371959605485482, 0.00021138516149794107, 0.00021257781639655565, -1.1416171244447571e-05, 0.0015530760754639578, -0.0015288426346901308
flux1:, 1.6381783174191522, 4.076256813651192e-05, 4.171713652647764e-05, 1.2616634035096102e-05, 0.0027232768938661787, -0.0027090823945865416
flux1:, 1.639160674289756, -0.00017629684690547372, -0.00017580955835903988, 4.406078475247697e-05, 0.0025151880408524918, -0.002484473758678204
flux1:, 1.64014303116036, -0.0001605117335327926, -0.000160119310602679, 3.86713121404797e-05, 0.001525808560906918, -0.001477021066313246
flux1:, 1.641125388030964, 3.4366837505346184e-05, 3.5087012473183685e-05, 6.757153694905456e-06, 0.0013932400521963072, -0.001349699829413857
flux1:, 1.642107744901568, 0.00012299252460903944, 0.00012394458337491887, -5.394957382876632e-06, 0.002450365908529172, -0.002425697050607307
flux1:, 1.643090101772172, -1.213358027390534e-05, -1.1385481584539057e-05, 1.7456003610409088e-05, 0.003336979616375488, -0.003317200423524612
flux1:, 1.6440724586427757, -0.00018024492222748218, -0.00017985749464685858, 4.0821138271798465e-05, 0.002998237803559315, -0.00296374794108116
flux1:, 1.6450548155133797, -0.0001639126263759075, -0.00016357446538226388, 3.224661431910068e-05, 0.0021384255385025193, -0.0020916572178828518
flux1:, 1.6460371723839837, -1.0226707201760398e-05, -9.615592672633515e-06, 6.150758181347156e-06, 0.002133648526432172, -0.0020935664859047147
flux1:, 1.6470195292545877, 5.626651804520072e-05, 5.705109394629662e-05, 9.124282500734996e-08, 0.003073904560335987, -0.0030481867436993517
flux1:, 1.6480018861251917, -5.1531093254519095e-05, -5.092254293282746e-05, 2.0840867029295633e-05, 0.003718032808068327, -0.0036936146141253448
flux1:, 1.6489842429957955, -0.0001803064011843031, -0.00017997998423130597, 3.7472608861875044e-05, 0.003305914444891513, -0.0032691548011193213
flux1:, 1.6499665998663995, -0.00016280133099212077, -0.00016249544967532738, 2.7273002472831613e-05, 0.002586638173186546, -0.0025422330939501867
flux1:, 1.6509489567370035, -4.1795051485079135e-05, -4.126111236295634e-05, 6.561571795527489e-06, 0.0026802583830188094, -0.0026428577679646977
flux1:, 1.6519313136076075, 6.509956259953658e-06, 7.175827244836179e-06, 4.89923933148329e-06, 0.0034965515593663433, -0.0034694790684694755
flux1:, 1.6529136704782115, -8.023086187970133e-05, -7.97151605256281e-05, 2.3036356637354896e-05, 0.003940112770374275, -0.003911987010829889
flux1:, 1.6538960273488152, -0.00017807363472823837, -0.0001777810437235317, 3.422862676859039e-05, 0.0034996562268861174, -0.003461726218768645
flux1:, 1.6548783842194192, -0.00015961613238257505, -0.00015932868128831253, 2.355781119324326e-05, 0.002919790619985891, -0.0028777772004079274
flux1:, 1.6558607410900232, -6.440171820568933e-05, -6.392546413251914e-05, 7.63226564975917e-06, 0.0030825909276648356, -0.003047188338973093
flux1:, 1.6568430979606272, -3.050499249217608e-05, -2.992654996227892e-05, 8.967457079701639e-06, 0.0037740089157344255, -0.003745508378077306
flux1:, 1.6578254548312312, -0.00010083791933796374, -0.00010038434680439433, 2.4295893996484423e-05, 0.004056764015429461, -0.004025803863275419
flux1:, 1.658807811701835, -0.00017468433486905426, -0.0001744074437231391, 3.123705089929178e-05, 0.003621349540391514, -0.003583019032506585
flux1:, 1.659790168572439, -0.00015583403535418097, -0.0001555556659873648, 2.090136752405749e-05, 0.0031715270145847643, -0.003131730032850441
flux1:, 1.660772525443043, -8.094087306486275e-05, -8.05093950318713e-05, 9.079594992428223e-06, 0.0033769673020595586, -0.0033429895106487162
flux1:, 1.661754882313647, -5.8109958381233994e-05, -5.759887996431782e-05, 1.2294914824362168e-05, 0.003947704185747711, -0.0039178653729759075
flux1:, 1.662737239184251, -0.0001154574591267277, -0.0001150470136813043, 2.4848425228204116e-05, 0.0041055560971812064, -0.0040725479995411045
flux1:, 1.6637195960548548, -0.00017083897243390947, -0.0001705668139789243, 2.8587764308448887e-05, 0.003698050666651543, -0.0036598324144665123
flux1:, 1.6647019529254587, -0.00015219318234441397, -0.00015191734268558063, 1.910778149989417e-05, 0.0033637640375580517, -0.0033258924873776855
flux1:, 1.6656843097960627, -9.330159112220788e-05, -9.290503069375631e-05, 1.0687949932616542e-05, 0.0035895084480795534, -0.0035564933337868445
flux1:, 1.6666666666666667, -7.873550174355199e-05, -7.827808812679201e-05, 1.4923440580607363e-05, 0.004047892963103178, -0.004016906859329468
