flux1:, 1.1764705882352942, 0.0006336559648375007, -2.0909058458348345e-06
flux1:, 1.1774529451058982, 0.0002971702041052794, 4.4070171745217985e-05
flux1:, 1.1784353019765021, 0.00032574101221100423, 7.035297382297408e-05
flux1:, 1.179417658847106, 0.0007450915097884944, 4.211741997836602e-05
flux1:, 1.18040001571771, 0.0009952036022381188, 1.5936681399729883e-06
flux1:, 1.181382372588314, 0.000689167596382009, 1.859497394651459e-05
flux1:, 1.182364729458918, 0.00021990555728850056, 9.178334764675733e-05
flux1:, 1.183347086329522, 0.00028723144895330096, 0.00013842296861788154
flux1:, 1.1843294432001257, 0.000899450419540951, 0.00010276378900777035
flux1:, 1.1853118000707297, 0.0012588331950032566, 4.35299174837049e-05
flux1:, 1.1862941569413337, 0.0008231265914970175, 6.85469523788436e-05
flux1:, 1.1872765138119377, 0.00014082325628068072, 0.0001862837027889419
flux1:, 1.1882588706825417, 0.0002042872856522727, 0.00027645845974924235
flux1:, 1.1892412275531457, 0.001068215544146105, 0.00024188120249879583
flux1:, 1.1902235844237494, 0.001644888664262983, 0.00015204358733175336
flux1:, 1.1912059412943534, 0.001118471392742991, 0.00017124197943251343
flux1:, 1.1921882981649574, 0.00013943224904688765, 0.00034028555750021186
flux1:, 1.1931706550355614, 6.74140406367012e-05, 0.0004991791291381859
flux1:, 1.1941530119061654, 0.001131203765329603, 0.00048006424470415726
flux1:, 1.1951353687767692, 0.0020015238811110247, 0.00033747610009164886
flux1:, 1.1961177256473732, 0.0015079840399112089, 0.0003000804536201521
flux1:, 1.1971000825179772, 0.00027082138934838445, 0.0004763508302426293
flux1:, 1.1980824393885812, -4.195377413719337e-05, 0.0006919442645980309
flux1:, 1.1990647962591852, 0.0010425045873481433, 0.0006974251836360722
flux1:, 1.200047153129789, 0.0020952572477969324, 0.0005001829855152234
flux1:, 1.201029510000393, 0.0016854875495813692, 0.0003781676130943696
flux1:, 1.202011866870997, 0.00036243075996829756, 0.000526482340919785
flux1:, 1.202994223741601, -5.126457460053531e-05, 0.0007867521897602086
flux1:, 1.203976580612205, 0.0010259049365874012, 0.0008363164016669527
flux1:, 1.2049589374828087, 0.0020872336493409096, 0.0006170763419367266
flux1:, 1.2059412943534127, 0.0016239381945135746, 0.00043658677327660105
flux1:, 1.2069236512240167, 0.0002843052496039205, 0.0005760287398939567
flux1:, 1.2079060080946207, 7.145581905359205e-06, 0.0009028337275902047
flux1:, 1.2088883649652247, 0.0012440575104608043, 0.0010206803186532695
flux1:, 1.2098707218358287, 0.0022237595920420006, 0.0007955216854718106
flux1:, 1.2108530787064324, 0.0014633796680167692, 0.0005657548060518844
flux1:, 1.2118354355770364, 2.814851924424995e-05, 0.0007196920597199628
flux1:, 1.2128177924476404, 0.00014213013453755432, 0.001164994657227572
flux1:, 1.2138001493182444, 0.0019010485844540828, 0.001408576063152429
flux1:, 1.2147825061888484, 0.0028598719149363007, 0.0011931876399574933
flux1:, 1.2157648630594522, 0.001468049881431576, 0.0008728418958495702
flux1:, 1.2167472199300562, -0.0003575312077763647, 0.0009926201183106064
flux1:, 1.2177295768006602, 0.0004488571133419591, 0.0015669466085291653
flux1:, 1.2187119336712642, 0.0036451864345275267, 0.0019937991270293307
flux1:, 1.2196942905418682, 0.0054211495593179835, 0.0017663619338416196
flux1:, 1.220676647412472, 0.0033656948155364394, 0.0011055496469880282
flux1:, 1.221659004283076, 0.0001764970516444816, 0.0006967394082740119
flux1:, 1.22264136115368, 0.0005711431955148087, 0.0008437301185897743
flux1:, 1.223623718024284, 0.004914545954732524, 0.0011105412961502606
flux1:, 1.224606074894888, 0.008169357163767817, 0.0009060136453205547
flux1:, 1.2255884317654917, 0.0062185662405100164, 0.00025378882997414547
flux1:, 1.2265707886360957, 0.0015076311345908959, -0.0002436513279111492
flux1:, 1.2275531455066997, 0.00018776026166448425, -0.00018248536513355767
flux1:, 1.2285355023773037, 0.004066452980340706, 0.00015010548492081296
flux1:, 1.2295178592479077, 0.008034849317828713, 0.00019904886895133735
flux1:, 1.2305002161185117, 0.006760032601153887, -0.00011161005133286673
flux1:, 1.2314825729891155, 0.0019303043773977934, -0.00031431062880739476
flux1:, 1.2324649298597194, 0.0001768071308071308, -7.92620502805591e-05
flux1:, 1.2334472867303234, 0.004161163108502144, 0.0003169788643506212
flux1:, 1.2344296436009274, 0.008794486699633376, 0.0003978956186780143
flux1:, 1.2354120004715314, 0.007946735302180276, 0.00020822584738239524
flux1:, 1.2363943573421352, 0.002790541398518419, 0.0003197319748881873
flux1:, 1.2373767142127392, 0.00041160591217195386, 0.0010583696165265954
flux1:, 1.2383590710833432, 0.0043346407061574475, 0.002000653862993311
flux1:, 1.2393414279539472, 0.009681128701706338, 0.002484099460771434
flux1:, 1.2403237848245512, 0.009551917678167411, 0.0024951194947633003
flux1:, 1.241306141695155, 0.004043339630507109, 0.0027053109768178565
flux1:, 1.242288498565759, -0.00020288009357586205, 0.0035166767323427297
flux1:, 1.243270855436363, 0.0009908699460970992, 0.004361138478551077
flux1:, 1.244253212306967, 0.004245510524585566, 0.004277965562380147
flux1:, 1.245235569177571, 0.004106010995489661, 0.003135122629056156
flux1:, 1.2462179260481747, 0.0008743481444479622, 0.0019195946395906683
flux1:, 1.2472002829187787, -0.00036911277856740483, 0.0016290346156077316
flux1:, 1.2481826397893827, 0.002279932294223043, 0.0021055672038179387
flux1:, 1.2491649966599867, 0.004601901248897782, 0.002294285067925865
flux1:, 1.2501473535305907, 0.002801704325142448, 0.001614695487049897
flux1:, 1.2511297104011945, -0.0002889358923408705, 0.0006908860138358344
flux1:, 1.2521120672717985, 0.0008741492555761152, 0.0005027558563202558
flux1:, 1.2530944241424025, 0.005818003305671037, 0.0010773185368525746
flux1:, 1.2540767810130065, 0.007861917222492618, 0.001449664256348568
flux1:, 1.2550591378836105, 0.003891237012062445, 0.0009526812210460848
flux1:, 1.2560414947542144, 2.8608269311957122e-05, 0.00011974717411844028
flux1:, 1.2570238516248182, 0.003599951883089743, -2.661654867918703e-05
flux1:, 1.2580062084954222, 0.0117902628359748, 0.0006256362954723533
flux1:, 1.2589885653660262, 0.014184927511185203, 0.0010807564554976591
flux1:, 1.2599709222366302, 0.0077021491585029245, 0.0005620342666603959
flux1:, 1.2609532791072342, 0.003067665095419614, -0.0003902791459121918
flux1:, 1.261935635977838, 0.011296840457903657, -0.000585131391762149
flux1:, 1.262917992848442, 0.02701715317105366, 0.00018689060408368468
flux1:, 1.263900349719046, 0.03334185944819106, 0.0007421009199481343
flux1:, 1.26488270658965, 0.025443822855584806, -8.630231367296948e-06
flux1:, 1.265865063460254, 0.02198469725573764, -0.0015498041808674854
flux1:, 1.266847420330858, 0.04570137181011365, -0.002313465021608815
flux1:, 1.2678297772014617, 0.09494876720545699, -0.0017705050853651174
flux1:, 1.2688121340720657, 0.14319933965539208, -0.001388180119637098
flux1:, 1.2697944909426697, 0.16928798104239964, -0.002995787216725655
flux1:, 1.2707768478132737, 0.1800548486615223, -0.006356433938771204
flux1:, 1.2717592046838777, 0.19509130548978854, -0.008959978067079818
flux1:, 1.2727415615544815, 0.2134093000767471, -0.008531045450238231
flux1:, 1.2737239184250855, 0.20829505150256933, -0.005460149484950752
flux1:, 1.2747062752956895, 0.16121800324771426, -0.0023614152631595002
flux1:, 1.2756886321662935, 0.09233799730172923, -0.0013021548278085476
flux1:, 1.2766709890368975, 0.045315993803110875, -0.0018975032486162695
flux1:, 1.2776533459075012, 0.041223619304046825, -0.0022717155448589953
flux1:, 1.2786357027781052, 0.05741340029962323, -0.001445738124992917
flux1:, 1.2796180596487092, 0.05737621146331274, -0.00024568984526862105
flux1:, 1.2806004165193132, 0.03393393525451648, 7.564490090957723e-05
flux1:, 1.2815827733899172, 0.01270643871761141, -0.0005061859880153263
flux1:, 1.282565130260521, 0.015039223447551103, -0.0009217564133662727
flux1:, 1.283547487131125, 0.030578381006128207, -0.0005123188808772078
flux1:, 1.284529844001729, 0.03365071045397704, 0.00018488290420756262
flux1:, 1.285512200872333, 0.018378303159287696, 0.00029654974266945123
flux1:, 1.286494557742937, 0.0046943035516327485, -0.00018480168145541183
flux1:, 1.2874769146135407, 0.009297441006711557, -0.0004758834739981088
flux1:, 1.2884592714841447, 0.02299302773038004, -0.0001333027700276725
flux1:, 1.2894416283547487, 0.0248429398191874, 0.0003719882258533467
flux1:, 1.2904239852253527, 0.011734798574289189, 0.00037253628125343344
flux1:, 1.2914063420959567, 0.0018151154692091318, -5.704381304495966e-05
flux1:, 1.2923886989665605, 0.008146300089983198, -0.00024655720583612956
flux1:, 1.2933710558371645, 0.020493913223746732, 0.000100912858488229
flux1:, 1.2943534127077685, 0.020518321663735718, 0.0005076322343049947
flux1:, 1.2953357695783725, 0.007999069012537672, 0.0004265261790621856
flux1:, 1.2963181264489765, 0.0007188014193217705, 2.1597578439409395e-05
flux1:, 1.2973004833195805, 0.008709467320526392, -8.278332309450572e-05
flux1:, 1.2982828401901843, 0.01998153070363668, 0.0002955563868457005
flux1:, 1.2992651970607882, 0.01799035520769865, 0.000640278375414024
flux1:, 1.3002475539313922, 0.005508185388942825, 0.00048608053287479286
flux1:, 1.3012299108019962, 0.0005425313061258323, 9.180299795455122e-05
flux1:, 1.3022122676726002, 0.01024538515921571, 6.778943696673554e-05
flux1:, 1.303194624543204, 0.02049370510695135, 0.0004918092845242483
flux1:, 1.304176981413808, 0.016301962979716474, 0.0007893051121124033
flux1:, 1.305159338284412, 0.0036615371876561765, 0.0005612295135989717
flux1:, 1.306141695155016, 0.0010483654446233422, 0.00017123199408620714
flux1:, 1.30712405202562, 0.01257042525560033, 0.00023175891123850838
flux1:, 1.308106408896224, 0.02167664070156373, 0.0007128519196936741
flux1:, 1.3090887657668278, 0.01503071044792939, 0.0009663540912321594
flux1:, 1.3100711226374318, 0.0022171617573722288, 0.0006581163029288736
flux1:, 1.3110534795080357, 0.002233826040035557, 0.0002717685714209638
flux1:, 1.3120358363786397, 0.01571956200619047, 0.00042859870930384426
flux1:, 1.3130181932492437, 0.02340669923471729, 0.0009768300030407048
flux1:, 1.3140005501198475, 0.013957255166710349, 0.0011812064976245216
flux1:, 1.3149829069904515, 0.001093301392326834, 0.0007825559508284161
flux1:, 1.3159652638610555, 0.004241087528139893, 0.00040506152597720647
flux1:, 1.3169476207316595, 0.01987013546128368, 0.0006776429574584454
flux1:, 1.3179299776022635, 0.025677899313580867, 0.001302116264689851
flux1:, 1.3189123344728673, 0.012950230766682825, 0.0014441696072075851
flux1:, 1.3198946913434713, 0.00031075545920645494, 0.0009416283433567215
flux1:, 1.3208770482140753, 0.007363272994841724, 0.0005856863080832896
flux1:, 1.3218594050846793, 0.025355780027865163, 0.0010025517422994241
flux1:, 1.3228417619552832, 0.028574325791223255, 0.0017108970445702514
flux1:, 1.323824118825887, 0.011919298436454994, 0.0017678365191862153
flux1:, 1.324806475696491, -5.123670706718236e-06, 0.0011453150414783464
flux1:, 1.325788832567095, 0.01211814694909355, 0.0008347999475259891
flux1:, 1.326771189437699, 0.03274772877416884, 0.0014365879885577238
flux1:, 1.327753546308303, 0.032286322934911675, 0.0022335393231346
flux1:, 1.3287359031789068, 0.010794118914802794, 0.0021695044470991056
flux1:, 1.3297182600495108, 0.0004296623467616199, 0.0014094410976147806
flux1:, 1.3307006169201148, 0.019423712606630606, 0.0011866526191379792
flux1:, 1.3316829737907188, 0.04304241829636091, 0.0020318356483356244
flux1:, 1.3326653306613228, 0.0371745793570475, 0.002916302133008769
flux1:, 1.3336476875319265, 0.009517188541336045, 0.0026758995996287987
flux1:, 1.3346300444025305, 0.0022039099993101195, 0.0017622209586035042
flux1:, 1.3356124012731345, 0.030996108396094197, 0.0017026195727037714
flux1:, 1.3365947581437385, 0.05808458087239215, 0.00287870740855809
flux1:, 1.3375771150143425, 0.043928653620142095, 0.00383784431899456
flux1:, 1.3385594718849465, 0.00805494957178139, 0.0033341961493326784
flux1:, 1.3395418287555503, 0.006586145899542359, 0.0022606610748350632
flux1:, 1.3405241856261543, 0.05032283575498466, 0.0025054064390532147
flux1:, 1.3415065424967583, 0.08160825292584532, 0.004153032248898054
flux1:, 1.3424888993673623, 0.05397423731420377, 0.005149800817161953
flux1:, 1.3434712562379663, 0.006467008826610711, 0.004241441177527146
flux1:, 1.34445361310857, 0.016584116804757326, 0.003036839987405064
flux1:, 1.345435969979174, 0.08536830462208433, 0.0038738480215534167
flux1:, 1.346418326849778, 0.12217947002091467, 0.006246469542632024
flux1:, 1.347400683720382, 0.07068246502593181, 0.007192187059157335
flux1:, 1.348383040590986, 0.005233178007781221, 0.00563582894202312
flux1:, 1.34936539746159, 0.0404813928932253, 0.004449917565453825
flux1:, 1.3503477543321938, 0.157615624336281, 0.0065532772894095
flux1:, 1.3513301112027978, 0.20336775906898813, 0.01019851178636107
flux1:, 1.3523124680734018, 0.10389237983515949, 0.010890763007552208
flux1:, 1.3532948249440058, 0.0070467824046690705, 0.008244134238880775
flux1:, 1.3542771818146098, 0.10704056674310228, 0.007710582883485493
flux1:, 1.3552595386852135, 0.34192728874487033, 0.013056807728123109
flux1:, 1.3562418955558175, 0.4116466328087443, 0.0195677687312112
flux1:, 1.3572242524264215, 0.1943115743151933, 0.019587797062563382
flux1:, 1.3582066092970255, 0.030837110957653308, 0.015118904884470562
flux1:, 1.3591889661676295, 0.36527143502276854, 0.018631633006252316
flux1:, 1.3601713230382333, 1.0499773915213295, 0.036042970994002985
flux1:, 1.3611536799088373, 1.2905566162022317, 0.05349996453630331
flux1:, 1.3621360367794413, 0.6765817907015492, 0.05348777900297121
flux1:, 1.3631183936500453, 0.3521133147532598, 0.050498269468688455
flux1:, 1.3641007505206493, 2.749766134772513, 0.10029965661427587
flux1:, 1.365083107391253, 9.526820422880672, 0.25239217156116506
flux1:, 1.366065464261857, 19.402785349567058, 0.479368114923187
flux1:, 1.367047821132461, 28.22161117082254, 0.6597935804384741
flux1:, 1.368030178003065, 31.71461336120239, 0.6525127859609386
flux1:, 1.369012534873669, 28.76077976341758, 0.4083045092794828
flux1:, 1.3699948917442728, 22.208669457887357, 0.017141760557195688
flux1:, 1.3709772486148768, 16.468145073198762, -0.35533854694581607
flux1:, 1.3719596054854808, 14.050027379658243, -0.5832318743939022
flux1:, 1.3729419623560848, 14.085314945640718, -0.644324155925688
flux1:, 1.3739243192266888, 13.832669265078751, -0.5904115066621188
flux1:, 1.3749066760972926, 11.420161317125432, -0.4768461348248489
flux1:, 1.3758890329678966, 7.258778503474232, -0.3296981937544135
flux1:, 1.3768713898385005, 3.2116240191729934, -0.16747077378994518
flux1:, 1.3778537467091045, 0.7669930529300716, -0.02732686045567312
flux1:, 1.3788361035797085, 0.030326537746581703, 0.04902022723562829
flux1:, 1.3798184604503125, 0.13866629051284168, 0.05357353740195598
flux1:, 1.3808008173209163, 0.273979813010038, 0.023144035764317623
flux1:, 1.3817831741915203, 0.2024601402024875, 0.005016844589344246
flux1:, 1.3827655310621243, 0.08308666891336405, 0.014811949248022246
flux1:, 1.3837478879327283, 0.05153310678306742, 0.032255291161212424
flux1:, 1.3847302448033323, 0.07400263412755838, 0.033920575165159755
flux1:, 1.3857126016739363, 0.07379192820588244, 0.020849015193065274
flux1:, 1.38669495854454, 0.048170735181354306, 0.011549069677753808
flux1:, 1.387677315415144, 0.03679268599673022, 0.015848208197227744
flux1:, 1.388659672285748, 0.04539055535819961, 0.02462660232786783
flux1:, 1.389642029156352, 0.0463864846695645, 0.024913725377490446
flux1:, 1.390624386026956, 0.03075499124423894, 0.017031547929761283
flux1:, 1.3916067428975598, 0.01981147211695628, 0.01186700745207562
flux1:, 1.3925890997681638, 0.026921281694562964, 0.015025945783340659
flux1:, 1.3935714566387678, 0.036329931893017614, 0.020338525187678796
flux1:, 1.3945538135093718, 0.029738119022638083, 0.019747625810026544
flux1:, 1.3955361703799758, 0.014872357873212162, 0.014249435180000675
flux1:, 1.3965185272505796, 0.012235252450668749, 0.011291572818506563
flux1:, 1.3975008841211836, 0.023249675942368212, 0.013905037474278157
flux1:, 1.3984832409917876, 0.028970057592514382, 0.01718805759724745
flux1:, 1.3994655978623916, 0.019360837280573674, 0.015958967558129707
flux1:, 1.4004479547329955, 0.00781576535607152, 0.01185625980868655
flux1:, 1.4014303116035993, 0.010241992581830589, 0.010269875070791164
flux1:, 1.4024126684742033, 0.021411063808505385, 0.012460893788676661
flux1:, 1.4033950253448073, 0.023495516046987717, 0.014269024213473041
flux1:, 1.4043773822154113, 0.012770601258557997, 0.012513144261931149
flux1:, 1.4053597390860153, 0.004580983716047138, 0.009366172328209176
flux1:, 1.406342095956619, 0.010193713146608736, 0.008740110937203368
flux1:, 1.407324452827223, 0.020402219705768113, 0.010525444943061965
flux1:, 1.408306809697827, 0.01955514680000395, 0.011092377570733303
flux1:, 1.409289166568431, 0.008588441510200717, 0.00884807824004848
flux1:, 1.410271523439035, 0.0032817892526123974, 0.0064343387661175465
flux1:, 1.4112538803096388, 0.010948402121836053, 0.006556203688751194
flux1:, 1.4122362371802428, 0.01993013965944257, 0.007922698119472596
flux1:, 1.4132185940508468, 0.016840461864601353, 0.00733099300641085
flux1:, 1.4142009509214508, 0.006024224962511749, 0.004588536260783609
flux1:, 1.4151833077920548, 0.00305301244980487, 0.0027942538155066535
flux1:, 1.4161656646626586, 0.01207186605285206, 0.003575907558794185
flux1:, 1.4171480215332626, 0.019895786711078525, 0.004519723102190415
flux1:, 1.4181303784038666, 0.015139325822589533, 0.002777765551991272
flux1:, 1.4191127352744706, 0.004600007354365156, -0.0005009351674400962
flux1:, 1.4200950921450746, 0.003417933391262336, -0.0017090398811223696
flux1:, 1.4210774490156786, 0.01333749421278546, -0.00023088675893067506
flux1:, 1.4220598058862823, 0.02023391336017499, 0.0003559173255693537
flux1:, 1.4230421627568863, 0.014294666253857165, -0.0025285568294219304
flux1:, 1.4240245196274903, 0.003988417986903076, -0.006369783494676838
flux1:, 1.4250068764980943, 0.004025696903636319, -0.006917465597810279
flux1:, 1.4259892333686983, 0.01451323071680558, -0.004511066057508111
flux1:, 1.4269715902393023, 0.02080191789168796, -0.004020078177715593
flux1:, 1.427953947109906, 0.014123077400541258, -0.007906565921903039
flux1:, 1.42893630398051, 0.0038913620732151316, -0.012225434081623713
flux1:, 1.429918660851114, 0.0044935703851553665, -0.011838024919283666
flux1:, 1.430901017721718, 0.01520178244035675, -0.007922928690358046
flux1:, 1.431883374592322, 0.02123227287465999, -0.00683776908428316
flux1:, 1.4328657314629258, 0.01428013965530952, -0.011203685292598279
flux1:, 1.4338480883335298, 0.003923684631049098, -0.015613938807638386
flux1:, 1.4348304452041338, 0.004302799772404495, -0.01367785652266868
flux1:, 1.4358128020747378, 0.014716679250270306, -0.007151355661588363
flux1:, 1.4367951589453418, 0.0207685038578309, -0.004089265342445282
flux1:, 1.4377775158159456, 0.01409980845852069, -0.007744625080022722
flux1:, 1.4387598726865496, 0.0035440290104715023, -0.011400701852010555
flux1:, 1.4397422295571536, 0.0028597158688314942, -0.007013991296490861
flux1:, 1.4407245864277576, 0.012205943968807718, 0.003559147289654947
flux1:, 1.4417069432983616, 0.018349840758576638, 0.010471758847718466
flux1:, 1.4426893001689653, 0.012645709142651208, 0.009174979691015332
flux1:, 1.4436716570395693, 0.002227515512181457, 0.00718419770200665
flux1:, 1.4446540139101733, -4.2044716035606e-05, 0.014429528140294773
flux1:, 1.4456363707807773, 0.007398668770688943, 0.029636358341575925
flux1:, 1.4466187276513813, 0.013436366840474535, 0.04141315226725778
flux1:, 1.447601084521985, 0.009397303077612705, 0.04332351459989719
flux1:, 1.448583441392589, 3.9782657871258346e-06, 0.04286531336732765
flux1:, 1.449565798263193, -0.0036239517686480352, 0.05175603489961488
flux1:, 1.450548155133797, 0.0014449469041308786, 0.07005340969859071
flux1:, 1.451530512004401, 0.006996830360190419, 0.0855501231485746
flux1:, 1.4525128688750049, 0.0050228365862442555, 0.08977608593740137
flux1:, 1.4534952257456089, -0.002322972831202229, 0.08938689041674064
flux1:, 1.4544775826162128, -0.006474354234414369, 0.09741235943107308
flux1:, 1.4554599394868168, -0.0036989729412415994, 0.11575103335013495
flux1:, 1.4564422963574208, 0.0009565401903311329, 0.13234733890627703
flux1:, 1.4574246532280246, 0.000919702173320533, 0.1370646046275549
flux1:, 1.4584070100986286, -0.0038146575053516394, 0.13514755123702357
flux1:, 1.4593893669692326, -0.007628786707927643, 0.1402024397238754
flux1:, 1.4603717238398366, -0.00673496587254401, 0.15599594750726994
flux1:, 1.4613540807104406, -0.003277051409355673, 0.17139826863183807
flux1:, 1.4623364375810444, -0.0018948149238158798, 0.1752163826399419
flux1:, 1.4633187944516486, -0.004073500556569851, 0.171041560908337
flux1:, 1.4643011513222524, -0.007053395017128069, 0.17230105151123612
flux1:, 1.4652835081928564, -0.00757180612785387, 0.18427813588203756
flux1:, 1.4662658650634603, -0.005428076228943091, 0.19719917431524386
flux1:, 1.4672482219340643, -0.0032138183525875536, 0.1994516337017961
flux1:, 1.4682305788046683, -0.0032584828243945544, 0.1930322379756075
flux1:, 1.4692129356752721, -0.00526686569613063, 0.19062567878997588
flux1:, 1.470195292545876, -0.006802631099880995, 0.19854646124149092
flux1:, 1.47117764941648, -0.005925148957381497, 0.20852881075682408
flux1:, 1.472160006287084, -0.003344444738843, 0.20908805783825932
flux1:, 1.473142363157688, -0.0017794771387783699, 0.2008733334064621
flux1:, 1.4741247200282919, -0.0029015886730476828, 0.19548986628373907
flux1:, 1.4751070768988959, -0.0051644173763433715, 0.19980181737802674
flux1:, 1.4760894337694999, -0.00540222382203549, 0.20700519727002661
flux1:, 1.4770717906401039, -0.00275202869848564, 0.2061446981487251
flux1:, 1.4780541475107078, -5.7100301441917074e-05, 0.19684282906933137
flux1:, 1.4790365043813116, -0.00047780440893787035, 0.18947469214798132
flux1:, 1.4800188612519156, -0.0032696312199230475, 0.1910386090719308
flux1:, 1.4810012181225196, -0.004423654300761963, 0.19602113984870737
flux1:, 1.4819835749931236, -0.0018481278027730474, 0.19424327348134807
flux1:, 1.4829659318637276, 0.0016068857700526735, 0.18462181809126602
flux1:, 1.4839482887343314, 0.001688396570382373, 0.17629138625497356
flux1:, 1.4849306456049354, -0.0015017343293474842, 0.1760705477340903
flux1:, 1.4859130024755394, -0.003366728909257223, 0.17951091262639202
flux1:, 1.4868953593461434, -0.0009000457920885013, 0.1773260129196686
flux1:, 1.4878777162167474, 0.0030656835665252772, 0.16800594167268226
flux1:, 1.4888600730873511, 0.003482742582139535, 0.15952817540317538
flux1:, 1.4898424299579551, -1.96417530851376e-05, 0.15832952844402967
flux1:, 1.4908247868285591, -0.0024144658645335977, 0.16080317303488711
flux1:, 1.4918071436991631, -3.193039688360059e-05, 0.1585779143436403
flux1:, 1.4927895005697671, 0.004293481452656691, 0.149933731140597
flux1:, 1.4937718574403709, 0.004927752134886808, 0.1418207963028112
flux1:, 1.4947542143109749, 0.0011715625737082813, 0.1401882803232525
flux1:, 1.4957365711815789, -0.0016124676189596457, 0.14208042527944792
flux1:, 1.4967189280521829, 0.000726872222489055, 0.14000680242311936
flux1:, 1.4977012849227869, 0.005326919075696076, 0.1321884160863603
flux1:, 1.4986836417933906, 0.006107116684087797, 0.12468661552454066
flux1:, 1.4996659986639946, 0.0021409758931987717, 0.12292454895249108
flux1:, 1.5006483555345986, -0.0009355423130216583, 0.1244492879172319
flux1:, 1.5016307124052026, 0.0013905902500125497, 0.1225883525171609
flux1:, 1.5026130692758066, 0.00621723707218907, 0.11559914021320714
flux1:, 1.5035954261464104, 0.007111297584311742, 0.10877955948587478
flux1:, 1.5045777830170146, 0.0029746483463767986, 0.10702852592381207
flux1:, 1.5055601398876184, -0.0003363436853188319, 0.10828673495162813
flux1:, 1.5065424967582224, 0.0019818624712807697, 0.10662812666845743
flux1:, 1.5075248536288264, 0.007002130202921701, 0.10040125148738775
flux1:, 1.5085072104994304, 0.008007551664691356, 0.09424508872901609
flux1:, 1.5094895673700344, 0.003743017936616388, 0.09255626016547805
flux1:, 1.5104719242406381, 0.0002263016166174285, 0.09359054097661144
flux1:, 1.5114542811112421, 0.0025126467620057965, 0.09209893227995701
flux1:, 1.5124366379818461, 0.007693035020757872, 0.08654986299231614
flux1:, 1.5134189948524501, 0.008827023810605706, 0.08100757877724091
flux1:, 1.5144013517230541, 0.004485619817767295, 0.07939608460138875
flux1:, 1.515383708593658, 0.0007737551094950391, 0.08022911799506327
flux1:, 1.516366065464262, 0.002976562966555066, 0.07887187737201595
flux1:, 1.5173484223348659, 0.008272487882099706, 0.07392648046891935
flux1:, 1.5183307792054699, 0.009562439354062263, 0.068950500765909
flux1:, 1.5193131360760739, 0.005206789927360806, 0.06742626450016553
flux1:, 1.5202954929466777, 0.0013038651421488595, 0.06808188434594001
flux1:, 1.5212778498172816, 0.0033493870449281685, 0.06684066569537477
flux1:, 1.5222602066878856, 0.00869854221251326, 0.06244447650080603
flux1:, 1.5232425635584896, 0.010172764070164271, 0.05800112114603541
flux1:, 1.5242249204290936, 0.0058784168079186044, 0.056581072517579864
flux1:, 1.5252072772996974, 0.0017939492987567988, 0.05709117356666044
flux1:, 1.5261896341703014, 0.0035956586926680183, 0.055961893076002786
flux1:, 1.5271719910409054, 0.00891489531674225, 0.05207694634872824
flux1:, 1.5281543479115094, 0.010593138799226966, 0.04814434218769822
flux1:, 1.5291367047821134, 0.0064472131721357755, 0.04685151118872548
flux1:, 1.5301190616527172, 0.002207663850359659, 0.047253235306633314
flux1:, 1.5311014185233212, 0.0036794803505821537, 0.04623939310020147
flux1:, 1.5320837753939252, 0.008866324175941357, 0.042835008408383515
flux1:, 1.5330661322645291, 0.010750661368309877, 0.03939401837512581
flux1:, 1.5340484891351331, 0.006846696708331654, 0.03824971147039193
flux1:, 1.535030846005737, 0.0025046502489180136, 0.03857791444113018
flux1:, 1.536013202876341, 0.0035775936222286076, 0.03768212930962373
flux1:, 1.536995559746945, 0.008518233543224611, 0.034725496872101726
flux1:, 1.537977916617549, 0.010586501213498514, 0.03175029593960877
flux1:, 1.538960273488153, 0.007015198550899872, 0.030765540059528966
flux1:, 1.5399426303587567, 0.0026529731237230386, 0.031045482264232097
flux1:, 1.5409249872293607, 0.00329203739860359, 0.03026347082781516
flux1:, 1.5419073440999647, 0.007875711305412996, 0.027714720233817425
flux1:, 1.5428897009705687, 0.010080052039496483, 0.025168539380016546
flux1:, 1.5438720578411727, 0.006917136384213213, 0.02434029365508756
flux1:, 1.5448544147117764, 0.002641871727224405, 0.02458489142448926
flux1:, 1.5458367715823806, 0.002857720823872579, 0.023904890462904314
flux1:, 1.5468191284529844, 0.006994294949378533, 0.021719198902714332
flux1:, 1.5478014853235884, 0.009266021470398806, 0.019558191861019567
flux1:, 1.5487838421941924, 0.006559919384543747, 0.01887341083692055
flux1:, 1.5497661990647964, 0.0024894242489232597, 0.01908709398526834
flux1:, 1.5507485559354004, 0.0023397509702302983, 0.018494900517067363
flux1:, 1.5517309128060042, 0.005975215121356225, 0.016630317718835174
flux1:, 1.5527132696766082, 0.008235421506928742, 0.014813847401800317
flux1:, 1.5536956265472122, 0.00599847934262786, 0.014259888778065078
flux1:, 1.5546779834178162, 0.002240463581686632, 0.014447119897258918
flux1:, 1.5556603402884202, 0.0018183627001312085, 0.013933242295011201
flux1:, 1.556642697159024, 0.004942483528183279, 0.012358887468712148
flux1:, 1.557625054029628, 0.007115859724996495, 0.010860088349194125
flux1:, 1.558607410900232, 0.005322974230684956, 0.010435896476466028
flux1:, 1.559589767770836, 0.001954051361461059, 0.010609688965000839
flux1:, 1.56057212464144, 0.0013655337421492914, 0.010173925226849243
flux1:, 1.5615544815120437, 0.00400775335105737, 0.008872932047375425
flux1:, 1.5625368383826477, 0.006035245874610546, 0.007683423197114328
flux1:, 1.5635191952532517, 0.0046318795755916735, 0.007406479818303062
flux1:, 1.5645015521238557, 0.001684668338438113, 0.007594164552101543
flux1:, 1.5654839089944597, 0.0010228360265502232, 0.0072464808486345875
flux1:, 1.5664662658650634, 0.0032366879390803454, 0.0062124390560830195
flux1:, 1.5674486227356674, 0.005081750627153475, 0.0053389776358473695
flux1:, 1.5684309796062714, 0.003998710507454358, 0.005245935752871853
flux1:, 1.5694133364768754, 0.0014623877070606998, 0.005491731979620427
flux1:, 1.5703956933474794, 0.0007877220615961633, 0.005250028017202449
flux1:, 1.5713780502180832, 0.0026282582731075106, 0.004475278215117994
flux1:, 1.5723604070886872, 0.0042722573113133855, 0.003921229182999341
flux1:, 1.5733427639592912, 0.0034399392048619997, 0.004049622190223473
flux1:, 1.5743251208298952, 0.0012738593220818373, 0.004399048693399072
flux1:, 1.5753074777004992, 0.0006097343475975545, 0.004268693589762314
flux1:, 1.576289834571103, 0.0021147902313179215, 0.003706834139338932
flux1:, 1.577272191441707, 0.0035446241644974804, 0.0034131951241329777
flux1:, 1.578254548312311, 0.0029021876741356346, 0.003730635313976488
flux1:, 1.579236905182915, 0.001061465302076177, 0.004164160338419903
flux1:, 1.580219262053519, 0.00041783605181130046, 0.004084197144231286
flux1:, 1.5812016189241227, 0.001618016731513812, 0.0036025383471527963
flux1:, 1.5821839757947267, 0.0028279113675500497, 0.003396696799617877
flux1:, 1.5831663326653307, 0.0023321868754408942, 0.0037504268278390086
flux1:, 1.5841486895359347, 0.0007928265252725819, 0.004158564908174292
flux1:, 1.5851310464065387, 0.00020217612582601317, 0.0040317987307120036
flux1:, 1.5861134032771425, 0.001152879909156337, 0.003506245699525886
flux1:, 1.5870957601477467, 0.002159939735997309, 0.0032419889039461114
flux1:, 1.5880781170183504, 0.0017817908742909468, 0.0035099968810808793
flux1:, 1.5890604738889544, 0.0005245859416300964, 0.003833128047860388
flux1:, 1.5900428307595584, 2.3526700777867618e-05, 0.003655464467903454
flux1:, 1.5910251876301624, 0.0007908030527286392, 0.0030998120464175373
flux1:, 1.5920075445007664, 0.00162397541526932, 0.0027828599698713668
flux1:, 1.5929899013713702, 0.0013331425164031176, 0.0029694850631480224
flux1:, 1.5939722582419742, 0.0003182039211439132, 0.0032320720347985693
flux1:, 1.5949546151125782, -8.596989577839096e-05, 0.0030550707999006683
flux1:, 1.5959369719831822, 0.0005446865339132182, 0.002532811520836917
flux1:, 1.5969193288537862, 0.0012307560929893913, 0.0022180121911981004
flux1:, 1.59790168572439, 0.0010003067211366305, 0.0023616077771441094
flux1:, 1.598884042594994, 0.00018038968242371686, 0.002592093720035827
flux1:, 1.599866399465598, -0.00013960937295489712, 0.0024440738462299014
flux1:, 1.600848756336202, 0.0003827329511492369, 0.0019864428955006586
flux1:, 1.601831113206806, 0.0009451019351524782, 0.001703390868309686
flux1:, 1.6028134700774097, 0.0007575815524582112, 0.0018254035135784252
flux1:, 1.6037958269480137, 9.318210191095414e-05, 0.00203459747803629
flux1:, 1.6047781838186177, -0.0001590506874487302, 0.0019193370368015125
flux1:, 1.6057605406892217, 0.00027353792049570155, 0.0015297225812771317
flux1:, 1.6067428975598257, 0.0007323013986801353, 0.001285105916827321
flux1:, 1.6077252544304295, 0.0005776226364678906, 0.0013928247288280337
flux1:, 1.6087076113010335, 3.909118780660798e-05, 0.0015828208853008263
flux1:, 1.6096899681716375, -0.00015927198331998306, 0.001495450235179358
flux1:, 1.6106723250422414, 0.00019737460025791675, 0.001166985774466207
flux1:, 1.6116546819128454, 0.0005692196506312442, 0.0009581206370508225
flux1:, 1.6126370387834492, 0.00044105841308197025, 0.0010531016036950903
flux1:, 1.6136193956540532, 6.108509299600797e-06, 0.0012238100182571548
flux1:, 1.6146017525246572, -0.00014885007151120742, 0.0011585023375653431
flux1:, 1.6155841093952612, 0.00014323286622439804, 0.0008827266681529782
flux1:, 1.6165664662658652, 0.00044182304724224596, 0.0007047993491728561
flux1:, 1.617548823136469, 0.00033536994382515705, 0.0007871933425686262
flux1:, 1.618531180007073, -1.3491424603783313e-05, 0.0009385921954105115
flux1:, 1.619513536877677, -0.0001326762837190207, 0.0008906084940318215
flux1:, 1.620495893748281, 0.00010489361100694537, 0.0006601614082520004
flux1:, 1.621478250618885, 0.0003415651871050309, 0.0005089221874959904
flux1:, 1.6224606074894887, 0.00025253530099424653, 0.0005791608273831865
flux1:, 1.6234429643600927, -2.4735371702907568e-05, 0.0007118115213149892
flux1:, 1.6244253212306967, -0.0001138410455041728, 0.0006775376343416822
flux1:, 1.6254076781013007, 7.84110074333843e-05, 0.0004864110260113044
flux1:, 1.6263900349719047, 0.0002628981511163176, 0.0003587084275319702
flux1:, 1.6273723918425085, 0.00018731393254604268, 0.00041791965324345395
flux1:, 1.6283547487131127, -3.0934912476445984e-05, 0.0005329344369539566
flux1:, 1.6293371055837165, -9.456358120623765e-05, 0.0005094473322478044
flux1:, 1.6303194624543205, 6.076815977770567e-05, 0.00035244605563694787
flux1:, 1.6313018193249245, 0.00020174794323766303, 0.0002458306308452517
flux1:, 1.6322841761955285, 0.00013611356922566703, 0.00029561724814087663
flux1:, 1.6332665330661325, -3.421815150962168e-05, 0.0003944651376909427
flux1:, 1.6342488899367362, -7.648137497454161e-05, 0.0003791956962486966
flux1:, 1.6352312468073402, 4.9353971820850125e-05, 0.0002514159432447157
flux1:, 1.6362136036779442, 0.00015469366628413566, 0.0001635673864047486
flux1:, 1.6371959605485482, 9.623430908043957e-05, 0.00020558341785714812
flux1:, 1.6381783174191522, -3.5882228604701595e-05, 0.0002899007736553472
flux1:, 1.639160674289756, -6.0654758504286804e-05, 0.0002805629130951862
flux1:, 1.64014303116036, 4.195406588848912e-05, 0.00017724051706772702
flux1:, 1.641125388030964, 0.00011870413030240327, 0.00010566543123179508
flux1:, 1.642107744901568, 6.544436745702731e-05, 0.0001413038520444088
flux1:, 1.643090101772172, -3.6689382142770126e-05, 0.00021277261324973028
flux1:, 1.6440724586427757, -4.757925137424329e-05, 0.00020747109132844462
flux1:, 1.6450548155133797, 3.6896542852052386e-05, 0.00012415052251228781
flux1:, 1.6460371723839837, 9.119226031476408e-05, 6.62192288994586e-05
flux1:, 1.6470195292545877, 4.182978768514227e-05, 9.65050959928312e-05
flux1:, 1.6480018861251917, -3.71095097623886e-05, 0.0001567742249503523
flux1:, 1.6489842429957955, -3.7325472305500075e-05, 0.0001541092475331384
flux1:, 1.6499665998663995, 3.308892517191566e-05, 8.689358012638985e-05
flux1:, 1.6509489567370035, 7.012240546336794e-05, 4.004769142382509e-05
flux1:, 1.6519313136076075, 2.38052113066529e-05, 6.567282198860573e-05
flux1:, 1.6529136704782115, -3.746881305465089e-05, 0.00011628497622509012
flux1:, 1.6538960273488152, -2.9755748718228006e-05, 0.00011534947840721378
flux1:, 1.6548783842194192, 2.9880122421423607e-05, 6.105524061350821e-05
flux1:, 1.6558607410900232, 5.4007668384911985e-05, 2.301769081289404e-05
flux1:, 1.6568430979606272, 1.0161120855633865e-05, 4.443197508940753e-05
flux1:, 1.6578254548312312, -3.7993500135208754e-05, 8.674899656169894e-05
flux1:, 1.658807811701835, -2.4712991382013297e-05, 8.702090713836229e-05
flux1:, 1.659790168572439, 2.6817730850397563e-05, 4.3195825799712075e-05
flux1:, 1.660772525443043, 4.176352965806147e-05, 1.2114425935574726e-05
flux1:, 1.661754882313647, 6.998520069547321e-08, 2.963611048214094e-05
flux1:, 1.662737239184251, -3.875400344949647e-05, 6.478452342899756e-05
flux1:, 1.6637195960548548, -2.2078776064148336e-05, 6.596195834780033e-05
flux1:, 1.6647019529254587, 2.3424292239298022e-05, 3.079110124421426e-05
flux1:, 1.6656843097960627, 3.2446909227258215e-05, 5.3108468106390375e-06
flux1:, 1.6666666666666667, -7.022505491846554e-06, 1.92576587106961e-05
