flux1:, 1.1764705882352942, 0.0015073511381332669, 0.00017072881982790647
flux1:, 1.1774529451058982, 0.0016237919087655375, 0.0001787135655872649
flux1:, 1.1784353019765021, 0.0017409574043873734, 0.000189185088702612
flux1:, 1.179417658847106, 0.001862005169713807, 0.00020102136271750792
flux1:, 1.18040001571771, 0.0019990775234873604, 0.0002113212782045323
flux1:, 1.181382372588314, 0.0021421197065522616, 0.00022331648365721575
flux1:, 1.182364729458918, 0.002285159757539416, 0.00023835290096240887
flux1:, 1.183347086329522, 0.002443845658824537, 0.000252319663588019
flux1:, 1.1843294432001257, 0.0026159143789858358, 0.00026662911339113085
flux1:, 1.1853118000707297, 0.0027868119375485784, 0.0002852090950457813
flux1:, 1.1862941569413337, 0.002969126698158717, 0.0003044174946100907
flux1:, 1.1872765138119377, 0.003171824008661733, 0.0003227108112726207
flux1:, 1.1882588706825417, 0.003376692754255083, 0.00034559778874501847
flux1:, 1.1892412275531457, 0.003586470573571255, 0.00037190740726172216
flux1:, 1.1902235844237494, 0.003820217977798636, 0.00039705833194014626
flux1:, 1.1912059412943534, 0.004064053007623941, 0.0004261464441146043
flux1:, 1.1921882981649574, 0.004307113065028064, 0.0004620634994854113
flux1:, 1.1931706550355614, 0.004572328602078983, 0.0004985675526025529
flux1:, 1.1941530119061654, 0.004858150901528493, 0.0005378857259993458
flux1:, 1.1951353687767692, 0.0051420527171862586, 0.0005873044706060266
flux1:, 1.1961177256473732, 0.005441525364383565, 0.0006416913211615699
flux1:, 1.1971000825179772, 0.00577194754807569, 0.0006982678972771768
flux1:, 1.1980824393885812, 0.006107652447587731, 0.0007667950515816517
flux1:, 1.1990647962591852, 0.006452797653759565, 0.0008463700531400424
flux1:, 1.200047153129789, 0.0068391688997644735, 0.0009279024569239458
flux1:, 1.201029510000393, 0.007251794548447413, 0.0010179546470183072
flux1:, 1.202011866870997, 0.007679855770134986, 0.0011204161218763041
flux1:, 1.202994223741601, 0.008165139334139242, 0.001219693281052333
flux1:, 1.203976580612205, 0.008714814449363171, 0.0013105329143832725
flux1:, 1.2049589374828087, 0.009302427918953535, 0.0013994979741960584
flux1:, 1.2059412943534127, 0.009957878066475639, 0.0014729965276446034
flux1:, 1.2069236512240167, 0.010702943753055269, 0.0015176239998409592
flux1:, 1.2079060080946207, 0.011491308758391966, 0.0015472502971264832
flux1:, 1.2088883649652247, 0.012318631103847759, 0.0015679458211811789
flux1:, 1.2098707218358287, 0.013221261683239055, 0.0015688300786395315
flux1:, 1.2108530787064324, 0.014162079128265139, 0.0015621746913124942
flux1:, 1.2118354355770364, 0.015111032633033903, 0.0015663032898376131
flux1:, 1.2128177924476404, 0.016121370692184434, 0.0015704296166241436
flux1:, 1.2138001493182444, 0.01719169704336416, 0.0015720951808046344
flux1:, 1.2147825061888484, 0.01826976898731309, 0.0015912814782175482
flux1:, 1.2157648630594522, 0.019400182783617437, 0.0016226939344521133
flux1:, 1.2167472199300562, 0.020623013718187175, 0.0016513161454890812
flux1:, 1.2177295768006602, 0.02187564039054119, 0.0016941627770469148
flux1:, 1.2187119336712642, 0.023167575684657177, 0.0017574604602546549
flux1:, 1.2196942905418682, 0.024574624130562387, 0.001819665200908456
flux1:, 1.220676647412472, 0.026049351694919055, 0.0018894302528998247
flux1:, 1.221659004283076, 0.02755146309468861, 0.00198628786765762
flux1:, 1.22264136115368, 0.02917208160954367, 0.0020895829487058643
flux1:, 1.223623718024284, 0.030907022383249244, 0.002194219879719558
flux1:, 1.224606074894888, 0.032668321477664436, 0.002330768179426944
flux1:, 1.2255884317654917, 0.03452919358091999, 0.0024890116582537577
flux1:, 1.2265707886360957, 0.036547317103929, 0.0026471493137643297
flux1:, 1.2275531455066997, 0.03860793788907302, 0.002840403500098663
flux1:, 1.2285355023773037, 0.04072812213045658, 0.0030805937264468536
flux1:, 1.2295178592479077, 0.043026827147716634, 0.003331758315433263
flux1:, 1.2305002161185117, 0.04539807043383915, 0.0036239438281785857
flux1:, 1.2314825729891155, 0.047768957260158, 0.004004923285478646
flux1:, 1.2324649298597194, 0.050294528373298265, 0.004437887934906391
flux1:, 1.2334472867303234, 0.05291832717605468, 0.004938176432379055
flux1:, 1.2344296436009274, 0.05545513896096024, 0.005611360244894342
flux1:, 1.2354120004715314, 0.05805128040257206, 0.00645945486921041
flux1:, 1.2363943573421352, 0.06074731511168675, 0.007489325317574022
flux1:, 1.2373767142127392, 0.06326615509702521, 0.008923410334118967
flux1:, 1.2383590710833432, 0.06579612190800234, 0.010924901852726186
flux1:, 1.2393414279539472, 0.06881436884771425, 0.013539385351996296
flux1:, 1.2403237848245512, 0.07272233594320718, 0.017137844971248865
flux1:, 1.241306141695155, 0.07965544187536744, 0.021729431088221868
flux1:, 1.242288498565759, 0.09342913100709214, 0.025407964035086796
flux1:, 1.243270855436363, 0.11415726393943026, 0.025292992496505726
flux1:, 1.244253212306967, 0.13556093019006848, 0.020923333218270283
flux1:, 1.245235569177571, 0.1513743941596162, 0.015068551650168158
flux1:, 1.2462179260481747, 0.1615702642419529, 0.01051457774460426
flux1:, 1.2472002829187787, 0.16957245886789396, 0.007721560259726925
flux1:, 1.2481826397893827, 0.17722539154129385, 0.00596903917210613
flux1:, 1.2491649966599867, 0.18496199597719182, 0.004891291874745256
flux1:, 1.2501473535305907, 0.19335767810829965, 0.004324110151700411
flux1:, 1.2511297104011945, 0.20261516616573869, 0.003997326985321089
flux1:, 1.2521120672717985, 0.21253846878531105, 0.0038096186848804075
flux1:, 1.2530944241424025, 0.22326266511886395, 0.0037845877647249963
flux1:, 1.2540767810130065, 0.234910608136197, 0.0038385058499685286
flux1:, 1.2550591378836105, 0.2473272740355478, 0.003916220078419137
flux1:, 1.2560414947542144, 0.26057749977167627, 0.004064709412708894
flux1:, 1.2570238516248182, 0.2748051476567674, 0.0042633149123633895
flux1:, 1.2580062084954222, 0.28990726558757973, 0.004460324893609734
flux1:, 1.2589885653660262, 0.305917928562447, 0.004690510544122345
flux1:, 1.2599709222366302, 0.32301037308757463, 0.004967363935769408
flux1:, 1.2609532791072342, 0.3411216667315691, 0.005244069346133842
flux1:, 1.261935635977838, 0.3602505803004929, 0.005532904702601782
flux1:, 1.262917992848442, 0.38060411240581904, 0.005866420274664764
flux1:, 1.263900349719046, 0.4021705725349768, 0.006211703664661928
flux1:, 1.26488270658965, 0.42489842222918234, 0.006558110026434945
flux1:, 1.265865063460254, 0.4490162477923044, 0.006943018730214642
flux1:, 1.266847420330858, 0.474596117990798, 0.0073543195162693725
flux1:, 1.2678297772014617, 0.5015343882445422, 0.007765248831201923
flux1:, 1.2688121340720657, 0.5300435426578688, 0.008204956683992095
flux1:, 1.2697944909426697, 0.5603132635352509, 0.008683013791621126
flux1:, 1.2707768478132737, 0.5922172169343809, 0.009167947855854328
flux1:, 1.2717592046838777, 0.6258972853015555, 0.009671867897909312
flux1:, 1.2727415615544815, 0.6616718601209771, 0.010220155542638271
flux1:, 1.2737239184250855, 0.6994585702985625, 0.010788712147923237
flux1:, 1.2747062752956895, 0.7392802952172153, 0.011370519078358333
flux1:, 1.2756886321662935, 0.7815505141794113, 0.011996160979511153
flux1:, 1.2766709890368975, 0.8263211732853861, 0.012657521891770591
flux1:, 1.2776533459075012, 0.8734865039321297, 0.01333344543649784
flux1:, 1.2786357027781052, 0.923472547017491, 0.014048198714591037
flux1:, 1.2796180596487092, 0.9765466416610251, 0.014811893719067477
flux1:, 1.2806004165193132, 1.032529117214131, 0.015599183594989848
flux1:, 1.2815827733899172, 1.0917477983601631, 0.01641976302487734
flux1:, 1.282565130260521, 1.1547157735175047, 0.01729731971295845
flux1:, 1.283547487131125, 1.2213024049357588, 0.01821333891299596
flux1:, 1.284529844001729, 1.29164250644226, 0.019160884786597675
flux1:, 1.285512200872333, 1.3664426766325022, 0.020167710817691135
flux1:, 1.286494557742937, 1.4457844887573363, 0.02123002660284478
flux1:, 1.2874769146135407, 1.5295849672417845, 0.022328962794649635
flux1:, 1.2884592714841447, 1.618606360390294, 0.023485815015254083
flux1:, 1.2894416283547487, 1.7132890182386682, 0.02471334313218177
flux1:, 1.2904239852253527, 1.8134186038871791, 0.02599016198047133
flux1:, 1.2914063420959567, 1.9196269477864196, 0.027323748130831153
flux1:, 1.2923886989665605, 2.032774904671674, 0.0287386364521356
flux1:, 1.2933710558371645, 2.1527190272826697, 0.030221222638589267
flux1:, 1.2943534127077685, 2.2798003131879234, 0.031763851276920864
flux1:, 1.2953357695783725, 2.415225495075095, 0.033393527196697116
flux1:, 1.2963181264489765, 2.55919393991671, 0.03511144992596441
flux1:, 1.2973004833195805, 2.7117100211903558, 0.03690002856775327
flux1:, 1.2982828401901843, 2.874111128219123, 0.03877877554911661
flux1:, 1.2992651970607882, 3.047189435166464, 0.04076461718780611
flux1:, 1.3002475539313922, 3.23074968480505, 0.04283956696168064
flux1:, 1.3012299108019962, 3.425963623050317, 0.04500917716013212
flux1:, 1.3022122676726002, 3.6343333150503345, 0.04730058505208666
flux1:, 1.303194624543204, 3.8557949139209873, 0.04970534356983889
flux1:, 1.304176981413808, 4.0910983159515935, 0.052214814370149853
flux1:, 1.305159338284412, 4.342355340871092, 0.054856689172872425
flux1:, 1.306141695155016, 4.61008782948645, 0.05763822754664463
flux1:, 1.30712405202562, 4.8945548567986314, 0.06054282405697562
flux1:, 1.308106408896224, 5.198150745760853, 0.06358902479920649
flux1:, 1.3090887657668278, 5.522413985376701, 0.06679953647457168
flux1:, 1.3100711226374318, 5.867349090479871, 0.07015996588727422
flux1:, 1.3110534795080357, 6.235176425443213, 0.073674182646148
flux1:, 1.3120358363786397, 6.62868027913995, 0.07737365051344444
flux1:, 1.3130181932492437, 7.048179687791419, 0.08125609765134245
flux1:, 1.3140005501198475, 7.495335715402634, 0.08531196814006811
flux1:, 1.3149829069904515, 7.974066988807504, 0.08957113996514121
flux1:, 1.3159652638610555, 8.485804559695893, 0.09404886069615881
flux1:, 1.3169476207316595, 9.031588887914742, 0.09873001436409552
flux1:, 1.3179299776022635, 9.616006101241961, 0.10363340500419843
flux1:, 1.3189123344728673, 10.242395647563585, 0.10879025962816682
flux1:, 1.3198946913434713, 10.911654999010075, 0.11419141177518427
flux1:, 1.3208770482140753, 11.62838382651135, 0.11984038144080596
flux1:, 1.3218594050846793, 12.398338731099408, 0.12577643910306358
flux1:, 1.3228417619552832, 13.223365232994606, 0.1320069218600511
flux1:, 1.323824118825887, 14.107589950823488, 0.13852362288694095
flux1:, 1.324806475696491, 15.059189797649475, 0.14536300392597412
flux1:, 1.325788832567095, 16.082526594167735, 0.15255422219100728
flux1:, 1.326771189437699, 17.181401305436044, 0.1600881317496044
flux1:, 1.327753546308303, 18.365907378628343, 0.16798977586732963
flux1:, 1.3287359031789068, 19.644629371280555, 0.17630818452831143
flux1:, 1.3297182600495108, 21.022263335151862, 0.18504793765435273
flux1:, 1.3307006169201148, 22.510146400525944, 0.19422117599719485
flux1:, 1.3316829737907188, 24.122506573666502, 0.20388892945504924
flux1:, 1.3326653306613228, 25.867477548595787, 0.21408335215415913
flux1:, 1.3336476875319265, 27.757515656481534, 0.22481216924717512
flux1:, 1.3346300444025305, 29.813346846303965, 0.23613920251157108
flux1:, 1.3356124012731345, 32.050351980458515, 0.24813337696118765
flux1:, 1.3365947581437385, 34.48355370943917, 0.2608165268687725
flux1:, 1.3375771150143425, 37.140625748771, 0.2742514180287033
flux1:, 1.3385594718849465, 40.04893241102118, 0.2885474459723354
flux1:, 1.3395418287555503, 43.23022377280213, 0.3037671651159083
flux1:, 1.3405241856261543, 46.720057287858054, 0.3199812902293192
flux1:, 1.3415065424967583, 50.56301188295566, 0.33734160546018044
flux1:, 1.3424888993673623, 54.7954211059064, 0.3559842511958637
flux1:, 1.3434712562379663, 59.46390125245776, 0.37601761703755376
flux1:, 1.34445361310857, 64.63574344212293, 0.3976455395468275
flux1:, 1.345435969979174, 70.37377154543958, 0.42111840380392607
flux1:, 1.346418326849778, 76.74327638996985, 0.4466423787396166
flux1:, 1.347400683720382, 83.83984297367608, 0.47450797307013654
flux1:, 1.348383040590986, 91.76704969897061, 0.505137014547858
flux1:, 1.34936539746159, 100.62108741843103, 0.5389380357853321
flux1:, 1.3503477543321938, 110.52828309878035, 0.5763748892633864
flux1:, 1.3513301112027978, 121.63956886584923, 0.6181318341543989
flux1:, 1.3523124680734018, 134.08581311442362, 0.6649827636995055
flux1:, 1.3532948249440058, 148.00038745554352, 0.7177283710448339
flux1:, 1.3542771818146098, 163.53399873449024, 0.7774361997698578
flux1:, 1.3552595386852135, 180.77404095551427, 0.8454102491345933
flux1:, 1.3562418955558175, 199.6963748723038, 0.9229185605241426
flux1:, 1.3572242524264215, 220.15754046722373, 1.0112958055264307
flux1:, 1.3582066092970255, 241.7468133604648, 1.111962683415744
flux1:, 1.3591889661676295, 263.56693775082516, 1.2257437304472745
flux1:, 1.3601713230382333, 284.1039031111547, 1.3521945449353654
flux1:, 1.3611536799088373, 301.05329319745425, 1.4891408369391763
flux1:, 1.3621360367794413, 311.1452308370756, 1.6314113164886013
flux1:, 1.3631183936500453, 310.4435055020905, 1.7693956111146592
flux1:, 1.3641007505206493, 295.3284414982404, 1.8895301899763137
flux1:, 1.365083107391253, 263.9101490979662, 1.9768150598127805
flux1:, 1.366065464261857, 217.4986524385757, 2.0181679108983657
flux1:, 1.367047821132461, 161.32094879395765, 2.00621875525468
flux1:, 1.368030178003065, 103.59131660220629, 1.9413828471348404
flux1:, 1.369012534873669, 53.48410773717596, 1.8286819186171608
flux1:, 1.3699948917442728, 19.636762578637082, 1.671046766758612
flux1:, 1.3709772486148768, 9.702559190864692, 1.4651455704341048
flux1:, 1.3719596054854808, 30.199694468225957, 1.2012005844653433
flux1:, 1.3729419623560848, 85.61279486113615, 0.8658812681950336
flux1:, 1.3739243192266888, 175.24016660693042, 0.45330641169694996
flux1:, 1.3749066760972926, 288.1033818646799, -0.01527486168662955
flux1:, 1.3758890329678966, 401.6417926576727, -0.4820666673278409
flux1:, 1.3768713898385005, 490.1154903113641, -0.8737580721023748
flux1:, 1.3778537467091045, 538.0848477707565, -1.1408927333877086
flux1:, 1.3788361035797085, 546.4646501154226, -1.2794346776732197
flux1:, 1.3798184604503125, 526.7164015747012, -1.3188306882443468
flux1:, 1.3808008173209163, 491.523711314494, -1.2963316277768129
flux1:, 1.3817831741915203, 450.2086804105159, -1.2414823007482005
flux1:, 1.3827655310621243, 408.5137976936228, -1.173634001859563
flux1:, 1.3837478879327283, 369.3769873694911, -1.1039846147496601
flux1:, 1.3847302448033323, 333.8805668587004, -1.0380837862267362
flux1:, 1.3857126016739363, 302.289521351974, -0.97841992659001
flux1:, 1.38669495854454, 274.5121117336141, -0.925987370651812
flux1:, 1.387677315415144, 250.1648487514289, -0.880765632307227
flux1:, 1.388659672285748, 228.80504476781357, -0.8422733293316055
flux1:, 1.389642029156352, 210.0878664584398, -0.8100627811466733
flux1:, 1.390624386026956, 193.66191300308006, -0.7836041482338817
flux1:, 1.3916067428975598, 179.16970980316054, -0.7622355363527441
flux1:, 1.3925890997681638, 166.35709823579893, -0.7454710328077092
flux1:, 1.3935714566387678, 155.01779403216273, -0.7329612167184364
flux1:, 1.3945538135093718, 144.9265712455711, -0.7242421714094307
flux1:, 1.3955361703799758, 135.91081768017546, -0.718906526081605
flux1:, 1.3965185272505796, 127.85585544265801, -0.7167533054650611
flux1:, 1.3975008841211836, 120.63107976564608, -0.717529066451095
flux1:, 1.3984832409917876, 114.1168465805339, -0.720897524864113
flux1:, 1.3994655978623916, 108.24420655136888, -0.7267000499188992
flux1:, 1.4004479547329955, 102.94254578565354, -0.7348409576816956
flux1:, 1.4014303116035993, 98.12900272109458, -0.7450741005855872
flux1:, 1.4024126684742033, 93.7550135894053, -0.7572195006153594
flux1:, 1.4033950253448073, 89.78493341231075, -0.7712604389930946
flux1:, 1.4043773822154113, 86.1641236450676, -0.7870670346922037
flux1:, 1.4053597390860153, 82.85331179469662, -0.8044352913800752
flux1:, 1.406342095956619, 79.83460363653327, -0.823344373501479
flux1:, 1.407324452827223, 77.07554496534107, -0.8437781543353694
flux1:, 1.408306809697827, 74.54302744399682, -0.8655508357192995
flux1:, 1.409289166568431, 72.2259157633884, -0.8885784222009949
flux1:, 1.410271523439035, 70.10815443604693, -0.9129115264171898
flux1:, 1.4112538803096388, 68.1632015503955, -0.9384338585956203
flux1:, 1.4122362371802428, 66.38074283476534, -0.9649843254516322
flux1:, 1.4132185940508468, 64.75523938365357, -0.9926000596412528
flux1:, 1.4142009509214508, 63.26782268404547, -1.0212548784409117
flux1:, 1.4151833077920548, 61.90692662908538, -1.0507411011389947
flux1:, 1.4161656646626586, 60.67208730715498, -1.080999153966685
flux1:, 1.4171480215332626, 59.552384234209406, -1.1120561712447117
flux1:, 1.4181303784038666, 58.535459353563844, -1.1437064887922743
flux1:, 1.4191127352744706, 57.62162872286032, -1.1757391463816298
flux1:, 1.4200950921450746, 56.80682107359544, -1.2081384952550975
flux1:, 1.4210774490156786, 56.07950679367985, -1.2407242401823253
flux1:, 1.4220598058862823, 55.43808210423715, -1.2731220422624847
flux1:, 1.4230421627568863, 54.88300671819053, -1.3051419304383027
flux1:, 1.4240245196274903, 54.405140533162296, -1.3365852959066216
flux1:, 1.4250068764980943, 53.99985766362333, -1.3669310953534288
flux1:, 1.4259892333686983, 53.66914039533869, -1.3956882813530453
flux1:, 1.4269715902393023, 53.40684954321279, -1.4225117291323048
flux1:, 1.427953947109906, 53.20539945463904, -1.4467421969169225
flux1:, 1.42893630398051, 53.065213153018234, -1.4675089517295834
flux1:, 1.429918660851114, 52.982375650154964, -1.484137129437931
flux1:, 1.430901017721718, 52.94688664541882, -1.4957979728822626
flux1:, 1.431883374592322, 52.954991229206954, -1.5012520932997195
flux1:, 1.4328657314629258, 53.00294505023304, -1.4993527970348326
flux1:, 1.4338480883335298, 53.078795231076505, -1.4890550751004485
flux1:, 1.4348304452041338, 53.17298186206859, -1.4689045297455636
flux1:, 1.4358128020747378, 53.279423162647305, -1.4373512185456392
flux1:, 1.4367951589453418, 53.38466750356383, -1.3932020309168283
flux1:, 1.4377775158159456, 53.4735586383421, -1.335162297277357
flux1:, 1.4387598726865496, 53.5364128779716, -1.2617496566492747
flux1:, 1.4397422295571536, 53.55981741960307, -1.1720058063425534
flux1:, 1.4407245864277576, 53.526326935721656, -1.0654276555112834
flux1:, 1.4417069432983616, 53.42472118007139, -0.9414871929803726
flux1:, 1.4426893001689653, 53.24559127029489, -0.8001819714447799
flux1:, 1.4436716570395693, 52.975993414714466, -0.6424572774575051
flux1:, 1.4446540139101733, 52.60884347362782, -0.4695706903069043
flux1:, 1.4456363707807773, 52.1441012233386, -0.28305556015162536
flux1:, 1.4466187276513813, 51.58047743986514, -0.0853742445932186
flux1:, 1.447601084521985, 50.92032940710552, 0.12050541292592809
flux1:, 1.448583441392589, 50.17499216725449, 0.3317990704284536
flux1:, 1.449565798263193, 49.35638692388197, 0.5454443181480346
flux1:, 1.450548155133797, 48.47586015298023, 0.7580043408200163
flux1:, 1.451530512004401, 47.551302944892335, 0.9665700036417421
flux1:, 1.4525128688750049, 46.60186203104335, 1.1687645655415482
flux1:, 1.4534952257456089, 45.642023039654205, 1.3621376157701985
flux1:, 1.4544775826162128, 44.68815813309923, 1.5446870718186938
flux1:, 1.4554599394868168, 43.7583951765037, 1.7153320086053574
flux1:, 1.4564422963574208, 42.86485571325647, 1.87319946870177
flux1:, 1.4574246532280246, 42.0174235806811, 2.0174867525109055
flux1:, 1.4584070100986286, 41.228377511341755, 2.1481492662097565
flux1:, 1.4593893669692326, 40.50572716424652, 2.2655633570086384
flux1:, 1.4603717238398366, 39.852843192247605, 2.3698824922961035
flux1:, 1.4613540807104406, 39.27545493777393, 2.461555783830117
flux1:, 1.4623364375810444, 38.77824770040513, 2.5415586338731293
flux1:, 1.4633187944516486, 38.3606585221439, 2.610650999136456
flux1:, 1.4643011513222524, 38.023240106735685, 2.669440623397843
flux1:, 1.4652835081928564, 37.76840401288102, 2.7189970792071505
flux1:, 1.4662658650634603, 37.59425455498147, 2.7604134972833045
flux1:, 1.4672482219340643, 37.497965070151004, 2.794399732308756
flux1:, 1.4682305788046683, 37.48003364539295, 2.821895425198117
flux1:, 1.4692129356752721, 37.5386881843527, 2.8441250304075028
flux1:, 1.470195292545876, 37.669310576544056, 2.8619643381874913
flux1:, 1.47117764941648, 37.87034150609255, 2.876216604756263
flux1:, 1.472160006287084, 38.14036236449614, 2.8880731978063467
flux1:, 1.473142363157688, 38.474159915072036, 2.8985929908874635
flux1:, 1.4741247200282919, 38.86794279092758, 2.908524239038795
flux1:, 1.4751070768988959, 39.32000063306599, 2.918888420026363
flux1:, 1.4760894337694999, 39.8251745945318, 2.93081800272972
flux1:, 1.4770717906401039, 40.377461015043565, 2.945052690624086
flux1:, 1.4780541475107078, 40.973709153716186, 2.962335770052097
flux1:, 1.4790365043813116, 41.60868947797381, 2.9836485605157437
flux1:, 1.4800188612519156, 42.27424463914301, 3.00965623804754
flux1:, 1.4810012181225196, 42.96436506205759, 3.040732553967667
flux1:, 1.4819835749931236, 43.67266477786095, 3.0774280297773062
flux1:, 1.4829659318637276, 44.38858271817056, 3.1201326146905357
flux1:, 1.4839482887343314, 45.10175920781103, 3.168743917372547
flux1:, 1.4849306456049354, 45.802755697248095, 3.2231087998576005
flux1:, 1.4859130024755394, 46.477967955323706, 3.2830371186629375
flux1:, 1.4868953593461434, 47.11166151739702, 3.347802333839227
flux1:, 1.4878777162167474, 47.68959682804946, 3.416341486861009
flux1:, 1.4888600730873511, 48.19491837509914, 3.487582005161723
flux1:, 1.4898424299579551, 48.6073465124009, 3.56004257490329
flux1:, 1.4908247868285591, 48.90838485032919, 3.631734994083416
flux1:, 1.4918071436991631, 49.0801822528657, 3.7006423967015865
flux1:, 1.4927895005697671, 49.1026875526768, 3.7646426157103154
flux1:, 1.4937718574403709, 48.95849868179383, 3.8212324951730126
flux1:, 1.4947542143109749, 48.6353085912109, 3.8679536747639744
flux1:, 1.4957365711815789, 48.12245758571541, 3.902686276805745
flux1:, 1.4967189280521829, 47.4132517221627, 3.923382265754708
flux1:, 1.4977012849227869, 46.50944045787883, 3.9282475320790233
flux1:, 1.4986836417933906, 45.41824688148506, 3.9162102279244873
flux1:, 1.4996659986639946, 44.150671109432835, 3.886764002898615
flux1:, 1.5006483555345986, 42.72521475720202, 3.839798076653155
flux1:, 1.5016307124052026, 41.16615554028526, 3.775928996503687
flux1:, 1.5026130692758066, 39.49862790839883, 3.6964645941776397
flux1:, 1.5035954261464104, 37.7499497885015, 3.6029808191751527
flux1:, 1.5045777830170146, 35.950031091091304, 3.4973613982138536
flux1:, 1.5055601398876184, 34.12624158622952, 3.381891629687544
flux1:, 1.5065424967582224, 32.30256401014157, 3.2588596269031194
flux1:, 1.5075248536288264, 30.502178534509106, 3.1303754555114485
flux1:, 1.5085072104994304, 28.744764753482038, 2.998565557747738
flux1:, 1.5094895673700344, 27.044308025951995, 2.8654120343540166
flux1:, 1.5104719242406381, 25.412363913202284, 2.7324936772691597
flux1:, 1.5114542811112421, 23.858374933171984, 2.601170705369855
flux1:, 1.5124366379818461, 22.386967138782364, 2.472673919689708
flux1:, 1.5134189948524501, 21.000059717733336, 2.3478790196074
flux1:, 1.5144013517230541, 19.699255166056005, 2.227375435571901
flux1:, 1.515383708593658, 18.4835843312709, 2.111687785238566
flux1:, 1.516366065464262, 17.349612584731315, 2.001153741672458
flux1:, 1.5173484223348659, 16.294484475642264, 1.895856215608398
flux1:, 1.5183307792054699, 15.314936882705583, 1.7958431889284365
flux1:, 1.5193131360760739, 14.405730817185114, 1.7011332239070525
flux1:, 1.5202954929466777, 13.562088404948367, 1.6115683729092478
flux1:, 1.5212778498172816, 12.780244072058881, 1.5269435838744758
flux1:, 1.5222602066878856, 12.05520082985358, 1.447114329669337
flux1:, 1.5232425635584896, 11.381793055612702, 1.3718532288547853
flux1:, 1.5242249204290936, 10.75639534132226, 1.3008619746974446
flux1:, 1.5252072772996974, 10.175072663364912, 1.2339218392142381
flux1:, 1.5261896341703014, 9.63313908144018, 1.170816409458402
flux1:, 1.5271719910409054, 9.127225797613379, 1.1112512316484828
flux1:, 1.5281543479115094, 8.654531420985013, 1.0549829610204284
flux1:, 1.5291367047821134, 8.211316777627827, 1.0018286605817506
flux1:, 1.5301190616527172, 7.79449204464135, 0.9515468696776048
flux1:, 1.5311014185233212, 7.402112405887376, 0.903901821176098
flux1:, 1.5320837753939252, 7.0315741575701685, 0.8587401555509963
flux1:, 1.5330661322645291, 6.680176364735324, 0.8158889464084681
flux1:, 1.5340484891351331, 6.346484941051414, 0.7751442239773307
flux1:, 1.535030846005737, 6.02899014562704, 0.7363728935849198
flux1:, 1.536013202876341, 5.725572065761084, 0.6994642581286717
flux1:, 1.536995559746945, 5.43505893792077, 0.6642625317248111
flux1:, 1.537977916617549, 5.156808941346569, 0.6306502148693658
flux1:, 1.538960273488153, 4.8894532858649065, 0.5985612912864867
flux1:, 1.5399426303587567, 4.631989369417068, 0.5678941502431536
flux1:, 1.5409249872293607, 4.384307790929308, 0.5385481573064691
flux1:, 1.5419073440999647, 4.1458244328324625, 0.5104816670200236
flux1:, 1.5428897009705687, 3.915734415671574, 0.4836417596193352
flux1:, 1.5438720578411727, 3.69411543098943, 0.457948648625469
flux1:, 1.5448544147117764, 3.481013446603988, 0.43336809939496207
flux1:, 1.5458367715823806, 3.2758872778644146, 0.40988113836822404
flux1:, 1.5468191284529844, 3.0787415852510893, 0.3874313733471181
flux1:, 1.5478014853235884, 2.8899536992359796, 0.36598175315553183
flux1:, 1.5487838421941924, 2.7092690567843594, 0.3455283327495202
flux1:, 1.5497661990647964, 2.5364997651961096, 0.32603665932804393
flux1:, 1.5507485559354004, 2.3720262085583736, 0.307464071401404
flux1:, 1.5517309128060042, 2.2158247999397007, 0.28980456623324996
flux1:, 1.5527132696766082, 2.0675323157820813, 0.27303994035305906
flux1:, 1.5536956265472122, 1.9272940028451526, 0.2571249311822372
flux1:, 1.5546779834178162, 1.7951999579723357, 0.24204088152771355
flux1:, 1.5556603402884202, 1.6708114450813518, 0.2277775192430135
flux1:, 1.556642697159024, 1.553954221085442, 0.21429262134412982
flux1:, 1.557625054029628, 1.4447003049901646, 0.2015525661731416
flux1:, 1.558607410900232, 1.34264608298469, 0.1895465510732455
flux1:, 1.559589767770836, 1.2473558482037812, 0.17824020901876977
flux1:, 1.56057212464144, 1.1587841527676161, 0.16758964957170944
flux1:, 1.5615544815120437, 1.0766298522364937, 0.15757735991397065
flux1:, 1.5625368383826477, 1.0003336750739718, 0.14817845535790067
flux1:, 1.5635191952532517, 0.9296919952104339, 0.13934708603556822
flux1:, 1.5645015521238557, 0.864512033519313, 0.13105671845944425
flux1:, 1.5654839089944597, 0.804256086887201, 0.12328994566302796
flux1:, 1.5664662658650634, 0.7485816359650295, 0.11600696487219861
flux1:, 1.5674486227356674, 0.6973631275196158, 0.10917402131543988
flux1:, 1.5684309796062714, 0.6501850439541177, 0.1027769174158074
flux1:, 1.5694133364768754, 0.6066278691045459, 0.09678667031491082
flux1:, 1.5703956933474794, 0.5665756881793749, 0.09116707167538596
flux1:, 1.5713780502180832, 0.5297713665449911, 0.0859028489374413
flux1:, 1.5723604070886872, 0.49579678082355544, 0.08097629439522462
flux1:, 1.5733427639592912, 0.4645009499659386, 0.07635444079093465
flux1:, 1.5743251208298952, 0.4357642521074643, 0.07201858429758717
flux1:, 1.5753074777004992, 0.4092391767310597, 0.06795918924186692
flux1:, 1.576289834571103, 0.3847247246720304, 0.06415101407060728
flux1:, 1.577272191441707, 0.3621839985530021, 0.060572307317440344
flux1:, 1.578254548312311, 0.3413817654504242, 0.057216982709836266
flux1:, 1.579236905182915, 0.32208314494453955, 0.05406935891322953
flux1:, 1.580219262053519, 0.3042723499845459, 0.051107243504695796
flux1:, 1.5812016189241227, 0.2878331127899851, 0.048323793620703895
flux1:, 1.5821839757947267, 0.2725329383475916, 0.045711784056920945
flux1:, 1.5831663326653307, 0.25833070085008786, 0.04325200795110621
flux1:, 1.5841486895359347, 0.24520467736953938, 0.040934673123943964
flux1:, 1.5851310464065387, 0.23296445921611217, 0.03875778049980437
flux1:, 1.5861134032771425, 0.2215240380573694, 0.03670777980016933
flux1:, 1.5870957601477467, 0.21091308127460173, 0.03477216478851424
flux1:, 1.5880781170183504, 0.20101095259628932, 0.032950272021345796
flux1:, 1.5890604738889544, 0.1916944971939152, 0.031235056509854617
flux1:, 1.5900428307595584, 0.18299889095693697, 0.02961334409114505
flux1:, 1.5910251876301624, 0.17487988521519301, 0.02808273895292378
flux1:, 1.5920075445007664, 0.16720351226033214, 0.026641530349127994
flux1:, 1.5929899013713702, 0.15997618078528208, 0.025278503853204508
flux1:, 1.5939722582419742, 0.15321501807877372, 0.02398822989522888
flux1:, 1.5949546151125782, 0.146806888518132, 0.022771777947680674
flux1:, 1.5959369719831822, 0.14071529288980122, 0.021621845281010677
flux1:, 1.5969193288537862, 0.13498904504631715, 0.020530565148489204
flux1:, 1.59790168572439, 0.12955995427199796, 0.019498963968831915
flux1:, 1.598884042594994, 0.12435550212519261, 0.01852414240338191
flux1:, 1.599866399465598, 0.11942299790957787, 0.017597672812901484
flux1:, 1.600848756336202, 0.11474744899868812, 0.01671853310379674
flux1:, 1.601831113206806, 0.11024218499694673, 0.015887192483495394
flux1:, 1.6028134700774097, 0.10592750522058042, 0.015096795739516413
flux1:, 1.6037958269480137, 0.10183231572839664, 0.01434371656924808
flux1:, 1.6047781838186177, 0.0978824047612057, 0.013629815524740877
flux1:, 1.6057605406892217, 0.09406070537006804, 0.012951228286674036
flux1:, 1.6067428975598257, 0.09041790216911914, 0.012302587175772888
flux1:, 1.6077252544304295, 0.08691295239577403, 0.011685136218309671
flux1:, 1.6087076113010335, 0.08349773931711546, 0.0110981728177024
flux1:, 1.6096899681716375, 0.08021870169687509, 0.010536260199301881
flux1:, 1.6106723250422414, 0.0770753728505949, 0.009998802364775725
flux1:, 1.6116546819128454, 0.07400708485882013, 0.009487255604742097
flux1:, 1.6126370387834492, 0.07103573641143719, 0.008997726020747842
flux1:, 1.6136193956540532, 0.0681937396212232, 0.008527712423166502
flux1:, 1.6146017525246572, 0.06543004410890176, 0.008079230437505105
flux1:, 1.6155841093952612, 0.06273424348734334, 0.007650758282492205
flux1:, 1.6165664662658652, 0.060152946592316625, 0.00723880005155559
flux1:, 1.617548823136469, 0.05766142224033385, 0.006844497956705194
flux1:, 1.618531180007073, 0.055223262967489195, 0.00646847916468931
flux1:, 1.619513536877677, 0.05287772551693396, 0.006107548876409202
flux1:, 1.620495893748281, 0.05063141746472776, 0.005761288712003294
flux1:, 1.621478250618885, 0.04843824204714396, 0.0054314489327731245
flux1:, 1.6224606074894887, 0.04631434294039157, 0.005116146647570394
flux1:, 1.6234429643600927, 0.04429001606806781, 0.004813611947357532
flux1:, 1.6244253212306967, 0.04232808571639207, 0.004525467889096369
flux1:, 1.6254076781013007, 0.04041720773821202, 0.0042514431279287645
flux1:, 1.6263900349719047, 0.038595324029396895, 0.003989237040450771
flux1:, 1.6273723918425085, 0.03684715351355711, 0.0037394535516731046
flux1:, 1.6283547487131127, 0.03514130746675319, 0.003503002371599629
flux1:, 1.6293371055837165, 0.033506315602347986, 0.0032779736453227458
flux1:, 1.6303194624543205, 0.03195133204851478, 0.003063729785917255
flux1:, 1.6313018193249245, 0.03043968771106567, 0.0028615264883465113
flux1:, 1.6322841761955285, 0.028979511368645218, 0.002670414112516406
flux1:, 1.6332665330661325, 0.027596612024915534, 0.0024889051603068577
flux1:, 1.6342488899367362, 0.026264077796638943, 0.002317812206434817
flux1:, 1.6352312468073402, 0.02496851657765501, 0.0021571729723670603
flux1:, 1.6362136036779442, 0.023738779792345045, 0.002005335356523751
flux1:, 1.6371959605485482, 0.02256670051408572, 0.001862263302101851
flux1:, 1.6381783174191522, 0.021425333731476058, 0.0017285722675607687
flux1:, 1.639160674289756, 0.02033358424467033, 0.0016030462191259425
flux1:, 1.64014303116036, 0.01930198844098594, 0.0014848692459412587
flux1:, 1.641125388030964, 0.018302572258453113, 0.0013746730047594971
flux1:, 1.642107744901568, 0.017337329643585038, 0.0012719448356274111
flux1:, 1.643090101772172, 0.01642767302535845, 0.001175488653012577
flux1:, 1.6440724586427757, 0.015555780704663989, 0.0010855279795048663
flux1:, 1.6450548155133797, 0.014707932674850847, 0.0010021516310248103
flux1:, 1.6460371723839837, 0.01390521706387128, 0.0009242567507005639
flux1:, 1.6470195292545877, 0.013145247922816171, 0.0008515292374360269
flux1:, 1.6480018861251917, 0.012406289581921928, 0.0007843287729394057
flux1:, 1.6489842429957955, 0.011699798489594938, 0.0007219664215500748
flux1:, 1.6499665998663995, 0.011036807548422858, 0.0006637412234818106
flux1:, 1.6509489567370035, 0.010397517749266756, 0.0006099324869601507
flux1:, 1.6519313136076075, 0.009780053332096993, 0.0005603323411583541
flux1:, 1.6529136704782115, 0.009201505120715268, 0.0005141463179550279
flux1:, 1.6538960273488152, 0.008651582393418887, 0.0004713648612054664
flux1:, 1.6548783842194192, 0.008117717929645612, 0.000432113260157645
flux1:, 1.6558607410900232, 0.007614364847750375, 0.00039577230873127765
flux1:, 1.6568430979606272, 0.007143017404785298, 0.0003620330475776662
flux1:, 1.6578254548312312, 0.006687233978353258, 0.0003311151262430205
flux1:, 1.658807811701835, 0.006252790689084081, 0.00030270609856143194
flux1:, 1.659790168572439, 0.005849817999108805, 0.00027633533547966873
flux1:, 1.660772525443043, 0.005465316886529209, 0.0002521179590025091
flux1:, 1.661754882313647, 0.005095185364913821, 0.00023002145436224145
flux1:, 1.662737239184251, 0.0047519165073056134, 0.00020959577989402396
flux1:, 1.6637195960548548, 0.0044304757636252886, 0.00019076865946322227
flux1:, 1.6647019529254587, 0.0041201852955044084, 0.0001736580714336514
flux1:, 1.6656843097960627, 0.003829807442779156, 0.00015796605668573358
flux1:, 1.6666666666666667, 0.0035625223924895424, 0.00014346795219409399
