flux1:, 1.1764705882352942, 0.001451149298547967, 7.919037853141776e-05
flux1:, 1.1774529451058982, 0.0015883311850492636, 8.17780826897515e-05
flux1:, 1.1784353019765021, 0.0017835089346741287, 8.88400589652343e-05
flux1:, 1.179417658847106, 0.0018277105500515297, 9.285136839966846e-05
flux1:, 1.18040001571771, 0.0019225416052498683, 9.480579827814377e-05
flux1:, 1.181382372588314, 0.0021705087697155975, 0.00010225354094195175
flux1:, 1.182364729458918, 0.002290223069003359, 0.00010942359772642443
flux1:, 1.183347086329522, 0.002346999095046069, 0.00011194439813270174
flux1:, 1.1843294432001257, 0.002606406254147861, 0.00011895013410204611
flux1:, 1.1853118000707297, 0.0028334828794208088, 0.00012946961089299708
flux1:, 1.1862941569413337, 0.0028885765310733376, 0.00013438875194752545
flux1:, 1.1872765138119377, 0.00311455991429559, 0.00014078688276789598
flux1:, 1.1882588706825417, 0.0034499972814954366, 0.00015423632595357495
flux1:, 1.1892412275531457, 0.00356404763271896, 0.000163700230270327
flux1:, 1.1902235844237494, 0.003731444759288942, 0.00017051816033238288
flux1:, 1.1912059412943534, 0.004139558607086115, 0.00018626317755590313
flux1:, 1.1921882981649574, 0.0043762166014681345, 0.00020242596578953252
flux1:, 1.1931706550355614, 0.004498936081236604, 0.00021231351900212657
flux1:, 1.1941530119061654, 0.004918377481784126, 0.0002302830897076525
flux1:, 1.1951353687767692, 0.005317130898340426, 0.00025520691516714693
flux1:, 1.1961177256473732, 0.005453675954319529, 0.00027275023526610937
flux1:, 1.1971000825179772, 0.00582428296466469, 0.0002944535794694894
flux1:, 1.1980824393885812, 0.006380279152568048, 0.0003300802831109307
flux1:, 1.1990647962591852, 0.006621210741068564, 0.00036157556723142654
flux1:, 1.200047153129789, 0.006919382138282292, 0.0003904831065677698
flux1:, 1.201029510000393, 0.007585197397275255, 0.0004369775654304256
flux1:, 1.202011866870997, 0.008029714904136743, 0.00048670158376432765
flux1:, 1.202994223741601, 0.008301773722366382, 0.0005242910691715952
flux1:, 1.203976580612205, 0.009018600269152752, 0.000572222402054649
flux1:, 1.2049589374828087, 0.009750817207121334, 0.0006294593098560599
flux1:, 1.2059412943534127, 0.010119767917670455, 0.0006647671313515226
flux1:, 1.2069236512240167, 0.010842628800765645, 0.0006900254161799971
flux1:, 1.2079060080946207, 0.011880204756530625, 0.0007269773402071199
flux1:, 1.2088883649652247, 0.012482492962104214, 0.0007475344338426779
flux1:, 1.2098707218358287, 0.013165116957574791, 0.0007444236458413778
flux1:, 1.2108530787064324, 0.014407743220826942, 0.0007550866921861408
flux1:, 1.2118354355770364, 0.015343250359961619, 0.0007716654816793336
flux1:, 1.2128177924476404, 0.01600000761726258, 0.000765262563910667
flux1:, 1.2138001493182444, 0.017300725816673787, 0.0007656740688402556
flux1:, 1.2147825061888484, 0.018637068727656997, 0.0007896537412885091
flux1:, 1.2157648630594522, 0.01940501699448909, 0.0007993063135597179
flux1:, 1.2167472199300562, 0.0206539954695572, 0.0008015768751881739
flux1:, 1.2177295768006602, 0.022384275485374368, 0.0008329610692590176
flux1:, 1.2187119336712642, 0.023475764425065104, 0.0008648745095077931
flux1:, 1.2196942905418682, 0.02464982655528722, 0.0008770729633234458
flux1:, 1.220676647412472, 0.02667093677881078, 0.0009126859798009737
flux1:, 1.221659004283076, 0.028290918508935052, 0.0009670397531159951
flux1:, 1.22264136115368, 0.029490720671270534, 0.000997864502139811
flux1:, 1.223623718024284, 0.03164138938100855, 0.001037548593512351
flux1:, 1.224606074894888, 0.03390776522188151, 0.0011125433002605921
flux1:, 1.2255884317654917, 0.03535756161266548, 0.0011728061188286782
flux1:, 1.2265707886360957, 0.03749653818419452, 0.0012231921841474563
flux1:, 1.2275531455066997, 0.040385042248886574, 0.001318309158440247
flux1:, 1.2285355023773037, 0.04237694624846935, 0.0014219997104994485
flux1:, 1.2295178592479077, 0.04446734008744139, 0.001501167239493527
flux1:, 1.2305002161185117, 0.04780344927831867, 0.0016237999340243882
flux1:, 1.2314825729891155, 0.050590990977081404, 0.0017933919069312045
flux1:, 1.2324649298597194, 0.052746118566012655, 0.0019419688863761772
flux1:, 1.2334472867303234, 0.056248406816279205, 0.0021254715726766057
flux1:, 1.2344296436009274, 0.059910431218551274, 0.002414250190863242
flux1:, 1.2354120004715314, 0.062350744026105145, 0.0027342394989674852
flux1:, 1.2363943573421352, 0.06569762737373544, 0.0031012036412036747
flux1:, 1.2373767142127392, 0.07000874867863556, 0.003687963695238528
flux1:, 1.2383590710833432, 0.07293112902049177, 0.004509059608805915
flux1:, 1.2393414279539472, 0.07595441522729646, 0.005538968955443821
flux1:, 1.2403237848245512, 0.08083798762173734, 0.0070899611949551055
flux1:, 1.241306141695155, 0.08580347313463207, 0.009326320876940266
flux1:, 1.242288498565759, 0.0925685328865359, 0.011445375986568815
flux1:, 1.243270855436363, 0.10486745859842143, 0.012131684962804862
flux1:, 1.244253212306967, 0.11880098282745939, 0.010941860369006249
flux1:, 1.245235569177571, 0.12918334007107596, 0.008749116851195279
flux1:, 1.2462179260481747, 0.13854880595652652, 0.0067705499651497
flux1:, 1.2472002829187787, 0.14843857234117322, 0.005514448827905386
flux1:, 1.2481826397893827, 0.1560577509391542, 0.004769352320994978
flux1:, 1.2491649966599867, 0.16364678333155405, 0.0042696896193151245
flux1:, 1.2501473535305907, 0.17423866609236308, 0.00398412034371498
flux1:, 1.2511297104011945, 0.18411234507682206, 0.0038732254399748037
flux1:, 1.2521120672717985, 0.1926794148402007, 0.0038206386364619867
flux1:, 1.2530944241424025, 0.20452764804619805, 0.003816298977476004
flux1:, 1.2540767810130065, 0.21748451884226028, 0.003895918707066697
flux1:, 1.2550591378836105, 0.2280791106581812, 0.004002126858431036
flux1:, 1.2560414947542144, 0.24096604607460909, 0.004109925442544606
flux1:, 1.2570238516248182, 0.25701925558021205, 0.004272042588333788
flux1:, 1.2580062084954222, 0.27075935460502065, 0.004465140683613644
flux1:, 1.2589885653660262, 0.28484702270925394, 0.004642932075194404
flux1:, 1.2599709222366302, 0.3036160726570702, 0.004855098855252264
flux1:, 1.2609532791072342, 0.32155556159896154, 0.00511295001896372
flux1:, 1.261935635977838, 0.3376358872748816, 0.0053545172411694365
flux1:, 1.262917992848442, 0.3586054290273942, 0.005608081884092811
flux1:, 1.263900349719046, 0.3814230266470149, 0.0059205092184018504
flux1:, 1.26488270658965, 0.4009046740391263, 0.0062310718476079555
flux1:, 1.265865063460254, 0.4238157615796666, 0.006530372341296598
flux1:, 1.266847420330858, 0.4516227968106274, 0.006890669891695649
flux1:, 1.2678297772014617, 0.47627638030880964, 0.007276497260530976
flux1:, 1.2688121340720657, 0.501536237372069, 0.007635257010846512
flux1:, 1.2697944909426697, 0.5339222795904274, 0.008040924717181529
flux1:, 1.2707768478132737, 0.5654457790409336, 0.00850442959387583
flux1:, 1.2717592046838777, 0.5944095664560632, 0.008942002240005261
flux1:, 1.2727415615544815, 0.630799726358935, 0.009398203137293481
flux1:, 1.2737239184250855, 0.670358918537161, 0.009937010798483267
flux1:, 1.2747062752956895, 0.7053085463065635, 0.01047301720467383
flux1:, 1.2756886321662935, 0.7455423675695912, 0.010995324040267953
flux1:, 1.2766709890368975, 0.7934974966792084, 0.011605458901346259
flux1:, 1.2776533459075012, 0.8372755376270368, 0.012254302403669268
flux1:, 1.2786357027781052, 0.8822288491120908, 0.012868293367094523
flux1:, 1.2796180596487092, 0.9382297434275276, 0.013550219133069067
flux1:, 1.2806004165193132, 0.9936123438909779, 0.014317849830347288
flux1:, 1.2815827733899172, 1.0456098950325834, 0.015054771255287779
flux1:, 1.282565130260521, 1.1091275394177826, 0.01581981671130089
flux1:, 1.283547487131125, 1.1781632322124722, 0.016704793335195006
flux1:, 1.284529844001729, 1.240965230162577, 0.017594455162518813
flux1:, 1.285512200872333, 1.312160433231079, 0.018468568102463365
flux1:, 1.286494557742937, 1.395778783419342, 0.019467904755265518
flux1:, 1.2874769146135407, 1.4740570861568099, 0.020531655014657004
flux1:, 1.2884592714841447, 1.5547176391646051, 0.021554145556249973
flux1:, 1.2894416283547487, 1.6528788139049473, 0.0226722921253339
flux1:, 1.2904239852253527, 1.7513048848462174, 0.02391952766542734
flux1:, 1.2914063420959567, 1.8454876267832905, 0.02513639173468982
flux1:, 1.2923886989665605, 1.9579856441239551, 0.026393879919609075
flux1:, 1.2933710558371645, 2.080258172175583, 0.02782463384370163
flux1:, 1.2943534127077685, 2.1943082370122395, 0.029278563676697747
flux1:, 1.2953357695783725, 2.3220957129378177, 0.03071629616968218
flux1:, 1.2963181264489765, 2.4703616482901225, 0.03233011825821741
flux1:, 1.2973004833195805, 2.6121713825983828, 0.03405133237795868
flux1:, 1.2982828401901843, 2.7588218676962737, 0.03572773760347415
flux1:, 1.2992651970607882, 2.9339133742608947, 0.037536204708912425
flux1:, 1.3002475539313922, 3.1115848183657397, 0.039538677742078907
flux1:, 1.3012299108019962, 3.284347217210214, 0.041519611574591
flux1:, 1.3022122676726002, 3.487033338769167, 0.04355753232437578
flux1:, 1.303194624543204, 3.707428153155361, 0.045843864607636294
flux1:, 1.304176981413808, 3.917363225031284, 0.048188802557763366
flux1:, 1.305159338284412, 4.150458436845132, 0.05051874620294694
flux1:, 1.306141695155016, 4.418345946137838, 0.0530932049125406
flux1:, 1.30712405202562, 4.679310152114327, 0.0558434674052526
flux1:, 1.308106408896224, 4.950076568692644, 0.05855038431498564
flux1:, 1.3090887657668278, 5.268560414627575, 0.06143618506152243
flux1:, 1.3100711226374318, 5.595256060986312, 0.06461150191800791
flux1:, 1.3110534795080357, 5.917268330383238, 0.06778802887227643
flux1:, 1.3120358363786397, 6.289878539498208, 0.07104182546196308
flux1:, 1.3130181932492437, 6.695730100822147, 0.07464898830437017
flux1:, 1.3140005501198475, 7.0893982863741245, 0.07837683429748156
flux1:, 1.3149829069904515, 7.523675747335636, 0.08209347834369123
flux1:, 1.3159652638610555, 8.019668260642892, 0.08614610255975422
flux1:, 1.3169476207316595, 8.511008719184717, 0.09048203384795463
flux1:, 1.3179299776022635, 9.022777837712843, 0.09478589387644132
flux1:, 1.3189123344728673, 9.618446572110125, 0.09932903350130047
flux1:, 1.3198946913434713, 10.236437472784683, 0.10430391898714127
flux1:, 1.3208770482140753, 10.853504871742356, 0.10932898905141604
flux1:, 1.3218594050846793, 11.560849326157257, 0.1144591301672956
flux1:, 1.3228417619552832, 12.3345983282802, 0.12009459584793457
flux1:, 1.323824118825887, 13.098610189206832, 0.12596192364092393
flux1:, 1.324806475696491, 13.938884541302635, 0.1318336166246549
flux1:, 1.325788832567095, 14.896569413123405, 0.13817413988209878
flux1:, 1.326771189437699, 15.862376125054109, 0.1449790193265666
flux1:, 1.327753546308303, 16.874725300191947, 0.15179492657953822
flux1:, 1.3287359031789068, 18.046532089172626, 0.15894655952303072
flux1:, 1.3297182600495108, 19.27964667801481, 0.16676711847723585
flux1:, 1.3307006169201148, 20.52982144068237, 0.174756916589014
flux1:, 1.3316829737907188, 21.956689986773057, 0.18292072374039392
flux1:, 1.3326653306613228, 23.53103688358944, 0.1918538366231925
flux1:, 1.3336476875319265, 25.118389991160225, 0.2012560845580518
flux1:, 1.3346300444025305, 26.867347294836993, 0.21074747802383711
flux1:, 1.3356124012731345, 28.867091036178532, 0.22096975964818466
flux1:, 1.3365947581437385, 30.929095958617424, 0.2320359944475733
flux1:, 1.3375771150143425, 33.11466949118928, 0.2432908890125513
flux1:, 1.3385594718849465, 35.64505518507411, 0.25513653037188233
flux1:, 1.3395418287555503, 38.360828106187874, 0.26817671593268766
flux1:, 1.3405241856261543, 41.171091594691276, 0.2817597074203478
flux1:, 1.3415065424967583, 44.38364143412313, 0.29580856708095227
flux1:, 1.3424888993673623, 47.981235656610416, 0.3112938880825215
flux1:, 1.3434712562379663, 51.70714312818608, 0.3279396288726872
flux1:, 1.34445361310857, 55.84420561714217, 0.34512288332851904
flux1:, 1.345435969979174, 60.6203040772112, 0.36386284258493823
flux1:, 1.346418326849778, 65.68845126943425, 0.38459911652019024
flux1:, 1.347400683720382, 71.15084662498238, 0.40636011612157463
flux1:, 1.348383040590986, 77.51470514419917, 0.42978982007163885
flux1:, 1.34936539746159, 84.52546323799409, 0.45621827688467476
flux1:, 1.3503477543321938, 91.96294916360164, 0.4848209783488601
flux1:, 1.3513301112027978, 100.51500528025784, 0.5154949137797455
flux1:, 1.3523124680734018, 110.28376273768458, 0.550371646498635
flux1:, 1.3532948249440058, 120.6909770134168, 0.5895545859548096
flux1:, 1.3542771818146098, 132.32393272958635, 0.6320938159233723
flux1:, 1.3552595386852135, 145.88624684702143, 0.680529961296383
flux1:, 1.3562418955558175, 160.61216659891716, 0.7369369829053855
flux1:, 1.3572242524264215, 176.50984194096677, 0.8000289903631889
flux1:, 1.3582066092970255, 194.8740793917536, 0.8720962765226278
flux1:, 1.3591889661676295, 215.14264974658076, 0.9584690657889682
flux1:, 1.3601713230382333, 236.07395181812657, 1.0592991320730571
flux1:, 1.3611536799088373, 258.7754207014172, 1.175894201958763
flux1:, 1.3621360367794413, 283.1189363440873, 1.3181272720537218
flux1:, 1.3631183936500453, 305.60981676020845, 1.4917487670304805
flux1:, 1.3641007505206493, 324.5467330402181, 1.6965740807651333
flux1:, 1.365083107391253, 338.8221693052681, 1.9456854664267471
flux1:, 1.366065464261857, 340.8778609322425, 2.2548451035234094
flux1:, 1.367047821132461, 321.2803422213798, 2.6146445071289093
flux1:, 1.368030178003065, 275.2499691477, 3.0071055190909246
flux1:, 1.369012534873669, 197.7382081774702, 3.397547289178611
flux1:, 1.3699948917442728, 95.18871304393878, 3.6282392010076534
flux1:, 1.3709772486148768, 15.867207349458635, 3.4109304775552434
flux1:, 1.3719596054854808, 30.26313399052598, 2.5999187847463316
flux1:, 1.3729419623560848, 152.4655373911944, 1.4429841292923564
flux1:, 1.3739243192266888, 313.349316032644, 0.4008342448600315
flux1:, 1.3749066760972926, 434.8406313062984, -0.2635881830898851
flux1:, 1.3758890329678966, 496.8853086859305, -0.5972767827819354
flux1:, 1.3768713898385005, 517.3936804535999, -0.7424471193410189
flux1:, 1.3778537467091045, 510.2925844089265, -0.7833741704041324
flux1:, 1.3788361035797085, 484.63453252053387, -0.7698431821252408
flux1:, 1.3798184604503125, 452.4363244054053, -0.739732481069842
flux1:, 1.3808008173209163, 419.7619512858368, -0.70281961947336
flux1:, 1.3817831741915203, 385.9667292046551, -0.6601108417947137
flux1:, 1.3827655310621243, 353.1287691251767, -0.6224115277621686
flux1:, 1.3837478879327283, 324.24026003723327, -0.5917381071727827
flux1:, 1.3847302448033323, 297.9367925556341, -0.5608849677027841
flux1:, 1.3857126016739363, 273.1260366977173, -0.533421001141873
flux1:, 1.38669495854454, 251.44341008688318, -0.5142746498302437
flux1:, 1.387677315415144, 232.65844321303481, -0.4969205232297404
flux1:, 1.388659672285748, 215.11787267752308, -0.47955680789627136
flux1:, 1.389642029156352, 199.3555611797054, -0.46864169541531975
flux1:, 1.390624386026956, 185.95087509977395, -0.461682647199486
flux1:, 1.3916067428975598, 173.67416299378206, -0.45317208927635017
flux1:, 1.3925890997681638, 162.2515485203192, -0.44791545308195535
flux1:, 1.3935714566387678, 152.46663932696987, -0.44810294487251645
flux1:, 1.3945538135093718, 143.76936062838607, -0.44740293753178284
flux1:, 1.3955361703799758, 135.4754648059462, -0.4467266434627109
flux1:, 1.3965185272505796, 128.1568456653345, -0.4513985829861161
flux1:, 1.3975008841211836, 121.84233330014229, -0.45726210271943557
flux1:, 1.3984832409917876, 115.80449305655326, -0.46105737989021706
flux1:, 1.3994655978623916, 110.23968395215046, -0.4684061503325976
flux1:, 1.4004479547329955, 105.50985726744337, -0.4791607827054207
flux1:, 1.4014303116035993, 101.0911114793562, -0.48757304937774404
flux1:, 1.4024126684742033, 96.83558956881875, -0.4967458156900593
flux1:, 1.4033950253448073, 93.18174195039784, -0.5104531050999209
flux1:, 1.4043773822154113, 89.90966383494096, -0.5232634378821253
flux1:, 1.4053597390860153, 86.66710441965952, -0.534210824807595
flux1:, 1.406342095956619, 83.7794028687821, -0.5490639537902507
flux1:, 1.407324452827223, 81.30594411178394, -0.5653375784018221
flux1:, 1.408306809697827, 78.85722886558577, -0.5783939326345126
flux1:, 1.409289166568431, 76.55432146979139, -0.5931160737166102
flux1:, 1.410271523439035, 74.63237839290272, -0.6112027309382506
flux1:, 1.4112538803096388, 72.79948022921488, -0.6265111053820389
flux1:, 1.4122362371802428, 70.9752632354905, -0.6405266680354397
flux1:, 1.4132185940508468, 69.44108449001922, -0.6583693760194892
flux1:, 1.4142009509214508, 68.07312226186082, -0.6753481149114468
flux1:, 1.4151833077920548, 66.65860685862091, -0.6885964043363992
flux1:, 1.4161656646626586, 65.41438686931443, -0.7041767567969968
flux1:, 1.4171480215332626, 64.3857198069508, -0.7212171869669086
flux1:, 1.4181303784038666, 63.324519716521664, -0.7336244169471823
flux1:, 1.4191127352744706, 62.31957082714368, -0.7453006802124288
flux1:, 1.4200950921450746, 61.53228152897355, -0.7597889119966204
flux1:, 1.4210774490156786, 60.76792359702037, -0.7705537933460632
flux1:, 1.4220598058862823, 59.97934649010067, -0.777067082862443
flux1:, 1.4230421627568863, 59.36479373712816, -0.7856759243470098
flux1:, 1.4240245196274903, 58.837224869502414, -0.7926040223856694
flux1:, 1.4250068764980943, 58.25214612673283, -0.7926403587993719
flux1:, 1.4259892333686983, 57.768525375286245, -0.7917012629386132
flux1:, 1.4269715902393023, 57.41636008193122, -0.7908127053503556
flux1:, 1.427953947109906, 57.01780501253939, -0.7821797343038868
flux1:, 1.42893630398051, 56.6427699428874, -0.7678831073197201
flux1:, 1.429918660851114, 56.407437956679665, -0.7534415895251694
flux1:, 1.430901017721718, 56.16508188000883, -0.7321284414446276
flux1:, 1.431883374592322, 55.88429681914738, -0.7003688245157533
flux1:, 1.4328657314629258, 55.71264213387954, -0.6653527629026048
flux1:, 1.4338480883335298, 55.57852297904896, -0.6249147227742682
flux1:, 1.4348304452041338, 55.372413311077864, -0.5708338673466613
flux1:, 1.4358128020747378, 55.215682711001214, -0.5078163393259962
flux1:, 1.4367951589453418, 55.124163178372115, -0.4396730870293611
flux1:, 1.4377775158159456, 54.956199376429986, -0.35734909320209285
flux1:, 1.4387598726865496, 54.765823975957396, -0.2597961629991913
flux1:, 1.4397422295571536, 54.637425374366934, -0.1550473244726936
flux1:, 1.4407245864277576, 54.44829037014806, -0.0382141560055822
flux1:, 1.4417069432983616, 54.172155537509425, 0.09763817764731274
flux1:, 1.4426893001689653, 53.92262377914259, 0.24455953103167272
flux1:, 1.4436716570395693, 53.635461792504124, 0.39979356917596526
flux1:, 1.4446540139101733, 53.22113286605717, 0.5723378370875252
flux1:, 1.4456363707807773, 52.7787347965089, 0.7587837901685863
flux1:, 1.4466187276513813, 52.31951696920131, 0.9492127344077753
flux1:, 1.447601084521985, 51.72967414113147, 1.1486734828122838
flux1:, 1.448583441392589, 51.06102588555609, 1.3599866784565673
flux1:, 1.449565798263193, 50.39104709401682, 1.5709175054578501
flux1:, 1.450548155133797, 49.62722168894935, 1.7782934258986152
flux1:, 1.451530512004401, 48.76160694343319, 1.9887418276241733
flux1:, 1.4525128688750049, 47.905957117044956, 2.194342652755624
flux1:, 1.4534952257456089, 47.02324158671217, 2.3845950372931286
flux1:, 1.4544775826162128, 46.05511383450812, 2.564952943019234
flux1:, 1.4554599394868168, 45.10409006594607, 2.7358817364175962
flux1:, 1.4564422963574208, 44.19859180156987, 2.8853954485749305
flux1:, 1.4574246532280246, 43.256271523946914, 3.013722221164669
flux1:, 1.4584070100986286, 42.332423217721335, 3.1283892721436195
flux1:, 1.4593893669692326, 41.50486069288179, 3.2226627748417234
flux1:, 1.4603717238398366, 40.70105757995817, 3.2912238956591806
flux1:, 1.4613540807104406, 39.91251984747124, 3.343171759470551
flux1:, 1.4623364375810444, 39.23325158020191, 3.380176477590349
flux1:, 1.4633187944516486, 38.6288578070642, 3.3948197255441026
flux1:, 1.4643011513222524, 38.03749772347618, 3.392287765269679
flux1:, 1.4652835081928564, 37.53323326171139, 3.380765717615937
flux1:, 1.4662658650634603, 37.13111175673854, 3.3553769720822078
flux1:, 1.4672482219340643, 36.74620564732724, 3.3153843403736363
flux1:, 1.4682305788046683, 36.40719402782901, 3.270522437971552
flux1:, 1.4692129356752721, 36.168942443590495, 3.2212414942447674
flux1:, 1.470195292545876, 35.958856849579774, 3.1627747754204973
flux1:, 1.47117764941648, 35.753800395274475, 3.1016640309673953
flux1:, 1.472160006287084, 35.62338866874728, 3.0432310786849137
flux1:, 1.473142363157688, 35.533480360335645, 2.9824302404785814
flux1:, 1.4741247200282919, 35.42217128668103, 2.920443579759338
flux1:, 1.4751070768988959, 35.34470678325177, 2.864550299949007
flux1:, 1.4760894337694999, 35.313505947036106, 2.812508986745401
flux1:, 1.4770717906401039, 35.25372398088429, 2.760964521938272
flux1:, 1.4780541475107078, 35.184763469840874, 2.715709876377885
flux1:, 1.4790365043813116, 35.154812172544595, 2.678269333225736
flux1:, 1.4800188612519156, 35.10409160729064, 2.6434238439878954
flux1:, 1.4810012181225196, 35.009908923649796, 2.6132330610063286
flux1:, 1.4819835749931236, 34.93253271612102, 2.5918191619972517
flux1:, 1.4829659318637276, 34.84706272059734, 2.5749537971051093
flux1:, 1.4839482887343314, 34.69902610108106, 2.560667917104159
flux1:, 1.4849306456049354, 34.53428326618398, 2.553358079391552
flux1:, 1.4859130024755394, 34.36776568979339, 2.55151483535491
flux1:, 1.4868953593461434, 34.13534819522366, 2.5505487224735446
flux1:, 1.4878777162167474, 33.84975954688666, 2.552909952014713
flux1:, 1.4888600730873511, 33.55504775458388, 2.559891504491058
flux1:, 1.4898424299579551, 33.202433991811965, 2.5665265357927622
flux1:, 1.4908247868285591, 32.76792045204467, 2.572201812128217
flux1:, 1.4918071436991631, 32.303633998469884, 2.579736900197013
flux1:, 1.4927895005697671, 31.794131679580307, 2.585838463124009
flux1:, 1.4937718574403709, 31.191423078472152, 2.5872455216369024
flux1:, 1.4947542143109749, 30.533836639179803, 2.5865106271679674
flux1:, 1.4957365711815789, 29.843192918415543, 2.583072392141946
flux1:, 1.4967189280521829, 29.07052086650161, 2.5726988703395106
flux1:, 1.4977012849227869, 28.227063603795425, 2.5563406094633354
flux1:, 1.4986836417933906, 27.360562365189203, 2.5359195746643772
flux1:, 1.4996659986639946, 26.443212583628153, 2.5082872612126232
flux1:, 1.5006483555345986, 25.459256526718885, 2.472534016866182
flux1:, 1.5016307124052026, 24.46125042110887, 2.43177457275218
flux1:, 1.5026130692758066, 23.453234043840215, 2.3852930254940605
flux1:, 1.5035954261464104, 22.403973474311446, 2.3310919231262
flux1:, 1.5045777830170146, 21.349943622142025, 2.271870660669073
flux1:, 1.5055601398876184, 20.322333879919718, 2.2093477025933685
flux1:, 1.5065424967582224, 19.29063409877766, 2.1416514194033263
flux1:, 1.5075248536288264, 18.26391489909394, 2.069966829752508
flux1:, 1.5085072104994304, 17.28497293712249, 1.9972989904374496
flux1:, 1.5094895673700344, 16.337319630559676, 1.9228606769572845
flux1:, 1.5104719242406381, 15.404514408939212, 1.8461949009238654
flux1:, 1.5114542811112421, 14.523410875914395, 1.770099866533298
flux1:, 1.5124366379818461, 13.696972199569862, 1.6951602584044976
flux1:, 1.5134189948524501, 12.895040500461743, 1.6199776561802992
flux1:, 1.5144013517230541, 12.136442838047678, 1.546095680391756
flux1:, 1.515383708593658, 11.440316827156161, 1.4750827854551674
flux1:, 1.516366065464262, 10.777463746111403, 1.4055734876355659
flux1:, 1.5173484223348659, 10.145314596991884, 1.3376027936825634
flux1:, 1.5183307792054699, 9.569955112946303, 1.2729668187237893
flux1:, 1.5193131360760739, 9.034322713458192, 1.211034227891698
flux1:, 1.5202954929466777, 8.519075881460074, 1.1507533031150217
flux1:, 1.5212778498172816, 8.046551770779601, 1.093426828363312
flux1:, 1.5222602066878856, 7.616147170620001, 1.0393316509875672
flux1:, 1.5232425635584896, 7.201232309883467, 0.9870611544722756
flux1:, 1.5242249204290936, 6.812405102029939, 0.9370336819126843
flux1:, 1.5252072772996974, 6.4628693129822326, 0.8901463119667176
flux1:, 1.5261896341703014, 6.129078535286855, 0.8453026196380408
flux1:, 1.5271719910409054, 5.807143839747203, 0.8020629887522752
flux1:, 1.5281543479115094, 5.516680015020149, 0.7614429353457003
flux1:, 1.5291367047821134, 5.244907495165485, 0.7230167415580264
flux1:, 1.5301190616527172, 4.976320876988079, 0.6858294703140634
flux1:, 1.5311014185233212, 4.728226128615042, 0.6505658394619364
flux1:, 1.5320837753939252, 4.501354578946735, 0.6174728660535338
flux1:, 1.5330661322645291, 4.275426832315435, 0.585538955876248
flux1:, 1.5340484891351331, 4.058797575688348, 0.5548931094997346
flux1:, 1.535030846005737, 3.8631617204137756, 0.5261923913243223
flux1:, 1.536013202876341, 3.6713233926228366, 0.49874596078356404
flux1:, 1.536995559746945, 3.480379366038942, 0.4721645022767499
flux1:, 1.537977916617549, 3.306730576971786, 0.44715393237118084
flux1:, 1.538960273488153, 3.142029505791363, 0.4235203041823687
flux1:, 1.5399426303587567, 2.974505167648306, 0.400583300174951
flux1:, 1.5409249872293607, 2.818139997808769, 0.3787961695957549
flux1:, 1.5419073440999647, 2.6751052631704733, 0.35841804619732487
flux1:, 1.5428897009705687, 2.53029733145823, 0.3387698806032579
flux1:, 1.5438720578411727, 2.390168395873025, 0.31990778590483465
flux1:, 1.5448544147117764, 2.264863822722093, 0.3023436607954857
flux1:, 1.5458367715823806, 2.141990270891267, 0.2856379859712208
flux1:, 1.5468191284529844, 2.0190623022328014, 0.2694819300514019
flux1:, 1.5478014853235884, 1.90905795108433, 0.2543864694164745
flux1:, 1.5487838421941924, 1.80639338214312, 0.24026136985388624
flux1:, 1.5497661990647964, 1.7018738636398765, 0.2265965022465069
flux1:, 1.5507485559354004, 1.6059748791396053, 0.2136945772605751
flux1:, 1.5517309128060042, 1.5208280687492188, 0.20177918981294296
flux1:, 1.5527132696766082, 1.43489731623881, 0.19035254792323475
flux1:, 1.5536956265472122, 1.3526565962071913, 0.1794139365875233
flux1:, 1.5546779834178162, 1.2818944808271107, 0.16935522960113336
flux1:, 1.5556603402884202, 1.2132257652018315, 0.15986905661487788
flux1:, 1.556642697159024, 1.1443884636641126, 0.1506856376212513
flux1:, 1.557625054029628, 1.085086180514786, 0.14217783934013375
flux1:, 1.558607410900232, 1.0310632763280618, 0.1343099469359059
flux1:, 1.559589767770836, 0.9750992645031222, 0.12667651554416373
flux1:, 1.56057212464144, 0.9249990310458625, 0.11947777895915912
flux1:, 1.5615544815120437, 0.8823313714608514, 0.11291549989000914
flux1:, 1.5625368383826477, 0.8381523711175581, 0.10661778806821973
flux1:, 1.5635191952532517, 0.7958020750351498, 0.100547246864028
flux1:, 1.5645015521238557, 0.7612278867578461, 0.09502079935828128
flux1:, 1.5654839089944597, 0.7271224669780214, 0.08983498407612148
flux1:, 1.5664662658650634, 0.691720173738809, 0.0847535849976346
flux1:, 1.5674486227356674, 0.6625759804694751, 0.08005718548055644
flux1:, 1.5684309796062714, 0.6363514700799502, 0.07576182205531952
flux1:, 1.5694133364768754, 0.607411008162713, 0.07154741356300326
flux1:, 1.5703956933474794, 0.5819451864704756, 0.06754197718338041
flux1:, 1.5713780502180832, 0.5612300537168187, 0.063937676734153
flux1:, 1.5723604070886872, 0.538217074052191, 0.0604659926594039
flux1:, 1.5733427639592912, 0.5156099555222367, 0.05706457165615765
flux1:, 1.5743251208298952, 0.4982329209809018, 0.0539929399133977
flux1:, 1.5753074777004992, 0.4803108525795744, 0.05113188029835433
flux1:, 1.576289834571103, 0.4604399241872895, 0.048275176987920054
flux1:, 1.577272191441707, 0.44477345119632283, 0.045628371140328076
flux1:, 1.578254548312311, 0.4307478683784623, 0.04324574005602678
flux1:, 1.579236905182915, 0.4138024027678762, 0.04087820943832688
flux1:, 1.580219262053519, 0.3989600122312225, 0.038595250755468706
flux1:, 1.5812016189241227, 0.3874299149569763, 0.03657414324384233
flux1:, 1.5821839757947267, 0.37351790051254746, 0.03462922623126337
flux1:, 1.5831663326653307, 0.35933909411226295, 0.03268040251569752
flux1:, 1.5841486895359347, 0.348981825290503, 0.03093337062007249
flux1:, 1.5851310464065387, 0.33786435531221765, 0.02933198208691346
flux1:, 1.5861134032771425, 0.3246952542325488, 0.02769839221331943
flux1:, 1.5870957601477467, 0.3145607356095436, 0.026173385970641203
flux1:, 1.5880781170183504, 0.30559430076771926, 0.024833342583652714
flux1:, 1.5890604738889544, 0.2939474898582391, 0.02348939695235743
flux1:, 1.5900428307595584, 0.2836380291917757, 0.02216469647632867
flux1:, 1.5910251876301624, 0.2759218839546692, 0.02101481753556954
flux1:, 1.5920075445007664, 0.2661420019212383, 0.01991992738205236
flux1:, 1.5929899013713702, 0.2558050203816366, 0.018790605623246574
flux1:, 1.5939722582419742, 0.24845278196465245, 0.017782004572388696
flux1:, 1.5949546151125782, 0.24050727732233398, 0.016883126238413117
flux1:, 1.5959369719831822, 0.23064696336316554, 0.015945077529078477
flux1:, 1.5969193288537862, 0.2230590163205196, 0.015054379829670872
flux1:, 1.59790168572439, 0.21651949653049082, 0.014296400363552326
flux1:, 1.598884042594994, 0.20770643099222771, 0.013534533907855398
flux1:, 1.599866399465598, 0.19972818167710177, 0.012757989478160389
flux1:, 1.600848756336202, 0.19392997890588387, 0.012096019157002468
flux1:, 1.601831113206806, 0.18652561599317533, 0.011480849606187001
flux1:, 1.6028134700774097, 0.17843055081378514, 0.010822533319445788
flux1:, 1.6037958269480137, 0.1727285439160805, 0.010230074303121454
flux1:, 1.6047781838186177, 0.16672997458986222, 0.009722908079588201
flux1:, 1.6057605406892217, 0.1590423673750182, 0.009182590723019137
flux1:, 1.6067428975598257, 0.15304772525809007, 0.008652104742911794
flux1:, 1.6077252544304295, 0.14810371461856628, 0.008215259381362151
flux1:, 1.6087076113010335, 0.14134196800571167, 0.007781198107507193
flux1:, 1.6096899681716375, 0.1350400901869483, 0.007317446225108188
flux1:, 1.6106723250422414, 0.13061587157291035, 0.00692407741526673
flux1:, 1.6116546819128454, 0.12506656212713757, 0.006573257320513896
flux1:, 1.6126370387834492, 0.1187733213183023, 0.006183106452976643
flux1:, 1.6136193956540532, 0.11438086035925296, 0.005821986521675186
flux1:, 1.6146017525246572, 0.10999415682059023, 0.005526673120141643
flux1:, 1.6155841093952612, 0.10418001941619463, 0.005210367811797652
flux1:, 1.6165664662658652, 0.09956856938855513, 0.0048838268554771075
flux1:, 1.617548823136469, 0.0960077393934903, 0.004620446203847748
flux1:, 1.618531180007073, 0.09107499330001644, 0.004368137319828724
flux1:, 1.619513536877677, 0.08630229807814488, 0.004084836827367115
flux1:, 1.620495893748281, 0.08311090843541023, 0.0038405181323635223
flux1:, 1.621478250618885, 0.079223549538877, 0.003634898817313516
flux1:, 1.6224606074894887, 0.07458728714828138, 0.003401436365654853
flux1:, 1.6234429643600927, 0.07138945344031945, 0.0031752196941775214
flux1:, 1.6244253212306967, 0.06842395596259561, 0.002998018254552167
flux1:, 1.6254076781013007, 0.06429688210202043, 0.0028134656438681114
flux1:, 1.6263900349719047, 0.060939278320178196, 0.002612197458043445
flux1:, 1.6273723918425085, 0.05856484984345534, 0.00245064446529512
flux1:, 1.6283547487131127, 0.05521603078438628, 0.002306124238338319
flux1:, 1.6293371055837165, 0.05179545311431893, 0.00213772952174508
flux1:, 1.6303194624543205, 0.049634095479768776, 0.001987669394021743
flux1:, 1.6313018193249245, 0.04711671856917782, 0.0018702412929448712
flux1:, 1.6322841761955285, 0.04389416692512418, 0.0017380179082082863
flux1:, 1.6332665330661325, 0.0416804931062931, 0.0016025651449753286
flux1:, 1.6342488899367362, 0.03982844987778645, 0.001500627749970207
flux1:, 1.6352312468073402, 0.03708182408127781, 0.0014011185903819695
flux1:, 1.6362136036779442, 0.034751597921690865, 0.0012862462262305818
flux1:, 1.6371959605485482, 0.03327317548271531, 0.0011933925125306316
flux1:, 1.6381783174191522, 0.03116267946627671, 0.0011181357910890037
flux1:, 1.639160674289756, 0.02883970943148628, 0.0010279294561702703
flux1:, 1.64014303116036, 0.0274537460822268, 0.0009435839011790908
flux1:, 1.641125388030964, 0.02595935749538651, 0.0008830207736234211
flux1:, 1.642107744901568, 0.023860719330182634, 0.0008169920308934805
flux1:, 1.643090101772172, 0.02240774475111385, 0.0007441813958967441
flux1:, 1.6440724586427757, 0.021357111099045447, 0.0006912925480669432
flux1:, 1.6450548155133797, 0.019671792216423643, 0.0006446009169017833
flux1:, 1.6460371723839837, 0.018153222152657553, 0.0005865935442353013
flux1:, 1.6470195292545877, 0.017313617124262996, 0.0005385201470313394
flux1:, 1.6480018861251917, 0.016114247331780008, 0.0005043022110087397
flux1:, 1.6489842429957955, 0.0146530574367039, 0.0004620466800043406
flux1:, 1.6499665998663995, 0.01383484373167428, 0.00041941339358261386
flux1:, 1.6509489567370035, 0.013057487417984412, 0.0003915700046099619
flux1:, 1.6519313136076075, 0.011811681318973609, 0.0003629799825731734
flux1:, 1.6529136704782115, 0.010933785450866271, 0.0003278396446076287
flux1:, 1.6538960273488152, 0.010422999733535053, 0.0003028191699763356
flux1:, 1.6548783842194192, 0.009500104976162719, 0.00028376835582748575
flux1:, 1.6558607410900232, 0.008594529860992203, 0.0002575338511748666
flux1:, 1.6568430979606272, 0.008180736083909962, 0.00023454147996906105
flux1:, 1.6578254548312312, 0.007592272853411959, 0.0002206313715896227
flux1:, 1.658807811701835, 0.006757654213977732, 0.00020298141157607034
flux1:, 1.659790168572439, 0.006325124951783969, 0.00018295781588796914
flux1:, 1.660772525443043, 0.0059936539584285525, 0.00017100583395223792
flux1:, 1.661754882313647, 0.005329670931099845, 0.0001599966685226611
flux1:, 1.662737239184251, 0.004846435179776047, 0.0001441963611485688
flux1:, 1.6637195960548548, 0.004650737872683043, 0.0001328286528858443
flux1:, 1.6647019529254587, 0.00420724091090832, 0.00012579793376227678
flux1:, 1.6656843097960627, 0.0037120989377229267, 0.00011473561007674682
flux1:, 1.6666666666666667, 0.003541722336820099, 0.00010407199753732711
