flux1:, 1.1764705882352942, 0.0015181707014387548, 0.00013391471203027952
flux1:, 1.1774529451058982, 0.0016334355787048474, 0.00014012171145607515
flux1:, 1.1784353019765021, 0.0017472577331931085, 0.00014742265095963925
flux1:, 1.179417658847106, 0.0018727036095965912, 0.00015642956522264826
flux1:, 1.18040001571771, 0.002012127397695362, 0.0001646767898824667
flux1:, 1.181382372588314, 0.0021509062567643456, 0.00017318967951091685
flux1:, 1.182364729458918, 0.0022966103336144058, 0.00018417129559566403
flux1:, 1.183347086329522, 0.0024615193347559943, 0.00019530241019584467
flux1:, 1.1843294432001257, 0.00263094993101199, 0.00020585275118361915
flux1:, 1.1853118000707297, 0.002801866178173185, 0.00021906292904249185
flux1:, 1.1862941569413337, 0.002993262604105222, 0.00023396138002127742
flux1:, 1.1872765138119377, 0.0031978740797087555, 0.0002479376581168462
flux1:, 1.1882588706825417, 0.0034009072202176678, 0.00026410705938960497
flux1:, 1.1892412275531457, 0.003620692313790593, 0.0002838203753401934
flux1:, 1.1902235844237494, 0.0038631494752400736, 0.00030331829756040927
flux1:, 1.1912059412943534, 0.004106111128892456, 0.00032415030379219744
flux1:, 1.1921882981649574, 0.004358323711446911, 0.00035027230395411264
flux1:, 1.1931706550355614, 0.004639697606284928, 0.00037835309210444305
flux1:, 1.1941530119061654, 0.00492986050801147, 0.00040719231523694653
flux1:, 1.1951353687767692, 0.005221603108250689, 0.00044256816371631737
flux1:, 1.1961177256473732, 0.005543225766381941, 0.0004836387551778768
flux1:, 1.1971000825179772, 0.005887027063735316, 0.0005260990623516576
flux1:, 1.1980824393885812, 0.006230095533775346, 0.0005754080370373065
flux1:, 1.1990647962591852, 0.0065989263929641445, 0.0006347759290704949
flux1:, 1.200047153129789, 0.007007072130675993, 0.0006974508826781657
flux1:, 1.201029510000393, 0.007425160528179774, 0.0007645882286854324
flux1:, 1.202011866870997, 0.007867895192612294, 0.0008422894721811144
flux1:, 1.202994223741601, 0.008372338568850382, 0.0009223717659878484
flux1:, 1.203976580612205, 0.008917288294610588, 0.0009965018611595969
flux1:, 1.2049589374828087, 0.009496214992068335, 0.0010691947023591152
flux1:, 1.2059412943534127, 0.010155621170124134, 0.0011353299993730986
flux1:, 1.2069236512240167, 0.010887475157408288, 0.0011810420796830028
flux1:, 1.2079060080946207, 0.011652006069238798, 0.001210942113708077
flux1:, 1.2088883649652247, 0.012479555868121935, 0.0012340667773192533
flux1:, 1.2098707218358287, 0.013383695546143465, 0.0012433260041915736
flux1:, 1.2108530787064324, 0.01430927536308446, 0.0012411489090102803
flux1:, 1.2118354355770364, 0.015264761850780928, 0.001244011199994641
flux1:, 1.2128177924476404, 0.016298944893809807, 0.0012501070891057207
flux1:, 1.2138001493182444, 0.017371602662535072, 0.0012520947304482158
flux1:, 1.2147825061888484, 0.018459175674568822, 0.0012629036932716902
flux1:, 1.2157648630594522, 0.019628825009623204, 0.001286629637704908
flux1:, 1.2167472199300562, 0.02087521745317796, 0.0013097947044636716
flux1:, 1.2177295768006602, 0.022140285108968132, 0.001338407766927763
flux1:, 1.2187119336712642, 0.023478915395157608, 0.0013841189994716848
flux1:, 1.2196942905418682, 0.024933590148870175, 0.0014336093747226103
flux1:, 1.220676647412472, 0.026430665100755993, 0.001483901383152841
flux1:, 1.221659004283076, 0.02798252647882683, 0.0015527201362101224
flux1:, 1.22264136115368, 0.029675448950768207, 0.0016328200137100616
flux1:, 1.223623718024284, 0.03145452172540651, 0.0017112333640454396
flux1:, 1.224606074894888, 0.03327108866622919, 0.0018075760406750187
flux1:, 1.2255884317654917, 0.0352283562585373, 0.0019264262412944575
flux1:, 1.2265707886360957, 0.03732683597269087, 0.002046446980591241
flux1:, 1.2275531455066997, 0.039461028994015435, 0.0021829353248453884
flux1:, 1.2285355023773037, 0.041705003165723266, 0.0023575449255331077
flux1:, 1.2295178592479077, 0.04413690133876374, 0.002546562001556402
flux1:, 1.2305002161185117, 0.04662637157528279, 0.0027540064797563157
flux1:, 1.2314825729891155, 0.049165150567863636, 0.0030233448575433795
flux1:, 1.2324649298597194, 0.05190000236288551, 0.0033418970135312425
flux1:, 1.2334472867303234, 0.05473015431882967, 0.003698114850108352
flux1:, 1.2344296436009274, 0.05752127656456827, 0.004165097688672226
flux1:, 1.2354120004715314, 0.06043917873850522, 0.004772495465776804
flux1:, 1.2363943573421352, 0.06348012780661154, 0.005503827707797906
flux1:, 1.2373767142127392, 0.06637972968083329, 0.006492514201482766
flux1:, 1.2383590710833432, 0.0692894868284331, 0.00790317840407155
flux1:, 1.2393414279539472, 0.07253393467533877, 0.00977434766386507
flux1:, 1.2403237848245512, 0.07619242532286163, 0.012342884888693392
flux1:, 1.241306141695155, 0.08154843685355405, 0.015826263953058705
flux1:, 1.242288498565759, 0.09164100765973521, 0.019170301412981806
flux1:, 1.243270855436363, 0.10767743165950308, 0.020096971190512243
flux1:, 1.244253212306967, 0.12596698389556488, 0.01756646706203757
flux1:, 1.245235569177571, 0.14119873117373324, 0.013244234444123162
flux1:, 1.2462179260481747, 0.15188125318755122, 0.009527140444554662
flux1:, 1.2472002829187787, 0.16029098247024898, 0.007184137756638969
flux1:, 1.2481826397893827, 0.16844983656810628, 0.005726626981623367
flux1:, 1.2491649966599867, 0.1767176926011806, 0.004803611423608909
flux1:, 1.2501473535305907, 0.18531108651358863, 0.004313119895983701
flux1:, 1.2511297104011945, 0.1947182520932761, 0.004050334804119913
flux1:, 1.2521120672717985, 0.20491325744906982, 0.0038928786188384226
flux1:, 1.2530944241424025, 0.21566990653175944, 0.003867489326486393
flux1:, 1.2540767810130065, 0.2272110563815442, 0.0039277872491862735
flux1:, 1.2550591378836105, 0.2397041983942956, 0.0040062154021505625
flux1:, 1.2560414947542144, 0.2529216750635761, 0.004135454277326196
flux1:, 1.2570238516248182, 0.2668830924722265, 0.004320164398637266
flux1:, 1.2580062084954222, 0.28188011055055184, 0.004508959448171048
flux1:, 1.2589885653660262, 0.297829546052714, 0.004716765966443043
flux1:, 1.2599709222366302, 0.3145764141817788, 0.004970725342354328
flux1:, 1.2609532791072342, 0.3323978340808088, 0.005234559827067442
flux1:, 1.261935635977838, 0.3514223779803465, 0.005502699864254677
flux1:, 1.262917992848442, 0.37141908192250045, 0.005809589781724635
flux1:, 1.263900349719046, 0.3925233011978213, 0.006137817494666255
flux1:, 1.26488270658965, 0.4150530373320894, 0.006465966586658973
flux1:, 1.265865063460254, 0.4388439229138193, 0.006823840537909053
flux1:, 1.266847420330858, 0.4638282387584553, 0.007213882955846283
flux1:, 1.2678297772014617, 0.4904094948504255, 0.007607796031419575
flux1:, 1.2688121340720657, 0.5186227365296221, 0.008022318261204614
flux1:, 1.2697944909426697, 0.548229308450276, 0.008475815286382086
flux1:, 1.2707768478132737, 0.5795641181722143, 0.008943140404708033
flux1:, 1.2717592046838777, 0.6129274368219544, 0.009424560415770895
flux1:, 1.2727415615544815, 0.6480393192618207, 0.009946527167807244
flux1:, 1.2737239184250855, 0.6850265702616172, 0.010495290592326047
flux1:, 1.2747062752956895, 0.7244127049831051, 0.01105680154330493
flux1:, 1.2756886321662935, 0.7660597825945037, 0.011656082934446354
flux1:, 1.2766709890368975, 0.8098287465847807, 0.012294712349444369
flux1:, 1.2776533459075012, 0.8563186737339251, 0.012951065587076148
flux1:, 1.2786357027781052, 0.9056988016606641, 0.013640619932154709
flux1:, 1.2796180596487092, 0.9576325393251545, 0.014378858297660684
flux1:, 1.2806004165193132, 1.012589966846473, 0.015145441873940532
flux1:, 1.2815827733899172, 1.0711169788702009, 0.015942159700539336
flux1:, 1.282565130260521, 1.132871314316446, 0.016792390439388773
flux1:, 1.283547487131125, 1.198017169496767, 0.017684969302589656
flux1:, 1.284529844001729, 1.2674006115460397, 0.018609019786272416
flux1:, 1.285512200872333, 1.340931357780421, 0.01958752154347864
flux1:, 1.286494557742937, 1.4184092583119197, 0.020622742767808178
flux1:, 1.2874769146135407, 1.5007627900596834, 0.02169672231205725
flux1:, 1.2884592714841447, 1.5883778097938828, 0.0228244764525414
flux1:, 1.2894416283547487, 1.680808800453615, 0.024021025854287885
flux1:, 1.2904239852253527, 1.7787775436481943, 0.025269296421407243
flux1:, 1.2914063420959567, 1.8832302574748567, 0.02657216708153872
flux1:, 1.2923886989665605, 1.9937667632670453, 0.027952259389403832
flux1:, 1.2933710558371645, 2.110660973667036, 0.029400815245095326
flux1:, 1.2943534127077685, 2.2352946471330477, 0.0309091707384025
flux1:, 1.2953357695783725, 2.3676921794890324, 0.03249996659594225
flux1:, 1.2963181264489765, 2.5076156098002005, 0.03417699886996683
flux1:, 1.2973004833195805, 2.656557805446598, 0.03592505821892514
flux1:, 1.2982828401901843, 2.8152934825433125, 0.037759642374274434
flux1:, 1.2992651970607882, 2.983270339410474, 0.03969672205362811
flux1:, 1.3002475539313922, 3.161669815438213, 0.0417220153261834
flux1:, 1.3012299108019962, 3.3521345218230225, 0.04383977899610513
flux1:, 1.3022122676726002, 3.5542501694662967, 0.04607344108918802
flux1:, 1.303194624543204, 3.7685435883143397, 0.048416782045559215
flux1:, 1.304176981413808, 3.997333024401014, 0.05086321319065393
flux1:, 1.305159338284412, 4.240927106227958, 0.05343642029623579
flux1:, 1.306141695155016, 4.499129199459174, 0.05614248853044393
flux1:, 1.30712405202562, 4.774445645681627, 0.05896872750093934
flux1:, 1.308106408896224, 5.068412929420672, 0.06193212388997881
flux1:, 1.3090887657668278, 5.380446916097252, 0.06505085593228899
flux1:, 1.3100711226374318, 5.712614479577765, 0.06831341569446073
flux1:, 1.3110534795080357, 6.067872108821579, 0.07172602037070254
flux1:, 1.3120358363786397, 6.445985507486841, 0.07531446165484137
flux1:, 1.3130181932492437, 6.848089565219631, 0.07907557738696284
flux1:, 1.3140005501198475, 7.2782835355514415, 0.08300520082275722
flux1:, 1.3149829069904515, 7.737640776111223, 0.08712972185255637
flux1:, 1.3159652638610555, 8.22631731239513, 0.09145876113146778
flux1:, 1.3169476207316595, 8.748830675895436, 0.0959825801304401
flux1:, 1.3179299776022635, 9.308416056925045, 0.10072133021454144
flux1:, 1.3189123344728673, 9.904872440212777, 0.1056975560897314
flux1:, 1.3198946913434713, 10.542214594859988, 0.11090358516263804
flux1:, 1.3208770482140753, 11.226225879681321, 0.11634940531951314
flux1:, 1.3218594050846793, 11.957653937204634, 0.12206637190803045
flux1:, 1.3228417619552832, 12.739346969616868, 0.1280567339943462
flux1:, 1.323824118825887, 13.579311767260435, 0.13432110602320443
flux1:, 1.324806475696491, 14.48097370442953, 0.14089305430407356
flux1:, 1.325788832567095, 15.446141906141015, 0.14779028429504576
flux1:, 1.326771189437699, 16.484056895451626, 0.1550097818485115
flux1:, 1.327753546308303, 17.602479773751, 0.16258095741994225
flux1:, 1.3287359031789068, 18.803524292318368, 0.17053851480064847
flux1:, 1.3297182600495108, 20.096452215504407, 0.1788853450247809
flux1:, 1.3307006169201148, 21.49438356027443, 0.18764377733731816
flux1:, 1.3316829737907188, 23.002414843244072, 0.19686307634486983
flux1:, 1.3326653306613228, 24.62922215978528, 0.20656303968893694
flux1:, 1.3336476875319265, 26.393314862867342, 0.21676194578900743
flux1:, 1.3346300444025305, 28.30648083485898, 0.2275191406165632
flux1:, 1.3356124012731345, 30.377866780853047, 0.23888151830257023
flux1:, 1.3365947581437385, 32.63057251086932, 0.25087377764707597
flux1:, 1.3375771150143425, 35.0871426617515, 0.26356253096481463
flux1:, 1.3385594718849465, 37.76092472807664, 0.27702998990398003
flux1:, 1.3395418287555503, 40.67892659992655, 0.2913256872104127
flux1:, 1.3405241856261543, 43.87809953217527, 0.3065275950087485
flux1:, 1.3415065424967583, 47.38303922599441, 0.3227607881441565
flux1:, 1.3424888993673623, 51.22592106965139, 0.34012642029111895
flux1:, 1.3434712562379663, 55.46093245680616, 0.35873176234063187
flux1:, 1.34445361310857, 60.13426621512385, 0.3787570368262473
flux1:, 1.345435969979174, 65.28894568752814, 0.400392549953067
flux1:, 1.346418326849778, 70.99881901605242, 0.423816532579565
flux1:, 1.347400683720382, 77.34427854781809, 0.4492936463500569
flux1:, 1.348383040590986, 84.39145483713554, 0.47715971599695717
flux1:, 1.34936539746159, 92.23677208669406, 0.5077454935982609
flux1:, 1.3503477543321938, 101.00612550479745, 0.5414706074884983
flux1:, 1.3513301112027978, 110.80583404254251, 0.5789119190761293
flux1:, 1.3523124680734018, 121.75536745435699, 0.6207021483544165
flux1:, 1.3532948249440058, 134.0226239604349, 0.6675699454747451
flux1:, 1.3542771818146098, 147.75597447938264, 0.7205048315498885
flux1:, 1.3552595386852135, 163.06759795362865, 0.7806935045744571
flux1:, 1.3562418955558175, 180.09143133077143, 0.8494514845408048
flux1:, 1.3572242524264215, 198.9079358332046, 0.9284290198747145
flux1:, 1.3582066092970255, 219.41759793718956, 1.019634451690117
flux1:, 1.3591889661676295, 241.33797855833674, 1.1251509083684381
flux1:, 1.3601713230382333, 264.0920980319551, 1.2470837590870676
flux1:, 1.3611536799088373, 286.4829889740643, 1.38741820025132
flux1:, 1.3621360367794413, 306.4778014802751, 1.5470336070497162
flux1:, 1.3631183936500453, 321.0946634236409, 1.724357028051803
flux1:, 1.3641007505206493, 326.21998053764406, 1.9140410380006336
flux1:, 1.365083107391253, 316.9286858204244, 2.104922346916115
flux1:, 1.366065464261857, 288.92925552617015, 2.27822933977268
flux1:, 1.367047821132461, 240.78927664883543, 2.408875442895036
flux1:, 1.368030178003065, 176.2136902685436, 2.4699613103516422
flux1:, 1.369012534873669, 105.432364558047, 2.437646814286889
flux1:, 1.3699948917442728, 44.292651278681205, 2.294432297513548
flux1:, 1.3709772486148768, 10.905754896756726, 2.029797074365522
flux1:, 1.3719596054854808, 21.24585678658994, 1.6397525547476373
flux1:, 1.3729419623560848, 83.48108575909119, 1.1336155847564575
flux1:, 1.3739243192266888, 190.6671206088282, 0.5511951832830467
flux1:, 1.3749066760972926, 317.7546284504851, -0.029537848591016526
flux1:, 1.3758890329678966, 431.02161044836697, -0.5183796168405377
flux1:, 1.3768713898385005, 505.79891684150425, -0.8585239714224339
flux1:, 1.3778537467091045, 536.7585189703684, -1.0482944377463232
flux1:, 1.3788361035797085, 533.1924159344458, -1.1230098387620597
flux1:, 1.3798184604503125, 508.21544717944073, -1.1248243318636815
flux1:, 1.3808008173209163, 472.5389445963307, -1.0871341369948977
flux1:, 1.3817831741915203, 433.38362809752533, -1.0321181197730902
flux1:, 1.3827655310621243, 394.85442602808854, -0.9722399150989653
flux1:, 1.3837478879327283, 358.80600124970755, -0.9137312024082143
flux1:, 1.3847302448033323, 326.01991981044193, -0.8599704195696907
flux1:, 1.3857126016739363, 296.7527002152018, -0.8123445988014394
flux1:, 1.38669495854454, 270.8094225314358, -0.770774484397463
flux1:, 1.387677315415144, 247.84771357195046, -0.735112601897566
flux1:, 1.388659672285748, 227.5998458980219, -0.7052369925828335
flux1:, 1.389642029156352, 209.75118879634834, -0.6804451330056532
flux1:, 1.390624386026956, 193.94450534016755, -0.6601245465173717
flux1:, 1.3916067428975598, 179.93169942024488, -0.6441359372134827
flux1:, 1.3925890997681638, 167.51213451531677, -0.6320367113926653
flux1:, 1.3935714566387678, 156.445983045807, -0.6232087644603342
flux1:, 1.3945538135093718, 146.54887693502377, -0.6175466035471825
flux1:, 1.3955361703799758, 137.70575879440173, -0.6149190099401969
flux1:, 1.3965185272505796, 129.77555067346404, -0.6148029322017234
flux1:, 1.3975008841211836, 122.6241727484309, -0.6170208134702105
flux1:, 1.3984832409917876, 116.1800137816514, -0.6216516582556653
flux1:, 1.3994655978623916, 110.36793572874474, -0.6283387581049024
flux1:, 1.4004479547329955, 105.09299326998912, -0.636782430825981
flux1:, 1.4014303116035993, 100.30204077572586, -0.6471314811996293
flux1:, 1.4024126684742033, 95.95865132030917, -0.6592461226952395
flux1:, 1.4033950253448073, 92.00006536901357, -0.6727378837422557
flux1:, 1.4043773822154113, 88.38110592606634, -0.6876866386579096
flux1:, 1.4053597390860153, 85.08433509846394, -0.7041666512071337
flux1:, 1.406342095956619, 82.07312185483029, -0.7217972663468178
flux1:, 1.407324452827223, 79.3081873893889, -0.7404914903192844
flux1:, 1.408306809697827, 76.77837217512301, -0.760463730354024
flux1:, 1.409289166568431, 74.46648163364226, -0.7814562015597547
flux1:, 1.410271523439035, 72.34063108767675, -0.8031906997326569
flux1:, 1.4112538803096388, 70.3892562678771, -0.8258895307089722
flux1:, 1.4122362371802428, 68.60743592061895, -0.8494961734532939
flux1:, 1.4132185940508468, 66.9725463876149, -0.8736007607585992
flux1:, 1.4142009509214508, 65.47060766716629, -0.8982842046073056
flux1:, 1.4151833077920548, 64.10228625769824, -0.9236867165660657
flux1:, 1.4161656646626586, 62.85475502638073, -0.9493870596768507
flux1:, 1.4171480215332626, 61.712644849849106, -0.9752132942464713
flux1:, 1.4181303784038666, 60.67700244771158, -1.0013966979210978
flux1:, 1.4191127352744706, 59.74349518221033, -1.0276311537773855
flux1:, 1.4200950921450746, 58.89774545490636, -1.0534635245821788
flux1:, 1.4210774490156786, 58.13806053500888, -1.0790303980472746
flux1:, 1.4220598058862823, 57.46579384652095, -1.1042038856918317
flux1:, 1.4230421627568863, 56.86983057000224, -1.1283170794552795
flux1:, 1.4240245196274903, 56.34474221254456, -1.151203640682107
flux1:, 1.4250068764980943, 55.89403228245014, -1.1728561807547266
flux1:, 1.4259892333686983, 55.51098895941855, -1.1925247998274944
flux1:, 1.4269715902393023, 55.18707083585483, -1.209586597135214
flux1:, 1.427953947109906, 54.924525951644455, -1.2239615109189614
flux1:, 1.42893630398051, 54.720587715548454, -1.2349406312566613
flux1:, 1.429918660851114, 54.564994298281455, -1.2414161695322077
flux1:, 1.430901017721718, 54.45612520776432, -1.2429607687319129
flux1:, 1.431883374592322, 54.39319935325229, -1.2389495182117705
flux1:, 1.4328657314629258, 54.365512816165314, -1.2279286401994651
flux1:, 1.4338480883335298, 54.366125334809105, -1.2089020665272696
flux1:, 1.4348304452041338, 54.393399872749356, -1.1812712866643191
flux1:, 1.4358128020747378, 54.43682714773613, -1.1435498907315624
flux1:, 1.4367951589453418, 54.48407879774466, -1.0942050835646147
flux1:, 1.4377775158159456, 54.53007731263983, -1.032601725232606
flux1:, 1.4387598726865496, 54.56473558943246, -0.9576896284296912
flux1:, 1.4397422295571536, 54.57204037170355, -0.8678766142842465
flux1:, 1.4407245864277576, 54.542751509214796, -0.7626250334954403
flux1:, 1.4417069432983616, 54.46812623597526, -0.6418804792457051
flux1:, 1.4426893001689653, 54.33252455717251, -0.5049171751042707
flux1:, 1.4436716570395693, 54.125152214104745, -0.35175839457131214
flux1:, 1.4446540139101733, 53.84132387202694, -0.1837833613271147
flux1:, 1.4456363707807773, 53.4718938768976, -0.002076110473090689
flux1:, 1.4466187276513813, 53.01005352933873, 0.19222678890824318
flux1:, 1.447601084521985, 52.45872655945339, 0.3964148777639603
flux1:, 1.448583441392589, 51.82054271254805, 0.6074483691767587
flux1:, 1.449565798263193, 51.097471264434105, 0.8230269751961852
flux1:, 1.450548155133797, 50.30082054127565, 1.0400200814999676
flux1:, 1.451530512004401, 49.44495205459772, 1.254530291882281
flux1:, 1.4525128688750049, 48.54035613591408, 1.4638029189028456
flux1:, 1.4534952257456089, 47.6024278784367, 1.6655250624193711
flux1:, 1.4544775826162128, 46.65098201473846, 1.8566036481926207
flux1:, 1.4554599394868168, 45.700082326924445, 2.0347658267278796
flux1:, 1.4564422963574208, 44.76281313949499, 2.1991308975274366
flux1:, 1.4574246532280246, 43.856579369904786, 2.348431850715059
flux1:, 1.4584070100986286, 42.993926912104435, 2.481398722013039
flux1:, 1.4593893669692326, 42.182013580062005, 2.5982666842994666
flux1:, 1.4603717238398366, 41.43125421166733, 2.6995211214830594
flux1:, 1.4613540807104406, 40.750365490858066, 2.784949748629906
flux1:, 1.4623364375810444, 40.1410265803575, 2.8552215242003935
flux1:, 1.4633187944516486, 39.60615988651237, 2.9118411622580975
flux1:, 1.4643011513222524, 39.15048814491224, 2.95550488711494
flux1:, 1.4652835081928564, 38.77263313282846, 2.9868908035586155
flux1:, 1.4662658650634603, 38.469830103374925, 3.0077345390626085
flux1:, 1.4672482219340643, 38.24320999712195, 3.01941478284596
flux1:, 1.4682305788046683, 38.09048261433733, 3.0225986974193213
flux1:, 1.4692129356752721, 38.00562760769518, 3.018743112011828
flux1:, 1.470195292545876, 37.986513681970365, 3.009596346882638
flux1:, 1.47117764941648, 38.03089220761087, 2.995986174125783
flux1:, 1.472160006287084, 38.13167567847205, 2.978918804274674
flux1:, 1.473142363157688, 38.28387600470422, 2.9601280867468236
flux1:, 1.4741247200282919, 38.48516031871186, 2.9406993506870043
flux1:, 1.4751070768988959, 38.728911377711256, 2.921257052374165
flux1:, 1.4760894337694999, 39.00797091449452, 2.9031559809739345
flux1:, 1.4770717906401039, 39.31917811460015, 2.8876282754721077
flux1:, 1.4780541475107078, 39.65701415796999, 2.8750733794685677
flux1:, 1.4790365043813116, 40.01300808919455, 2.86622945327786
flux1:, 1.4800188612519156, 40.38222352743121, 2.8621854325079155
flux1:, 1.4810012181225196, 40.75983232813472, 2.863220828541411
flux1:, 1.4819835749931236, 41.13672964942852, 2.8693949023335854
flux1:, 1.4829659318637276, 41.50535346751047, 2.8813053619444653
flux1:, 1.4839482887343314, 41.860282802515556, 2.8990800753282655
flux1:, 1.4849306456049354, 42.19201560086901, 2.9221727264078248
flux1:, 1.4859130024755394, 42.489948267334064, 2.9504125001592407
flux1:, 1.4868953593461434, 42.74654602935626, 2.983601602697879
flux1:, 1.4878777162167474, 42.95189334951433, 3.0207114217273987
flux1:, 1.4888600730873511, 43.09293252180247, 3.060694545401884
flux1:, 1.4898424299579551, 43.159459095580985, 3.102808030978237
flux1:, 1.4908247868285591, 43.141717526543026, 3.1456739854225217
flux1:, 1.4918071436991631, 43.02659447649968, 3.1875160699816876
flux1:, 1.4927895005697671, 42.80307408908095, 3.226984483531438
flux1:, 1.4937718574403709, 42.46383975201024, 3.262566949698504
flux1:, 1.4947542143109749, 42.000310509387305, 3.2922390446098255
flux1:, 1.4957365711815789, 41.40540041233801, 3.3143601990833274
flux1:, 1.4967189280521829, 40.67818065225755, 3.327691164306172
flux1:, 1.4977012849227869, 39.81982813140086, 3.3307217106302014
flux1:, 1.4986836417933906, 38.83252617323142, 3.322207560965553
flux1:, 1.4996659986639946, 37.72468580846841, 3.3016925445723384
flux1:, 1.5006483555345986, 36.50914596829471, 3.2688666357149114
flux1:, 1.5016307124052026, 35.198735377276265, 3.2235203923274307
flux1:, 1.5026130692758066, 33.809518403559096, 3.1662138993654945
flux1:, 1.5035954261464104, 32.36165162660964, 3.0979372701719763
flux1:, 1.5045777830170146, 30.873876159881693, 3.019586060204927
flux1:, 1.5055601398876184, 29.363747688476426, 2.932427063832099
flux1:, 1.5065424967582224, 27.850655874999994, 2.838164152828668
flux1:, 1.5075248536288264, 26.351967822549163, 2.7382810118531373
flux1:, 1.5085072104994304, 24.880783931013138, 2.634146920239525
flux1:, 1.5094895673700344, 23.44970189660493, 2.5273921457385433
flux1:, 1.5104719242406381, 22.07004413329232, 2.419456769031779
flux1:, 1.5114542811112421, 20.748428677243137, 2.311375685452146
flux1:, 1.5124366379818461, 19.48951748084652, 2.2042315740790994
flux1:, 1.5134189948524501, 18.29799292339838, 2.099055980765485
flux1:, 1.5144013517230541, 17.175353152934274, 1.9964496188884129
flux1:, 1.515383708593658, 16.12055361968055, 1.896889561751219
flux1:, 1.516366065464262, 15.133348215840488, 1.800929762595442
flux1:, 1.5173484223348659, 14.212433771376334, 1.708841419180159
flux1:, 1.5183307792054699, 13.35403771551466, 1.620671987993169
flux1:, 1.5193131360760739, 12.555076404683676, 1.5365860208124373
flux1:, 1.5202954929466777, 11.813145163006883, 1.4566616978535754
flux1:, 1.5212778498172816, 11.123976466623366, 1.380734260607777
flux1:, 1.5222602066878856, 10.483292524604948, 1.3087096943075762
flux1:, 1.5232425635584896, 9.88839218388253, 1.2405626613520297
flux1:, 1.5242249204290936, 9.335685560170981, 1.1760776555433865
flux1:, 1.5252072772996974, 8.820813027536085, 1.115024061731996
flux1:, 1.5261896341703014, 8.341024166630913, 1.0573140451491412
flux1:, 1.5271719910409054, 7.893746692413845, 1.0027663090021286
flux1:, 1.5281543479115094, 7.475239847224779, 0.951110666036291
flux1:, 1.5291367047821134, 7.082779815216953, 0.9022143578848423
flux1:, 1.5301190616527172, 6.714664154027165, 0.8559542248065323
flux1:, 1.5311014185233212, 6.368149655902509, 0.8120881415160268
flux1:, 1.5320837753939252, 6.040665788475671, 0.7704535412064392
flux1:, 1.5330661322645291, 5.731045689990091, 0.7309736776142592
flux1:, 1.5340484891351331, 5.437641266093792, 0.6934718381407677
flux1:, 1.535030846005737, 5.158254818625326, 0.6577763841160246
flux1:, 1.536013202876341, 4.891947243799383, 0.6238324543846472
flux1:, 1.536995559746945, 4.6380199030411555, 0.5915380826746993
flux1:, 1.537977916617549, 4.394880982953216, 0.5607365047054814
flux1:, 1.538960273488153, 4.161649888991548, 0.53137297630327
flux1:, 1.5399426303587567, 3.938259956036375, 0.5034076120378138
flux1:, 1.5409249872293607, 3.723853140631225, 0.4767187235760837
flux1:, 1.5419073440999647, 3.5175913691377287, 0.45124028621717777
flux1:, 1.5428897009705687, 3.3196601393979996, 0.42696882416240184
flux1:, 1.5438720578411727, 3.129879534029693, 0.4038278972536797
flux1:, 1.5448544147117764, 2.947534006811522, 0.38174032062238517
flux1:, 1.5458367715823806, 2.7727394709632502, 0.3607107051613941
flux1:, 1.5468191284529844, 2.6057649635961595, 0.34070586074366876
flux1:, 1.5478014853235884, 2.4461091751178, 0.32164613406461995
flux1:, 1.5487838421941924, 2.293642385559892, 0.30352193613616996
flux1:, 1.5497661990647964, 2.1487714653226617, 0.28633079682067786
flux1:, 1.5507485559354004, 2.011246372610597, 0.27000296790845135
flux1:, 1.5517309128060042, 1.8806824213072, 0.2545043258669554
flux1:, 1.5527132696766082, 1.7573506883998276, 0.2398448337347104
flux1:, 1.5536956265472122, 1.641211671880628, 0.22597495852726932
flux1:, 1.5546779834178162, 1.5317368013852926, 0.2128386931054189
flux1:, 1.5556603402884202, 1.4289105162401976, 0.20044039847725892
flux1:, 1.556642697159024, 1.3328041595301696, 0.18875455424987997
flux1:, 1.557625054029628, 1.242895610451436, 0.17771553289786618
flux1:, 1.558607410900232, 1.1588746011846034, 0.1673097922157035
flux1:, 1.559589767770836, 1.080806225964985, 0.15753140793509374
flux1:, 1.56057212464144, 1.0082911225061104, 0.14832069883331317
flux1:, 1.5615544815120437, 0.9408224837344895, 0.13964308140555373
flux1:, 1.5625368383826477, 0.8783661906268349, 0.13150151869102047
flux1:, 1.5635191952532517, 0.82069025211707, 0.12385435084669374
flux1:, 1.5645015521238557, 0.7672337834700279, 0.11665194873751379
flux1:, 1.5654839089944597, 0.7178205445480432, 0.10989384008829359
flux1:, 1.5664662658650634, 0.6723600680453992, 0.10356058707155355
flux1:, 1.5674486227356674, 0.6303664846726723, 0.09759938077661212
flux1:, 1.5684309796062714, 0.5915339065610856, 0.09199751383765156
flux1:, 1.5694133364768754, 0.5558443014430265, 0.08675336869684838
flux1:, 1.5703956933474794, 0.5229660355867803, 0.0818234471003151
flux1:, 1.5713780502180832, 0.49251910907795227, 0.07718087146017588
flux1:, 1.5723604070886872, 0.46448107975586983, 0.07283178747750593
flux1:, 1.5733427639592912, 0.4386922919447806, 0.06875015151185365
flux1:, 1.5743251208298952, 0.41477438544386386, 0.06489994677773596
flux1:, 1.5753074777004992, 0.39264553573619193, 0.061284253435342335
flux1:, 1.576289834571103, 0.3722833027186726, 0.0578955973004804
flux1:, 1.577272191441707, 0.35338153890409174, 0.054697962281992904
flux1:, 1.578254548312311, 0.33578175869383753, 0.05168428743775415
flux1:, 1.579236905182915, 0.31953332963123676, 0.048860191678784116
flux1:, 1.580219262053519, 0.30444705495736296, 0.0461986283478301
flux1:, 1.5812016189241227, 0.29030827183441127, 0.04368141317134067
flux1:, 1.5821839757947267, 0.27716831197560876, 0.04131820785090996
flux1:, 1.5831663326653307, 0.26496319765326226, 0.03909600979553484
flux1:, 1.5841486895359347, 0.25346753893177587, 0.03699011393484046
flux1:, 1.5851310464065387, 0.24268303191880716, 0.035005645613339055
flux1:, 1.5861134032771425, 0.23264422109391425, 0.0331431439958982
flux1:, 1.5870957601477467, 0.22316581918286618, 0.03137881689155485
flux1:, 1.5880781170183504, 0.21417982300660016, 0.029708453449850385
flux1:, 1.5890604738889544, 0.20576977178926445, 0.028140864179407088
flux1:, 1.5900428307595584, 0.19782762798473308, 0.02665988049249893
flux1:, 1.5910251876301624, 0.19022847079754854, 0.0252522718991233
flux1:, 1.5920075445007664, 0.18305058097573434, 0.02392774387843142
flux1:, 1.5929899013713702, 0.1762743280710148, 0.02268094423210599
flux1:, 1.5939722582419742, 0.169753886431691, 0.021494135121860245
flux1:, 1.5949546151125782, 0.1635211187804961, 0.020371644726457017
flux1:, 1.5959369719831822, 0.15762790241981187, 0.01931763678595536
flux1:, 1.5969193288537862, 0.15195054815882755, 0.018316053945064054
flux1:, 1.59790168572439, 0.14645820175635305, 0.01736305717257371
flux1:, 1.598884042594994, 0.14123723924420967, 0.01646756656888138
flux1:, 1.599866399465598, 0.13621939371100422, 0.01562017710701783
flux1:, 1.600848756336202, 0.13132192737522227, 0.014810229094897154
flux1:, 1.601831113206806, 0.12662300867666976, 0.014045561738706035
flux1:, 1.6028134700774097, 0.12212171415061994, 0.013325160946928195
flux1:, 1.6037958269480137, 0.11771409358606884, 0.012635875321078727
flux1:, 1.6047781838186177, 0.11343703939263247, 0.011980130253643076
flux1:, 1.6057605406892217, 0.10934471487513565, 0.011363423402087623
flux1:, 1.6067428975598257, 0.10534881178213658, 0.01077513277063628
flux1:, 1.6077252544304295, 0.10143221666707211, 0.010211088341940922
flux1:, 1.6087076113010335, 0.09767409782346836, 0.009679046947158319
flux1:, 1.6096899681716375, 0.0940301237200019, 0.009174310862797151
flux1:, 1.6106723250422414, 0.0904392165910253, 0.00868816616909769
flux1:, 1.6116546819128454, 0.08697022661749955, 0.008226160593876998
flux1:, 1.6126370387834492, 0.08363235205957842, 0.007789968554116397
flux1:, 1.6136193956540532, 0.08034709680784079, 0.007370246447426991
flux1:, 1.6146017525246572, 0.0771461144873865, 0.006967652891973361
flux1:, 1.6155841093952612, 0.07408071736814112, 0.006587910694724181
flux1:, 1.6165664662658652, 0.07108597367085707, 0.006224774430036955
flux1:, 1.617548823136469, 0.06814731394416491, 0.005874061309733567
flux1:, 1.618531180007073, 0.06533204221746945, 0.0055418768515111605
flux1:, 1.619513536877677, 0.06261144080647557, 0.00522691798561275
flux1:, 1.620495893748281, 0.05993517408677897, 0.0049224873126294
flux1:, 1.621478250618885, 0.05735734863736663, 0.004631929130801403
flux1:, 1.6224606074894887, 0.05489147202411165, 0.004358262627751461
flux1:, 1.6234429643600927, 0.052475090440775314, 0.00409542890579315
flux1:, 1.6244253212306967, 0.050128745182301045, 0.0038427381645116812
flux1:, 1.6254076781013007, 0.04789676433353037, 0.0036051168553684365
flux1:, 1.6263900349719047, 0.04573036069737434, 0.0033795030610651484
flux1:, 1.6273723918425085, 0.04361214893744791, 0.0031620239742066562
flux1:, 1.6283547487131127, 0.04159492203780996, 0.0029567187189871954
flux1:, 1.6293371055837165, 0.03966066898222946, 0.002764112642629623
flux1:, 1.6303194624543205, 0.03776560825663068, 0.0025793296941136836
flux1:, 1.6313018193249245, 0.03594805215674987, 0.0024037009809815186
flux1:, 1.6322841761955285, 0.03422316318538962, 0.0022402014329801325
flux1:, 1.6332665330661325, 0.03254151063247784, 0.0020851807043572603
flux1:, 1.6342488899367362, 0.03091288934866437, 0.0019370618336867808
flux1:, 1.6352312468073402, 0.029374134452380535, 0.0017992603727646232
flux1:, 1.6362136036779442, 0.027890393903515456, 0.001670575707830866
flux1:, 1.6371959605485482, 0.026442508478870298, 0.0015477013404731014
flux1:, 1.6381783174191522, 0.02507016414365238, 0.0014327166501811811
flux1:, 1.639160674289756, 0.023764465059173668, 0.0013267265186049425
flux1:, 1.64014303116036, 0.022488860098437802, 0.0012264134612101
flux1:, 1.641125388030964, 0.02126860676497294, 0.0011317452851264697
flux1:, 1.642107744901568, 0.020119759405408805, 0.0010449790220922218
flux1:, 1.643090101772172, 0.019005451596950603, 0.0009641335292382199
flux1:, 1.6440724586427757, 0.017927829618196403, 0.0008874278520989388
flux1:, 1.6450548155133797, 0.016916704746792677, 0.0008168647081049107
flux1:, 1.6460371723839837, 0.015949510156743563, 0.0007522405765159937
flux1:, 1.6470195292545877, 0.01500760996370737, 0.000691103136559328
flux1:, 1.6480018861251917, 0.01411943645875582, 0.0006342460389670452
flux1:, 1.6489842429957955, 0.013283063291847166, 0.0005827880602935217
flux1:, 1.6499665998663995, 0.012469748514058658, 0.0005347394203868
flux1:, 1.6509489567370035, 0.011694500582269724, 0.0004895135368442226
flux1:, 1.6519313136076075, 0.01097270113275961, 0.00044862264156815903
flux1:, 1.6529136704782115, 0.010278647959936769, 0.000411200843685251
flux1:, 1.6538960273488152, 0.009609600656220223, 0.00037578352120406854
flux1:, 1.6548783842194192, 0.008988247993691332, 0.00034341382318017803
flux1:, 1.6558607410900232, 0.008401511783049839, 0.0003143555733568014
flux1:, 1.6568430979606272, 0.007832833827807162, 0.00028704710981690185
flux1:, 1.6578254548312312, 0.007300962512271951, 0.00026164119588225574
flux1:, 1.658807811701835, 0.006807984930943867, 0.00023904500872345985
flux1:, 1.659790168572439, 0.006332560115153222, 0.00021823544083061374
flux1:, 1.660772525443043, 0.005882039108368838, 0.0001985713874993525
flux1:, 1.661754882313647, 0.005469372404258642, 0.00018097119171765273
flux1:, 1.662737239184251, 0.005077756469415584, 0.00016519163826214848
flux1:, 1.6637195960548548, 0.004701953305273368, 0.00015023148125704302
flux1:, 1.6647019529254587, 0.004357784171614137, 0.00013656358877903556
flux1:, 1.6656843097960627, 0.004038549719700081, 0.00012456788714303833
flux1:, 1.6666666666666667, 0.003730770455472728, 0.00011336789013607947
