flux1:, 1.1764705882352942, 0.0027078977370690806, 0.0008285437816056186
flux1:, 1.1774529451058982, 0.0028995497498465225, 0.0008808287009269804
flux1:, 1.1784353019765021, 0.0030949366571495183, 0.0009443595851563804
flux1:, 1.179417658847106, 0.0033040346682830786, 0.001012185579698348
flux1:, 1.18040001571771, 0.0035306560579252853, 0.001079341259282689
flux1:, 1.181382372588314, 0.0037630771046667333, 0.0011581215445679379
flux1:, 1.182364729458918, 0.004006091936053699, 0.0012479241216475441
flux1:, 1.183347086329522, 0.004271025973794478, 0.0013375181529892072
flux1:, 1.1843294432001257, 0.004547222834237776, 0.0014369031390206223
flux1:, 1.1853118000707297, 0.004830888624706752, 0.0015546769227968505
flux1:, 1.1862941569413337, 0.005137811867356491, 0.0016772064555462254
flux1:, 1.1872765138119377, 0.005464045390181537, 0.0018069902906696221
flux1:, 1.1882588706825417, 0.005797078765062871, 0.0019615134131279487
flux1:, 1.1892412275531457, 0.006151401696131562, 0.0021314204680345297
flux1:, 1.1902235844237494, 0.006533822317210965, 0.0023084621272463
flux1:, 1.1912059412943534, 0.006927160820378438, 0.0025145860781400626
flux1:, 1.1921882981649574, 0.007338400822533441, 0.0027523804453058577
flux1:, 1.1931706550355614, 0.007785704907966208, 0.0030039787889967187
flux1:, 1.1941530119061654, 0.008254912610675024, 0.0032875171083389765
flux1:, 1.1951353687767692, 0.008742151578699623, 0.00362281354192674
flux1:, 1.1961177256473732, 0.009274133049325358, 0.003989096342144815
flux1:, 1.1971000825179772, 0.009849681540783329, 0.004389693572195009
flux1:, 1.1980824393885812, 0.010457094885022042, 0.004858557275679706
flux1:, 1.1990647962591852, 0.011128002090234441, 0.005380977202825622
flux1:, 1.200047153129789, 0.01188471568439496, 0.005931401132477513
flux1:, 1.201029510000393, 0.012717439279734273, 0.006535332656423451
flux1:, 1.202011866870997, 0.013657010741422313, 0.0071831971606277824
flux1:, 1.202994223741601, 0.014748473544457812, 0.007805463273722075
flux1:, 1.203976580612205, 0.015980798158530967, 0.008380887911504147
flux1:, 1.2049589374828087, 0.01735114740294056, 0.008906351076996841
flux1:, 1.2059412943534127, 0.01888664107418228, 0.009309635883927856
flux1:, 1.2069236512240167, 0.02054907842725675, 0.009555709210696213
flux1:, 1.2079060080946207, 0.022276065348531358, 0.009705115559002503
flux1:, 1.2088883649652247, 0.02407551228440247, 0.009779046504195723
flux1:, 1.2098707218358287, 0.025938782479813943, 0.009767773104903761
flux1:, 1.2108530787064324, 0.0278103870498219, 0.00974819527297516
flux1:, 1.2118354355770364, 0.029714224805265962, 0.009783325118177436
flux1:, 1.2128177924476404, 0.031703989126233366, 0.009840730924410198
flux1:, 1.2138001493182444, 0.033746882785801596, 0.009938042814581891
flux1:, 1.2147825061888484, 0.03584573433414019, 0.010139652007221672
flux1:, 1.2157648630594522, 0.03808192795885759, 0.010411009511713165
flux1:, 1.2167472199300562, 0.04044710894608866, 0.010719896020499704
flux1:, 1.2177295768006602, 0.042903661475810276, 0.011130948469795069
flux1:, 1.2187119336712642, 0.04553171831819202, 0.011639513380330814
flux1:, 1.2196942905418682, 0.04836470070133268, 0.012181675175102304
flux1:, 1.220676647412472, 0.05133499993018969, 0.012810143284332663
flux1:, 1.221659004283076, 0.05449507972317673, 0.013566252721072784
flux1:, 1.22264136115368, 0.057930615606798186, 0.014372064833307508
flux1:, 1.223623718024284, 0.061570784641121375, 0.015247452985625364
flux1:, 1.224606074894888, 0.06541591403329323, 0.016284403328074248
flux1:, 1.2255884317654917, 0.06959776426236475, 0.01741806373831145
flux1:, 1.2265707886360957, 0.07407902152960269, 0.018614472800443295
flux1:, 1.2275531455066997, 0.07879297374483683, 0.020007756967309467
flux1:, 1.2285355023773037, 0.08389342149824079, 0.021587327271007175
flux1:, 1.2295178592479077, 0.08941791610148758, 0.02325521832884973
flux1:, 1.2305002161185117, 0.09523614542366032, 0.025162757002417963
flux1:, 1.2314825729891155, 0.1014870921988466, 0.02741063722716462
flux1:, 1.2324649298597194, 0.10832857296387202, 0.02985514270723186
flux1:, 1.2334472867303234, 0.11560256919500844, 0.03262638927080409
flux1:, 1.2344296436009274, 0.12340601363306579, 0.0360174431762299
flux1:, 1.2354120004715314, 0.1321020407968039, 0.03991994641849803
flux1:, 1.2363943573421352, 0.14164392988341942, 0.04440577773198689
flux1:, 1.2373767142127392, 0.1522103611636564, 0.050088271811745716
flux1:, 1.2383590710833432, 0.1648089482622068, 0.05706036814027761
flux1:, 1.2393414279539472, 0.18031511960429256, 0.06509695343811368
flux1:, 1.2403237848245512, 0.20026733173635053, 0.07457797294070603
flux1:, 1.241306141695155, 0.2283496222825337, 0.08365798987480313
flux1:, 1.242288498565759, 0.2654190478185548, 0.0857235715328252
flux1:, 1.243270855436363, 0.3030080271304613, 0.07557467261742341
flux1:, 1.244253212306967, 0.329405610046636, 0.05764050381623713
flux1:, 1.245235569177571, 0.3428172324927188, 0.04218728200456805
flux1:, 1.2462179260481747, 0.35149307354909864, 0.03434503080216241
flux1:, 1.2472002829187787, 0.36216351483072545, 0.03207003174258606
flux1:, 1.2481826397893827, 0.3757307007077708, 0.03251328871453888
flux1:, 1.2491649966599867, 0.3920227577382299, 0.034746862624937244
flux1:, 1.2501473535305907, 0.4115005846081471, 0.03800651981326186
flux1:, 1.2511297104011945, 0.43365267611535024, 0.041598811436190444
flux1:, 1.2521120672717985, 0.45795234609039676, 0.04561470785728611
flux1:, 1.2530944241424025, 0.48476532735281697, 0.05006054453845322
flux1:, 1.2540767810130065, 0.5140612427848577, 0.05461387964184132
flux1:, 1.2550591378836105, 0.5454675597711237, 0.059374274192613416
flux1:, 1.2560414947542144, 0.5792806188105436, 0.0645257377440282
flux1:, 1.2570238516248182, 0.6157412751631864, 0.06986079219257102
flux1:, 1.2580062084954222, 0.654599311854354, 0.07536280414166281
flux1:, 1.2589885653660262, 0.6960289628409247, 0.08126473474100579
flux1:, 1.2599709222366302, 0.7404146068537177, 0.08747616195263197
flux1:, 1.2609532791072342, 0.7876478194867343, 0.09387882380354227
flux1:, 1.261935635977838, 0.8377870224229507, 0.10067654668051025
flux1:, 1.262917992848442, 0.8912753727117892, 0.10790456162499878
flux1:, 1.263900349719046, 0.9481707712433172, 0.11539869972747337
flux1:, 1.26488270658965, 1.0084531757505342, 0.12327779324117061
flux1:, 1.265865063460254, 1.072559834467169, 0.13168038922251363
flux1:, 1.266847420330858, 1.1407291864033582, 0.14046423945289513
flux1:, 1.2678297772014617, 1.2129225206286092, 0.1496398972320622
flux1:, 1.2688121340720657, 1.2895214949196563, 0.1593974302194568
flux1:, 1.2697944909426697, 1.3709352742983485, 0.16967311902093682
flux1:, 1.2707768478132737, 1.4571784629108635, 0.18038485796658296
flux1:, 1.2717592046838777, 1.5485527372784749, 0.1917095523792853
flux1:, 1.2727415615544815, 1.645608205729209, 0.2036881937567671
flux1:, 1.2737239184250855, 1.7484867712256404, 0.216194040566021
flux1:, 1.2747062752956895, 1.857413514515947, 0.22933598413209597
flux1:, 1.2756886321662935, 1.973031349539423, 0.24324744367689088
flux1:, 1.2766709890368975, 2.095674617954364, 0.2578195683264539
flux1:, 1.2776533459075012, 2.2255284819762235, 0.2730676021580342
flux1:, 1.2786357027781052, 2.363271004735354, 0.28917236530835333
flux1:, 1.2796180596487092, 2.509472970808525, 0.3060966790137495
flux1:, 1.2806004165193132, 2.66434988720091, 0.3237744550214762
flux1:, 1.2815827733899172, 2.828560959626936, 0.3423740381234955
flux1:, 1.282565130260521, 3.0029247105462558, 0.3619550471943647
flux1:, 1.283547487131125, 3.187784485307564, 0.38241472397466597
flux1:, 1.284529844001729, 3.3837476907191966, 0.40385763879407977
flux1:, 1.285512200872333, 3.591852124772115, 0.42642780684408244
flux1:, 1.286494557742937, 3.8126789932473155, 0.45004477708936647
flux1:, 1.2874769146135407, 4.046790968591147, 0.47472655434248173
flux1:, 1.2884592714841447, 4.295378682742617, 0.5006573828169137
flux1:, 1.2894416283547487, 4.559360374397432, 0.5278288290980858
flux1:, 1.2904239852253527, 4.839315891702629, 0.5561865939756204
flux1:, 1.2914063420959567, 5.136498872797633, 0.5858975356911096
flux1:, 1.2923886989665605, 5.452224463151065, 0.6170459024203195
flux1:, 1.2933710558371645, 5.787209954931667, 0.6495499929753483
flux1:, 1.2943534127077685, 6.1426872088009805, 0.6835117716601546
flux1:, 1.2953357695783725, 6.520362906097078, 0.7190917638776319
flux1:, 1.2963181264489765, 6.921256286506105, 0.7562375113787169
flux1:, 1.2973004833195805, 7.346537513206924, 0.7949679879792355
flux1:, 1.2982828401901843, 7.798222969767031, 0.8354736465569443
flux1:, 1.2992651970607882, 8.277806438041157, 0.8777758162274771
flux1:, 1.3002475539313922, 8.78643682840239, 0.9218287476608242
flux1:, 1.3012299108019962, 9.326290208623313, 0.9677960220322896
flux1:, 1.3022122676726002, 9.899462997748149, 1.0157864017481104
flux1:, 1.303194624543204, 10.507232444909805, 1.0657356654788899
flux1:, 1.304176981413808, 11.151764371339667, 1.11773694146099
flux1:, 1.305159338284412, 11.83578487943953, 1.1719630996476482
flux1:, 1.306141695155016, 12.560947622592252, 1.2283852649838154
flux1:, 1.30712405202562, 13.329289597872496, 1.287013993127804
flux1:, 1.308106408896224, 14.14405426093413, 1.348035861844297
flux1:, 1.3090887657668278, 15.007564073943186, 1.4114947859010374
flux1:, 1.3100711226374318, 15.921742941752274, 1.4773423370986383
flux1:, 1.3110534795080357, 16.89011122002019, 1.545722576142636
flux1:, 1.3120358363786397, 17.915908265979883, 1.6167561843978813
flux1:, 1.3130181932492437, 19.001159977866184, 1.6903838969684648
flux1:, 1.3140005501198475, 20.149369632569996, 1.7666694802379002
flux1:, 1.3149829069904515, 21.364791225549148, 1.845778452815116
flux1:, 1.3159652638610555, 22.649974173528424, 1.9276910059735946
flux1:, 1.3169476207316595, 24.008197468054878, 2.012387468122017
flux1:, 1.3179299776022635, 25.44460641575573, 2.100024108019504
flux1:, 1.3189123344728673, 26.96282712274897, 2.190649414827215
flux1:, 1.3198946913434713, 28.565964967609354, 2.284192550378136
flux1:, 1.3208770482140753, 30.25973062924645, 2.3807486235100184
flux1:, 1.3218594050846793, 32.049361937133426, 2.480427970306251
flux1:, 1.3228417619552832, 33.93824077455168, 2.583160945777562
flux1:, 1.323824118825887, 35.932261517666646, 2.688955955218323
flux1:, 1.324806475696491, 38.03861637745029, 2.7979463785763934
flux1:, 1.325788832567095, 40.261856907188346, 2.9101115456369153
flux1:, 1.326771189437699, 42.6078980798973, 3.025386740709738
flux1:, 1.327753546308303, 45.085928541793194, 3.1438765108464324
flux1:, 1.3287359031789068, 47.70290593583166, 3.2656301352179735
flux1:, 1.3297182600495108, 50.465164697512385, 3.390557424104002
flux1:, 1.3307006169201148, 53.383696053471354, 3.5186963625517307
flux1:, 1.3316829737907188, 56.46921900329922, 3.6501519304969734
flux1:, 1.3326653306613228, 59.72975695727322, 3.7848694401197713
flux1:, 1.3336476875319265, 63.177991578799165, 3.9228193414746633
flux1:, 1.3346300444025305, 66.82963017030767, 4.06412382203137
flux1:, 1.3356124012731345, 70.6966881097428, 4.208811944763209
flux1:, 1.3365947581437385, 74.79409145547079, 4.356829316851445
flux1:, 1.3375771150143425, 79.14354328637947, 4.50827910919056
flux1:, 1.3385594718849465, 83.76434260559567, 4.663292610734135
flux1:, 1.3395418287555503, 88.6756518509904, 4.821865538368578
flux1:, 1.3405241856261543, 93.90622708912348, 4.984079233535473
flux1:, 1.3415065424967583, 99.48670869715691, 5.150159344086004
flux1:, 1.3424888993673623, 105.44470096484997, 5.3202365039236055
flux1:, 1.3434712562379663, 111.81786954008192, 5.494423284011154
flux1:, 1.34445361310857, 118.65269477749649, 5.673032373069783
flux1:, 1.345435969979174, 125.99204437990018, 5.856406541357413
flux1:, 1.346418326849778, 133.88611844780175, 6.044804721326202
flux1:, 1.347400683720382, 142.40148270554596, 6.238661015137328
flux1:, 1.348383040590986, 151.60461549428396, 6.438600065846132
flux1:, 1.34936539746159, 161.56312916125566, 6.645191483331378
flux1:, 1.3503477543321938, 172.36429692562345, 6.8590961198070275
flux1:, 1.3513301112027978, 184.10099245537643, 7.081284621198404
flux1:, 1.3523124680734018, 196.85482088675656, 7.312788666362904
flux1:, 1.3532948249440058, 210.7133025131013, 7.554598132149658
flux1:, 1.3542771818146098, 225.7608773652678, 7.80794396822888
flux1:, 1.3552595386852135, 242.0320924407644, 8.07411573629214
flux1:, 1.3562418955558175, 259.4951732169487, 8.353932135086255
flux1:, 1.3572242524264215, 278.0269628569183, 8.647641206602414
flux1:, 1.3582066092970255, 297.30792958602234, 8.954493151293722
flux1:, 1.3591889661676295, 316.70868275311267, 9.271249791088103
flux1:, 1.3601713230382333, 335.20508021391237, 9.590666390412533
flux1:, 1.3611536799088373, 351.24917862161635, 9.900117569688728
flux1:, 1.3621360367794413, 362.7009156424482, 10.179445103950366
flux1:, 1.3631183936500453, 367.0704458745576, 10.399960937839547
flux1:, 1.3641007505206493, 362.1336219792787, 10.52789424530545
flux1:, 1.365083107391253, 346.82189454713676, 10.53186131215415
flux1:, 1.366065464261857, 322.13351862569317, 10.391569600432694
flux1:, 1.367047821132461, 291.43446491982667, 10.104524557319655
flux1:, 1.368030178003065, 259.6580178125971, 9.684830532893526
flux1:, 1.369012534873669, 231.90400627636856, 9.151340180450317
flux1:, 1.3699948917442728, 212.41014302285004, 8.514341493715987
flux1:, 1.3709772486148768, 204.18224181781767, 7.771997219066924
flux1:, 1.3719596054854808, 208.9676583685193, 6.916604841685302
flux1:, 1.3729419623560848, 227.13327201285063, 5.95067863356859
flux1:, 1.3739243192266888, 256.87364765160186, 4.918113201693034
flux1:, 1.3749066760972926, 293.00026799954225, 3.9319159820641376
flux1:, 1.3758890329678966, 327.3187852686895, 3.151953276662698
flux1:, 1.3768713898385005, 351.9911203219237, 2.7023701898067403
flux1:, 1.3778537467091045, 363.57855293335535, 2.595831975093183
flux1:, 1.3788361035797085, 363.92065425956946, 2.7382166701182484
flux1:, 1.3798184604503125, 357.49846869073554, 3.0005858064542745
flux1:, 1.3808008173209163, 348.45576270183255, 3.2822809613284143
flux1:, 1.3817831741915203, 339.47366786703583, 3.5251088138302067
flux1:, 1.3827655310621243, 331.95789526448726, 3.7012240399130567
flux1:, 1.3837478879327283, 326.44567557123617, 3.8020837670813736
flux1:, 1.3847302448033323, 322.9765626664021, 3.829581906402155
flux1:, 1.3857126016739363, 321.39664708655977, 3.7879121423733837
flux1:, 1.38669495854454, 321.48723636122867, 3.6815675967981165
flux1:, 1.387677315415144, 322.997746855182, 3.5163692891361964
flux1:, 1.388659672285748, 325.6944585712987, 3.297307419537197
flux1:, 1.389642029156352, 329.38331821916415, 3.027283630288409
flux1:, 1.390624386026956, 333.89225577931785, 2.709562270248102
flux1:, 1.3916067428975598, 339.07003056020307, 2.3478408827763104
flux1:, 1.3925890997681638, 344.79536491480985, 1.94396445028003
flux1:, 1.3935714566387678, 350.96755287381444, 1.4993263420876963
flux1:, 1.3945538135093718, 357.4988162325512, 1.0167122450974724
flux1:, 1.3955361703799758, 364.3175407284581, 0.49805154560406917
flux1:, 1.3965185272505796, 371.36623553252343, -0.05614176719637003
flux1:, 1.3975008841211836, 378.5970840321469, -0.644014876854426
flux1:, 1.3984832409917876, 385.971670816742, -1.2632268234466524
flux1:, 1.3994655978623916, 393.45998819176015, -1.9133298726165924
flux1:, 1.4004479547329955, 401.03972072180267, -2.593541196753221
flux1:, 1.4014303116035993, 408.69605153543375, -3.301468743135513
flux1:, 1.4024126684742033, 416.418977099125, -4.036177973285278
flux1:, 1.4033950253448073, 424.20344837411056, -4.797836176597928
flux1:, 1.4043773822154113, 432.05153618368706, -5.58469238717931
flux1:, 1.4053597390860153, 439.96902116507226, -6.395173858946826
flux1:, 1.406342095956619, 447.9634978461564, -7.229912639610195
flux1:, 1.407324452827223, 456.0485426106742, -8.088393104859176
flux1:, 1.408306809697827, 464.2421065462207, -8.968719186109261
flux1:, 1.409289166568431, 472.5616976648785, -9.871296659838286
flux1:, 1.410271523439035, 481.0281984295115, -10.796970133910559
flux1:, 1.4112538803096388, 489.66783712302504, -11.744168121313933
flux1:, 1.4122362371802428, 498.50591286386174, -12.71248200669699
flux1:, 1.4132185940508468, 507.56762773402045, -13.703596796615548
flux1:, 1.4142009509214508, 516.8833364637711, -14.716903838662674
flux1:, 1.4151833077920548, 526.4835607551465, -15.750961904675913
flux1:, 1.4161656646626586, 536.3955592154747, -16.807219188463552
flux1:, 1.4171480215332626, 546.6495445228803, -17.886205935823824
flux1:, 1.4181303784038666, 557.2773385241835, -18.985639229822144
flux1:, 1.4191127352744706, 568.3054867162854, -20.105394238766177
flux1:, 1.4200950921450746, 579.7592778377032, -21.246455860034807
flux1:, 1.4210774490156786, 591.6656201679878, -22.40600745907985
flux1:, 1.4220598058862823, 604.0451495090042, -23.581102153167453
flux1:, 1.4230421627568863, 616.9115587189893, -24.771452468118976
flux1:, 1.4240245196274903, 630.2770642272961, -25.97354955444062
flux1:, 1.4250068764980943, 644.1463296240123, -27.180649706820425
flux1:, 1.4259892333686983, 658.510438825796, -28.388558034965715
flux1:, 1.4269715902393023, 673.3517848513947, -29.591786119624416
flux1:, 1.427953947109906, 688.6416416962815, -30.778994866811164
flux1:, 1.42893630398051, 704.3303226078822, -31.93904491743063
flux1:, 1.429918660851114, 720.3483623863432, -33.06173451714134
flux1:, 1.430901017721718, 736.6079756830899, -34.13026957114034
flux1:, 1.431883374592322, 752.9929085162347, -35.12411597062092
flux1:, 1.4328657314629258, 769.35490612122, -36.02488556605238
flux1:, 1.4338480883335298, 785.5184888845538, -36.809662507554194
flux1:, 1.4348304452041338, 801.2756163169915, -37.448436417802625
flux1:, 1.4358128020747378, 816.380505626702, -37.912983069604294
flux1:, 1.4367951589453418, 830.5582413905776, -38.175565363998615
flux1:, 1.4377775158159456, 843.5103451419078, -38.20181269742097
flux1:, 1.4387598726865496, 854.915099795018, -37.958353320021224
flux1:, 1.4397422295571536, 864.4419771486479, -37.41935157565795
flux1:, 1.4407245864277576, 871.7717782810761, -36.558912062479806
flux1:, 1.4417069432983616, 876.6080879851698, -35.35297698790888
flux1:, 1.4426893001689653, 878.6955379968801, -33.79133475812837
flux1:, 1.4436716570395693, 877.8474178558256, -31.874264698543637
flux1:, 1.4446540139101733, 873.9616923848779, -29.60629263477796
flux1:, 1.4456363707807773, 867.0299370175129, -27.00632687388537
flux1:, 1.4466187276513813, 857.1516587208088, -24.110467353413
flux1:, 1.447601084521985, 844.5371963542741, -20.959707690188214
flux1:, 1.448583441392589, 829.4931043016886, -17.600880072172746
flux1:, 1.449565798263193, 812.4088840646659, -14.094090224292716
flux1:, 1.450548155133797, 793.7416018966907, -10.50163963609827
flux1:, 1.451530512004401, 773.9859125951407, -6.8790149017543785
flux1:, 1.4525128688750049, 753.6459864333358, -3.283336273885043
flux1:, 1.4534952257456089, 733.2185662836577, 0.2287956126696963
flux1:, 1.4544775826162128, 713.1718006227578, 3.6143594632295444
flux1:, 1.4554599394868168, 693.9245780318104, 6.839216842623277
flux1:, 1.4564422963574208, 675.8415823603576, 9.87014063314807
flux1:, 1.4574246532280246, 659.2316027614522, 12.684655273152845
flux1:, 1.4584070100986286, 644.3408684056409, 15.273552422814676
flux1:, 1.4593893669692326, 631.3565732910016, 17.62866424768878
flux1:, 1.4603717238398366, 620.4173230514148, 19.744938480074893
flux1:, 1.4613540807104406, 611.6150491718219, 21.629188240309446
flux1:, 1.4623364375810444, 604.9982867598278, 23.291237902123257
flux1:, 1.4633187944516486, 600.5841529709155, 24.737939735068675
flux1:, 1.4643011513222524, 598.3636090744521, 25.983112882724456
flux1:, 1.4652835081928564, 598.3009607721095, 27.04651648014084
flux1:, 1.4662658650634603, 600.3415699700478, 27.943434119210597
flux1:, 1.4672482219340643, 604.4183947475971, 28.690222675648794
flux1:, 1.4682305788046683, 610.4492476225463, 29.310676075142556
flux1:, 1.4692129356752721, 618.3389321096239, 29.826608693754743
flux1:, 1.470195292545876, 627.9860891511449, 30.25626224474042
flux1:, 1.47117764941648, 639.2812259261505, 30.62387305462916
flux1:, 1.472160006287084, 652.1043446584978, 30.955625437920208
flux1:, 1.473142363157688, 666.3306971058807, 31.272141627306492
flux1:, 1.4741247200282919, 681.8314684900329, 31.5959984283071
flux1:, 1.4751070768988959, 698.4688451324731, 31.95433918549129
flux1:, 1.4760894337694999, 716.0987932661516, 32.36951336745721
flux1:, 1.4770717906401039, 734.5741484599721, 32.860919595458
flux1:, 1.4780541475107078, 753.7390734326717, 33.45221471689794
flux1:, 1.4790365043813116, 773.4273176434748, 34.16463435516311
flux1:, 1.4800188612519156, 793.4657007001283, 35.0126537238361
flux1:, 1.4810012181225196, 813.6695705485582, 36.01172373817407
flux1:, 1.4819835749931236, 833.836550827513, 37.17700319395183
flux1:, 1.4829659318637276, 853.7481677417562, 38.51526310350731
flux1:, 1.4839482887343314, 873.1678237723189, 40.029184000193304
flux1:, 1.4849306456049354, 891.8327801049394, 41.72134720227231
flux1:, 1.4859130024755394, 909.4537165794267, 43.58632298879542
flux1:, 1.4868953593461434, 925.7174776372069, 45.60959189001478
flux1:, 1.4878777162167474, 940.2834045621851, 47.774274762396324
flux1:, 1.4888600730873511, 952.7846499633823, 50.05710660372669
flux1:, 1.4898424299579551, 962.8392731580681, 52.42309208378296
flux1:, 1.4908247868285591, 970.0588384764911, 54.8318239915973
flux1:, 1.4918071436991631, 974.0579996345159, 57.23945353499111
flux1:, 1.4927895005697671, 974.4758972990201, 59.59280669375236
flux1:, 1.4937718574403709, 970.9995333263507, 61.83325165989527
flux1:, 1.4947542143109749, 963.3820313595593, 63.90422226118899
flux1:, 1.4957365711815789, 951.4657352123415, 65.74876848237479
flux1:, 1.4967189280521829, 935.2065029075137, 67.310221006552
flux1:, 1.4977012849227869, 914.6852265789729, 68.54152751153876
flux1:, 1.4986836417933906, 890.1110960067233, 69.40708620930046
flux1:, 1.4996659986639946, 861.821986604471, 69.87976016555335
flux1:, 1.5006483555345986, 830.2711361105886, 69.94626928054208
flux1:, 1.5016307124052026, 796.0001082452495, 69.61061400596198
flux1:, 1.5026130692758066, 759.6110790109688, 68.88816439355874
flux1:, 1.5035954261464104, 721.7371917385785, 67.80409352752136
flux1:, 1.5045777830170146, 683.0069549058417, 66.39598984589729
flux1:, 1.5055601398876184, 644.0142138188752, 64.70839135254813
flux1:, 1.5065424967582224, 605.2987213027209, 62.78672929379952
flux1:, 1.5075248536288264, 567.3292992202689, 60.67887283987557
flux1:, 1.5085072104994304, 530.4921552899619, 58.433499073014595
flux1:, 1.5094895673700344, 495.0909523716951, 56.09399085489435
flux1:, 1.5104719242406381, 461.3512410390856, 53.69890216192258
flux1:, 1.5114542811112421, 429.424333725515, 51.2842703271394
flux1:, 1.5124366379818461, 399.39668695808047, 48.8800507991113
flux1:, 1.5134189948524501, 371.3026227026819, 46.50913344758644
flux1:, 1.5144013517230541, 345.13299328102914, 44.191215655586745
flux1:, 1.515383708593658, 320.84344900538116, 41.942213515259446
flux1:, 1.516366065464262, 298.36537944024974, 39.77206858851421
flux1:, 1.5173484223348659, 277.6134097975419, 37.68779474197807
flux1:, 1.5183307792054699, 258.48948931340425, 35.69515584446373
flux1:, 1.5193131360760739, 240.88899700899339, 33.796257911265045
flux1:, 1.5202954929466777, 224.70589260797422, 31.99062770381412
flux1:, 1.5212778498172816, 209.83387956116874, 30.277970395923017
flux1:, 1.5222602066878856, 196.16837442193705, 28.656612375510853
flux1:, 1.5232425635584896, 183.60971670905974, 27.122706120604125
flux1:, 1.5242249204290936, 172.0633235951589, 25.67285244309475
flux1:, 1.5252072772996974, 161.43918218451662, 24.303933478472068
flux1:, 1.5261896341703014, 151.653555578873, 23.011271938039904
flux1:, 1.5271719910409054, 142.629275710521, 21.7902413591376
flux1:, 1.5281543479115094, 134.29425687304692, 20.637353664303927
flux1:, 1.5291367047821134, 126.5819659934588, 19.54837901711693
flux1:, 1.5301190616527172, 119.43214730290792, 18.5186146422028
flux1:, 1.5311014185233212, 112.78941001357083, 17.544616580527844
flux1:, 1.5320837753939252, 106.60272759915176, 16.62304620324636
flux1:, 1.5330661322645291, 100.82635967313435, 15.749807446239412
flux1:, 1.5340484891351331, 95.41908621475275, 14.921674889679469
flux1:, 1.535030846005737, 90.34310705357412, 14.13617620158875
flux1:, 1.536013202876341, 85.56474694658175, 13.390161214603907
flux1:, 1.536995559746945, 81.05446127731196, 12.680755915002354
flux1:, 1.537977916617549, 76.7855847447026, 12.006130967105573
flux1:, 1.538960273488153, 72.73449129811672, 11.3641451574882
flux1:, 1.5399426303587567, 68.88114166495126, 10.752406234030051
flux1:, 1.5409249872293607, 65.20809485890169, 10.169476571481919
flux1:, 1.5419073440999647, 61.70003984028573, 9.61407318227826
flux1:, 1.5428897009705687, 58.34446497849245, 9.084377393154213
flux1:, 1.5438720578411727, 55.13118020023645, 8.579154797007297
flux1:, 1.5448544147117764, 52.05141337077618, 8.097698991085382
flux1:, 1.5458367715823806, 49.09820584788793, 7.638773413922564
flux1:, 1.5468191284529844, 46.26645710688182, 7.201250471927756
flux1:, 1.5478014853235884, 43.55195108337877, 6.784685136377301
flux1:, 1.5487838421941924, 40.95128462598355, 6.388333960365183
flux1:, 1.5497661990647964, 38.46224305525901, 6.011161022437812
flux1:, 1.5507485559354004, 36.08310979129395, 5.652723108676706
flux1:, 1.5517309128060042, 33.81219397755954, 5.312606488301535
flux1:, 1.5527132696766082, 31.64826025954777, 4.989899860845916
flux1:, 1.5536956265472122, 29.590301289737244, 4.684015239933861
flux1:, 1.5546779834178162, 27.636907991158537, 4.394677685859361
flux1:, 1.5556603402884202, 25.786529410282803, 4.121140866349588
flux1:, 1.556642697159024, 24.037662805242523, 3.86265120216977
flux1:, 1.557625054029628, 22.38833326867776, 3.6189054041647983
flux1:, 1.558607410900232, 20.836096987230334, 3.389335380789839
flux1:, 1.559589767770836, 19.378449130444018, 3.1730980404391076
flux1:, 1.56057212464144, 18.012575236594845, 2.969758164273034
flux1:, 1.5615544815120437, 16.73514920832501, 2.778895881960593
flux1:, 1.5625368383826477, 15.542731945881926, 2.5996971539456926
flux1:, 1.5635191952532517, 14.43180977658373, 2.431572577455356
flux1:, 1.5645015521238557, 13.398513924343407, 2.2741845952648196
flux1:, 1.5654839089944597, 12.43885860570069, 2.126852038826091
flux1:, 1.5664662658650634, 11.548971633837102, 1.9888821634991003
flux1:, 1.5674486227356674, 10.724860718519716, 1.859943747995289
flux1:, 1.5684309796062714, 9.962451109363833, 1.7395383095236894
flux1:, 1.5694133364768754, 9.257874662331503, 1.6269637959204928
flux1:, 1.5703956933474794, 8.607356405155185, 1.5218401402180075
flux1:, 1.5713780502180832, 8.007099577127482, 1.4238374500543063
flux1:, 1.5723604070886872, 7.453521873888669, 1.3323417445766153
flux1:, 1.5733427639592912, 6.943271795811657, 1.2469104106880704
flux1:, 1.5743251208298952, 6.4730470571405, 1.1673215133112522
flux1:, 1.5753074777004992, 6.039719307949653, 1.0931149794086603
flux1:, 1.576289834571103, 5.640443344153911, 1.0238154954221856
flux1:, 1.577272191441707, 5.272488932022823, 0.9592345029993983
flux1:, 1.578254548312311, 4.933247525512088, 0.8990814141691895
flux1:, 1.579236905182915, 4.620378155446896, 0.8429051422580432
flux1:, 1.580219262053519, 4.331703212176652, 0.7904939076573225
flux1:, 1.5812016189241227, 4.065126662264135, 0.7416942238241372
flux1:, 1.5821839757947267, 3.8187642716631656, 0.6961374416308864
flux1:, 1.5831663326653307, 3.5909194430418196, 0.6535686568062228
flux1:, 1.5841486895359347, 3.3799582200209977, 0.6139101162981413
flux1:, 1.5851310464065387, 3.1843887905716475, 0.5769114032937741
flux1:, 1.5861134032771425, 3.0029060128470038, 0.5422919205583743
flux1:, 1.5870957601477467, 2.834267943837908, 0.5099855970345415
flux1:, 1.5880781170183504, 2.6773108916180135, 0.4798613416506894
flux1:, 1.5890604738889544, 2.5310348592450187, 0.45165321441187956
flux1:, 1.5900428307595584, 2.3945156142231347, 0.4252629834123076
flux1:, 1.5910251876301624, 2.2668609836859774, 0.4006477770554512
flux1:, 1.5920075445007664, 2.147303729432528, 0.37759826793162815
flux1:, 1.5929899013713702, 2.035167453482566, 0.3559720851661889
flux1:, 1.5939722582419742, 1.9297843549896334, 0.33576579330101963
flux1:, 1.5949546151125782, 1.8305651724395404, 0.3168514719178544
flux1:, 1.5959369719831822, 1.7370200916297267, 0.29906036237918876
flux1:, 1.5969193288537862, 1.6486662489913777, 0.28238154333040644
flux1:, 1.59790168572439, 1.5650544520370537, 0.26676690938408926
flux1:, 1.598884042594994, 1.485830649226217, 0.2520556840923993
flux1:, 1.599866399465598, 1.4106619129937068, 0.23820087311356955
flux1:, 1.600848756336202, 1.3392144002889594, 0.2252088988179053
flux1:, 1.601831113206806, 1.2712300101756662, 0.21296037010685945
flux1:, 1.6028134700774097, 1.206492042149457, 0.20136935030320388
flux1:, 1.6037958269480137, 1.1447648566277169, 0.19045990023856318
flux1:, 1.6047781838186177, 1.0858572025093658, 0.18017181038657318
flux1:, 1.6057605406892217, 1.0296347130778118, 0.17039940509846632
flux1:, 1.6067428975598257, 0.9759442767685838, 0.16115140589708912
flux1:, 1.6077252544304295, 0.9246417887576089, 0.15242276481267542
flux1:, 1.6087076113010335, 0.8756422093223178, 0.14411727581406703
flux1:, 1.6096899681716375, 0.8288561877631746, 0.13621138051275838
flux1:, 1.6106723250422414, 0.7841741718167936, 0.1287331800350982
flux1:, 1.6116546819128454, 0.7415317570963069, 0.12162052992644985
flux1:, 1.6126370387834492, 0.7008803874796621, 0.11482059535316629
flux1:, 1.6136193956540532, 0.6621368081091702, 0.10836573642792381
flux1:, 1.6146017525246572, 0.625237128439913, 0.10223722556931182
flux1:, 1.6155841093952612, 0.5901492968773461, 0.09637078236427742
flux1:, 1.6165664662658652, 0.5568099361723745, 0.09077998434672195
flux1:, 1.617548823136469, 0.5251468508200748, 0.08548127368115654
flux1:, 1.618531180007073, 0.4951241731546631, 0.08042077231235976
flux1:, 1.619513536877677, 0.46669216638648886, 0.07558448887302319
flux1:, 1.620495893748281, 0.4397721117767466, 0.07100411999656675
flux1:, 1.621478250618885, 0.4143127452325599, 0.06665122920244765
flux1:, 1.6224606074894887, 0.39027138642256703, 0.06249054299287279
flux1:, 1.6234429643600927, 0.3675709593907288, 0.05854775609617873
flux1:, 1.6244253212306967, 0.34614371866531124, 0.05482223790497923
flux1:, 1.6254076781013007, 0.3259476818501551, 0.05127274824852002
flux1:, 1.6263900349719047, 0.3069161121111438, 0.0479055865528147
flux1:, 1.6273723918425085, 0.2889722061323627, 0.04473862835437373
flux1:, 1.6283547487131127, 0.2720699568264695, 0.041740071814652495
flux1:, 1.6293371055837165, 0.2561575134413468, 0.03889527160920862
flux1:, 1.6303194624543205, 0.2411603697286791, 0.03622584098670454
flux1:, 1.6313018193249245, 0.22702692192211668, 0.033717802627292445
flux1:, 1.6322841761955285, 0.2137190079270638, 0.03134376895112893
flux1:, 1.6332665330661325, 0.2011746150303266, 0.02911633835345362
flux1:, 1.6342488899367362, 0.18933880722919277, 0.0270383879430291
flux1:, 1.6352312468073402, 0.17818178533624932, 0.025081802357135873
flux1:, 1.6362136036779442, 0.16765939027641097, 0.023244474591674724
flux1:, 1.6371959605485482, 0.15771865472817986, 0.021538298977747807
flux1:, 1.6381783174191522, 0.14833206711889235, 0.019944026186270225
flux1:, 1.639160674289756, 0.1394726711765365, 0.01844701472648675
flux1:, 1.64014303116036, 0.1310956388694976, 0.017058537697743407
flux1:, 1.641125388030964, 0.12317204751217985, 0.015771758130785553
flux1:, 1.642107744901568, 0.11568681880444708, 0.01456666420776121
flux1:, 1.643090101772172, 0.10860768968034165, 0.01344715145165342
flux1:, 1.6440724586427757, 0.10190437523021462, 0.012416276298553562
flux1:, 1.6450548155133797, 0.09556659607959357, 0.011456441224907686
flux1:, 1.6460371723839837, 0.08957550296476584, 0.010562533231514962
flux1:, 1.6470195292545877, 0.0839024783484014, 0.009741612494483232
flux1:, 1.6480018861251917, 0.0785362778979734, 0.008983363175433492
flux1:, 1.6489842429957955, 0.07346853593050955, 0.008276539517031075
flux1:, 1.6499665998663995, 0.06867613819116203, 0.007626432596386504
flux1:, 1.6509489567370035, 0.06414435038199641, 0.0070306349603386
flux1:, 1.6519313136076075, 0.05987002472618586, 0.006476680706230953
flux1:, 1.6529136704782115, 0.05583791750056827, 0.005964930351357473
flux1:, 1.6538960273488152, 0.05203067181870839, 0.005498181580546616
flux1:, 1.6548783842194192, 0.048445054715572824, 0.005066983383856666
flux1:, 1.6558607410900232, 0.04507337781983483, 0.004666846931420089
flux1:, 1.6568430979606272, 0.04189856271830861, 0.004301868602366882
flux1:, 1.6578254548312312, 0.03891396035342861, 0.003967512388010549
flux1:, 1.658807811701835, 0.03611673651355254, 0.003656764761324715
flux1:, 1.659790168572439, 0.03349306256249845, 0.0033719524717472234
flux1:, 1.660772525443043, 0.03103236175629329, 0.0031128739999818377
flux1:, 1.661754882313647, 0.028732992921136295, 0.002872847738704485
flux1:, 1.662737239184251, 0.026585879295746732, 0.0026512579650271244
flux1:, 1.6637195960548548, 0.02457831285232464, 0.002450175935420372
flux1:, 1.6647019529254587, 0.022706894549509825, 0.002265208043381845
flux1:, 1.6656843097960627, 0.020966844103653924, 0.002093403518697913
flux1:, 1.6666666666666667, 0.019346038674812077, 0.0019369109979724287
