flux1:, 0.6289308176100629, 0.0048110017514945026, 0.004517332361658366
flux1:, 0.6289633436074827, 0.00477889854798021, 0.0044679233059427845
flux1:, 0.6289958696049026, 0.0047437598645243394, 0.004422594131897998
flux1:, 0.6290283956023225, 0.004707690148841379, 0.004384442756160901
flux1:, 0.6290609215997424, 0.004673025043854242, 0.0043566457543834005
flux1:, 0.6290934475971622, 0.004642281548493813, 0.004342369199510412
flux1:, 0.6291259735945821, 0.0046180984248722886, 0.0043446721495405015
flux1:, 0.629158499592002, 0.0046031678502903295, 0.0043664051481147065
flux1:, 0.6291910255894219, 0.004600159667327105, 0.004410106459078135
flux1:, 0.6292235515868417, 0.004611639928114123, 0.004477899059002746
flux1:, 0.6292560775842616, 0.004639985746679516, 0.004571391643974283
flux1:, 0.6292886035816815, 0.004687298755816331, 0.004691587057292358
flux1:, 0.6293211295791014, 0.0047553196986661345, 0.0048388015996564315
flux1:, 0.6293536555765212, 0.004845346859939374, 0.005012598634387249
flux1:, 0.6293861815739411, 0.004958161146540655, 0.005211739739607866
flux1:, 0.629418707571361, 0.00509396065401977, 0.005434156383622135
flux1:, 0.6294512335687809, 0.005252307494998552, 0.005676944706726274
flux1:, 0.6294837595662007, 0.005432089515764357, 0.005936385487482321
flux1:, 0.6295162855636206, 0.005631499282446034, 0.0062079907584504865
flux1:, 0.6295488115610405, 0.00584803238077303, 0.006486577828104403
flux1:, 0.6295813375584604, 0.006078506644914278, 0.0067663706753813176
flux1:, 0.6296138635558802, 0.006319103418773629, 0.007041127830645614
flux1:, 0.6296463895533001, 0.006565431364724523, 0.00730429496173297
flux1:, 0.62967891555072, 0.006812612686313103, 0.007549179474953434
flux1:, 0.6297114415481398, 0.007055390932243813, 0.007769143539809447
flux1:, 0.6297439675455597, 0.007288258823895322, 0.00795781108897677
flux1:, 0.6297764935429796, 0.007505603812553529, 0.008109283556488414
flux1:, 0.6298090195403995, 0.007701868350822922, 0.008218358430732669
flux1:, 0.6298415455378193, 0.007871721177439263, 0.008280744142966697
flux1:, 0.6298740715352392, 0.008010235290928565, 0.008293264415224957
flux1:, 0.6299065975326591, 0.008113067748121343, 0.008254044977388532
flux1:, 0.629939123530079, 0.008176635994026463, 0.008162675555136405
flux1:, 0.6299716495274988, 0.00819828512829667, 0.008020340241295039
flux1:, 0.6300041755249187, 0.008176440363011859, 0.007829909806455851
flux1:, 0.6300367015223386, 0.00811073894084745, 0.007595990182605666
flux1:, 0.6300692275197585, 0.008002135974075836, 0.007324922262769764
flux1:, 0.6301017535171783, 0.007852979041233329, 0.007024729290061642
flux1:, 0.6301342795145982, 0.0076670469414708885, 0.006705009441976998
flux1:, 0.6301668055120181, 0.007449548753166832, 0.006376772723931878
flux1:, 0.630199331509438, 0.007207080263271153, 0.006052222935299864
flux1:, 0.6302318575068578, 0.006947535912396704, 0.005744487221509944
flux1:, 0.6302643835042777, 0.006679975615287814, 0.005467297528903316
flux1:, 0.6302969095016976, 0.006414447139659027, 0.005234630082806727
flux1:, 0.6303294354991175, 0.006161766125571926, 0.005060310757235895
flux1:, 0.6303619614965373, 0.005933257264885696, 0.004957595838096399
flux1:, 0.6303944874939572, 0.005740461593727587, 0.004938739140666376
flux1:, 0.6304270134913771, 0.0055948162366358176, 0.0050145576688539655
flux1:, 0.630459539488797, 0.005507314231885739, 0.005194008942003415
flux1:, 0.6304920654862168, 0.005488153218116864, 0.005483793715714956
flux1:, 0.6305245914836367, 0.005546382725774586, 0.005887998041544961
flux1:, 0.6305571174810566, 0.005689560551881643, 0.006407788413876559
flux1:, 0.6305896434784765, 0.005923429162924615, 0.00704117311544148
flux1:, 0.6306221694758963, 0.006251623236239057, 0.007782841785461846
flux1:, 0.6306546954733162, 0.0066754192880418145, 0.008624093697084225
flux1:, 0.6306872214707361, 0.007193537829618989, 0.00955286326056536
flux1:, 0.630719747468156, 0.007802007632651752, 0.010553848895467044
flux1:, 0.6307522734655758, 0.008494100473377087, 0.011608748685282964
flux1:, 0.6307847994629957, 0.009260343175479288, 0.012696603200515627
flux1:, 0.6308173254604156, 0.010088611909023774, 0.01379424262610898
flux1:, 0.6308498514578355, 0.010964311561815897, 0.014876831940194247
flux1:, 0.6308823774552553, 0.011870640628624017, 0.01591850446076878
flux1:, 0.6309149034526752, 0.012788939518777106, 0.016893070707589258
flux1:, 0.6309474294500951, 0.013699117531408367, 0.01777478632854012
flux1:, 0.6309799554475151, 0.014580151062953824, 0.01853915992262297
flux1:, 0.6310124814449349, 0.015410642974168411, 0.019163779066057037
flux1:, 0.6310450074423548, 0.01616943053813776, 0.019629130818916537
flux1:, 0.6310775334397747, 0.016836227101120066, 0.019919391553006826
flux1:, 0.6311100594371946, 0.01739228059904895, 0.020023160181858502
flux1:, 0.6311425854346144, 0.01782103046507737, 0.01993410886024168
flux1:, 0.6311751114320343, 0.01810874331092737, 0.019651526002805383
flux1:, 0.6312076374294542, 0.01824510713177792, 0.01918072807826672
flux1:, 0.6312401634268741, 0.018223763723862377, 0.018533319071650362
flux1:, 0.6312726894242939, 0.018042759554109986, 0.017727279751566277
flux1:, 0.6313052154217138, 0.017704896504345955, 0.016786872885004685
flux1:, 0.6313377414191337, 0.01721796573184674, 0.015742355233571433
flux1:, 0.6313702674165536, 0.016594850329486686, 0.014629492443384759
flux1:, 0.6314027934139734, 0.01585348549529101, 0.01348887867917141
flux1:, 0.6314353194113933, 0.015016668477949609, 0.012365068904703104
flux1:, 0.6314678454088132, 0.014111714576171526, 0.011305537909261561
flux1:, 0.631500371406233, 0.013169959841065951, 0.010359486341296742
flux1:, 0.6315328974036529, 0.01222611575159844, 0.009576519943444755
flux1:, 0.6315654234010728, 0.011317485877517276, 0.009005233689749743
flux1:, 0.6315979493984927, 0.010483059275162694, 0.00869173740947792
flux1:, 0.6316304753959125, 0.009762499935393335, 0.008678163553567037
flux1:, 0.6316630013933324, 0.009195055868803545, 0.009001200841266566
flux1:, 0.6316955273907523, 0.008818415225594806, 0.009690699461661942
flux1:, 0.6317280533881722, 0.008667540061693771, 0.010768394165677538
flux1:, 0.631760579385592, 0.008773510845163418, 0.0122467908694136
flux1:, 0.6317931053830119, 0.009162416431052712, 0.014128260238671446
flux1:, 0.6318256313804318, 0.009854324916936363, 0.01640437811374753
flux1:, 0.6318581573778517, 0.010862370450701197, 0.01905554758677166
flux1:, 0.6318906833752715, 0.012191989646762547, 0.02205093112866476
flux1:, 0.6319232093726914, 0.013840338757887614, 0.0253487134943194
flux1:, 0.6319557353701113, 0.01579591916058432, 0.028896707373359407
flux1:, 0.6319882613675312, 0.01803843408923572, 0.03263330410388804
flux1:, 0.632020787364951, 0.02053889397953924, 0.0364887614712447
flux1:, 0.6320533133623709, 0.023259981370949274, 0.04038680995221563
flux1:, 0.6320858393597908, 0.026156679216533765, 0.0442465480413635
flux1:, 0.6321183653572107, 0.029177158835859602, 0.047984586837990006
flux1:, 0.6321508913546305, 0.032263915821545544, 0.051517394214092335
flux1:, 0.6321834173520504, 0.035355134198681054, 0.05476377996496947
flux1:, 0.6322159433494703, 0.03838625127388471, 0.057647455691426645
flux1:, 0.6322484693468902, 0.04129168814527167, 0.060099597084469894
flux1:, 0.63228099534431, 0.04400670402275975, 0.0620613320566752
flux1:, 0.6323135213417299, 0.04646932657208809, 0.06348607602435737
flux1:, 0.6323460473391498, 0.04862230567233582, 0.06434163577581271
flux1:, 0.6323785733365697, 0.05041503447183078, 0.06461200588810516
flux1:, 0.6324110993339895, 0.05180537961772171, 0.06429878663638003
flux1:, 0.6324436253314094, 0.052761362159350206, 0.06342215976009567
flux1:, 0.6324761513288293, 0.05326263198325133, 0.06202136821996149
flux1:, 0.6325086773262492, 0.05330168177834226, 0.06015465803005847
flux1:, 0.632541203323669, 0.052884751450623, 0.0578986541359263
flux1:, 0.6325737293210889, 0.05203238055080133, 0.055347157813164724
flux1:, 0.6326062553185088, 0.05077957453812845, 0.052609369801800886
flux1:, 0.6326387813159287, 0.049175560403095626, 0.04980756091524707
flux1:, 0.6326713073133485, 0.047283118102927756, 0.047074229688887
flux1:, 0.6327038333107684, 0.0451774861482405, 0.044548804222429524
flux1:, 0.6327363593081883, 0.042944852213005064, 0.042373962179504454
flux1:, 0.6327688853056082, 0.04068045247249243, 0.040691658377500155
flux1:, 0.632801411303028, 0.038486316134503824, 0.03963896298822739
flux1:, 0.6328339373004479, 0.0364687039280679, 0.039343824559639515
flux1:, 0.6328664632978678, 0.034735300755232144, 0.03992088039000482
flux1:, 0.6328989892952877, 0.03339223290989986, 0.041467441834610444
flux1:, 0.6329315152927075, 0.032540988851167546, 0.04405978357202601
flux1:, 0.6329640412901274, 0.03227532915222207, 0.04774986347064392
flux1:, 0.6329965672875473, 0.03267827563225951, 0.05256259334666302
flux1:, 0.6330290932849671, 0.03381927157956953, 0.05849377058004161
flux1:, 0.633061619282387, 0.03575160421202094, 0.06550876636294187
flux1:, 0.6330941452798069, 0.03851017699201101, 0.07354204852681996
flux1:, 0.6331266712772268, 0.042109713095987794, 0.08249759578849929
flux1:, 0.6331591972746466, 0.046543462289607124, 0.09225023634310181
flux1:, 0.6331917232720665, 0.05178247182836587, 0.10264791760013385
flux1:, 0.6332242492694864, 0.05777546802017885, 0.11351488619032787
flux1:, 0.6332567752669063, 0.06444937906614825, 0.12465572892932338
flux1:, 0.6332893012643261, 0.07171051212943955, 0.13586019703641683
flux1:, 0.633321827261746, 0.07944637873073816, 0.14690870844093537
flux1:, 0.6333543532591659, 0.08752814304767348, 0.15757839734551174
flux1:, 0.6333868792565858, 0.09581364806775973, 0.1676495572280648
flux1:, 0.6334194052540056, 0.10415095539826347, 0.17691230398376848
flux1:, 0.6334519312514255, 0.11238231647591963, 0.18517327070419948
flux1:, 0.6334844572488454, 0.12034847653947758, 0.19226213533613232
flux1:, 0.6335169832462653, 0.12789319859954618, 0.1980377777135635
flux1:, 0.6335495092436851, 0.13486788329559526, 0.20239386363366565
flux1:, 0.633582035241105, 0.14113615242818825, 0.20526366099761717
flux1:, 0.6336145612385249, 0.14657825949460887, 0.2066239066527238
flux1:, 0.6336470872359448, 0.15109519002002098, 0.20649756233122282
flux1:, 0.6336796132333646, 0.15461231806171558, 0.2049553236964338
flux1:, 0.6337121392307845, 0.15708249303163202, 0.2021157774760083
flux1:, 0.6337446652282044, 0.15848844288064065, 0.19814413731008032
flux1:, 0.6337771912256243, 0.15884439552897592, 0.19324952841094228
flux1:, 0.6338097172230441, 0.1581968398972313, 0.1876808334085185
flux1:, 0.633842243220464, 0.1566243705522317, 0.18172115569504507
flux1:, 0.6338747692178839, 0.15423658527491912, 0.175681000930122
flux1:, 0.6339072952153038, 0.15117203212231234, 0.1698903207988904
flux1:, 0.6339398212127236, 0.14759523104321282, 0.16468960427219898
flux1:, 0.6339723472101435, 0.14369282399641745, 0.1604202391411318
flux1:, 0.6340048732075634, 0.13966893594504265, 0.15741439918121317
flux1:, 0.6340373992049833, 0.13573985617055323, 0.15598473872174162
flux1:, 0.6340699252024031, 0.1321281741779175, 0.1564141955595882
flux1:, 0.634102451199823, 0.12905652619675634, 0.1589462141429758
flux1:, 0.6341349771972429, 0.12674112612331828, 0.16377570303715358
flux1:, 0.6341675031946628, 0.12538526798639826, 0.17104103338727922
flux1:, 0.6342000291920826, 0.12517299505900661, 0.1808173681924086
flux1:, 0.6342325551895025, 0.12626313311149978, 0.19311158575302484
flux1:, 0.6342650811869224, 0.1287838817052487, 0.20785902500351694
flux1:, 0.6342976071843422, 0.1328281477187851, 0.2249222362302549
flux1:, 0.6343301331817621, 0.1384497895290172, 0.24409186883695808
flux1:, 0.634362659179182, 0.14566091867047817, 0.26508976955415675
flux1:, 0.6343951851766019, 0.15443037879389548, 0.287574301251434
flux1:, 0.6344277111740217, 0.16468348994540197, 0.31114782596717044
flux1:, 0.6344602371714416, 0.17630311038138693, 0.33536622777078745
flux1:, 0.6344927631688615, 0.18913202925417635, 0.3597502835858422
flux1:, 0.6345252891662814, 0.20297666263254224, 0.38379862518460006
flux1:, 0.6345578151637012, 0.2176119836403099, 0.40700197528108184
flux1:, 0.6345903411611211, 0.23278757626624771, 0.42885828702660084
flux1:, 0.634622867158541, 0.24823466291991866, 0.4488883711675822
flux1:, 0.6346553931559609, 0.26367391938525836, 0.46665156041391637
flux1:, 0.6346879191533807, 0.2788238587182837, 0.4817609377077928
flux1:, 0.6347204451508006, 0.29340953903962697, 0.49389764532526814
flux1:, 0.6347529711482205, 0.30717133015042136, 0.5028237959896841
flux1:, 0.6347854971456404, 0.3198734613692471, 0.5083935259687299
flux1:, 0.6348180231430602, 0.3313120686684954, 0.5105617635925006
flux1:, 0.6348505491404801, 0.34132246358445617, 0.5093903344730918
flux1:, 0.6348830751379, 0.3497853597427587, 0.5050510861920441
flux1:, 0.6349156011353199, 0.3566318151717478, 0.49782578918077247
flux1:, 0.6349481271327397, 0.36184667958830297, 0.48810265536179936
flux1:, 0.6349806531301596, 0.36547037497198176, 0.47636940986777154
flux1:, 0.6350131791275795, 0.3675988841560161, 0.46320295147487295
flux1:, 0.6350457051249994, 0.36838187476999984, 0.4492557416624633
flux1:, 0.6350782311224193, 0.36801894331863033, 0.4352391675639471
flux1:, 0.6351107571198392, 0.36675402494969944, 0.42190422750498474
flux1:, 0.6351432831172591, 0.3648680768224264, 0.41001998621755176
flux1:, 0.635175809114679, 0.36267020509884695, 0.4003503370918409
flux1:, 0.6352083351120988, 0.36048746552844557, 0.39362968797908876
flux1:, 0.6352408611095187, 0.35865362343161283, 0.39053825228273603
flux1:, 0.6352733871069386, 0.3574972087052736, 0.3916776758357943
flux1:, 0.6353059131043585, 0.3573292434563131, 0.39754776018679766
flux1:, 0.6353384391017783, 0.35843105234455025, 0.40852505266224565
flux1:, 0.6353709650991982, 0.361042587230945, 0.4248440617099368
flux1:, 0.6354034910966181, 0.36535170706725617, 0.446581821870437
flux1:, 0.635436017094038, 0.37148485023952105, 0.4736464762043537
flux1:, 0.6354685430914578, 0.37949951922170444, 0.5057704656600487
flux1:, 0.6355010690888777, 0.38937896625196017, 0.5425088159046314
flux1:, 0.6355335950862976, 0.4010294239873662, 0.5832428943400368
flux1:, 0.6355661210837175, 0.41428016739826845, 0.6271898758418807
flux1:, 0.6355986470811373, 0.4288866235153646, 0.6734180081246972
flux1:, 0.6356311730785572, 0.44453666549316884, 0.7208676100426119
flux1:, 0.6356636990759771, 0.46086013858310615, 0.7683775724554517
flux1:, 0.635696225073397, 0.47744157014814215, 0.8147169657348237
flux1:, 0.6357287510708168, 0.49383591621038364, 0.8586211949927847
flux1:, 0.6357612770682367, 0.5095870958465515, 0.8988319882199076
flux1:, 0.6357938030656566, 0.5242489648350497, 0.9341403582493466
flux1:, 0.6358263290630765, 0.5374082842177925, 0.963431551215284
flux1:, 0.6358588550604963, 0.5487091507663316, 0.9857308860640716
flux1:, 0.6358913810579162, 0.5578782775901866, 1.0002493054638122
flux1:, 0.6359239070553361, 0.5647504469710929, 1.0064274013747971
flux1:, 0.635956433052756, 0.569293406426423, 1.0039766512524082
flux1:, 0.6359889590501758, 0.5716314451194725, 0.9929166052723526
flux1:, 0.6360214850475957, 0.5720668728467315, 0.9736068023144132
flux1:, 0.6360540110450156, 0.5710986292344539, 0.9467722630277566
flux1:, 0.6360865370424355, 0.5694372773121379, 0.9135215116349784
flux1:, 0.6361190630398553, 0.5680156835851387, 0.8753562128208838
flux1:, 0.6361515890372752, 0.5679947558155674, 0.8341716738267239
flux1:, 0.6361841150346951, 0.5707636990911226, 0.7922476516484742
flux1:, 0.636216641032115, 0.5779343589710098, 0.7522291171364247
flux1:, 0.6362491670295348, 0.5913293455581908, 0.7170968572434504
flux1:, 0.6362816930269547, 0.6129637717340098, 0.6901280385010884
flux1:, 0.6363142190243746, 0.645020589512622, 0.6748471033515486
flux1:, 0.6363467450217944, 0.689819667120153, 0.674967620236941
flux1:, 0.6363792710192143, 0.7497809122366947, 0.6943259521323931
flux1:, 0.6364117970166342, 0.8273819098717459, 0.7368078402618219
flux1:, 0.6364443230140541, 0.9251107024372797, 0.8062692139182088
flux1:, 0.6364768490114739, 1.045414490556718, 0.9064527277628613
flux1:, 0.6365093750088938, 1.1906451718868907, 1.0409016892839604
flux1:, 0.6365419010063137, 1.363002757789937, 1.212873166408487
flux1:, 0.6365744270037336, 1.5644778103997994, 1.425252154463556
flux1:, 0.6366069530011534, 1.7967941222267276, 1.680468729514525
flux1:, 0.6366394789985733, 2.0613529141106572, 1.9804201192261022
flux1:, 0.6366720049959932, 2.3591798528530625, 2.326399581508436
flux1:, 0.6367045309934131, 2.6908761856395764, 2.719033895120359
flux1:, 0.6367370569908329, 3.056575253485034, 3.15823113595769
flux1:, 0.6367695829882528, 3.4559055802803207, 3.6431402400249584
flux1:, 0.6368021089856727, 3.8879616381483793, 4.17212364209434
flux1:, 0.6368346349830926, 4.351283265122775, 4.7427440319468745
flux1:, 0.6368671609805124, 4.843844559746395, 5.351765992898313
flux1:, 0.6368996869779323, 5.363052901875573, 5.9951729859153815
flux1:, 0.6369322129753522, 5.90575855325535, 6.668199823611877
flux1:, 0.6369647389727721, 6.468275079341153, 7.3653804488681125
flux1:, 0.6369972649701919, 7.046410609987943, 8.080610500288364
flux1:, 0.6370297909676118, 7.635509725888793, 8.807223818821578
flux1:, 0.6370623169650317, 8.230505525302528, 9.538081734379299
flux1:, 0.6370948429624516, 8.825981196993721, 10.265673675668939
flux1:, 0.6371273689598714, 9.416240205817312, 10.9822273778759
flux1:, 0.6371598949572913, 9.99538399229438, 11.679826727876524
flux1:, 0.6371924209547112, 10.557395901846986, 12.350535091197283
flux1:, 0.637224946952131, 11.096229897780784, 12.98652181400031
flux1:, 0.6372574729495509, 11.605902478713277, 13.580189490900674
flux1:, 0.6372899989469708, 12.080586119613772, 14.12429953843607
flux1:, 0.6373225249443907, 12.514702488598678, 14.61209361597666
flux1:, 0.6373550509418106, 12.903013661467234, 15.037408491582227
flux1:, 0.6373875769392304, 13.240709563624835, 15.394782058651066
flux1:, 0.6374201029366503, 13.52348991509427, 15.679548368364538
flux1:, 0.6374526289340702, 13.7476390380838, 15.887919749507681
flux1:, 0.63748515493149, 13.910092006737313, 16.0170543369593
flux1:, 0.6375176809289099, 14.008490772872538, 16.065107617508595
flux1:, 0.6375502069263298, 14.041229086639856, 16.031266920386685
flux1:, 0.6375827329237497, 14.007485243241735, 15.915768122917047
flux1:, 0.6376152589211695, 13.907241921628797, 15.719894201344125
flux1:, 0.6376477849185894, 13.741292633332495, 15.445955625109637
flux1:, 0.6376803109160093, 13.511234563837263, 15.097252961393265
flux1:, 0.6377128369134292, 13.219447859282997, 14.678022417314045
flux1:, 0.637745362910849, 12.869061681845547, 14.193365391730714
flux1:, 0.6377778889082689, 12.463907621886163, 13.649163429426597
flux1:, 0.6378104149056888, 12.008461307958367, 13.05198026045126
flux1:, 0.6378429409031087, 11.507773291432645, 12.408952860198575
flux1:, 0.6378754669005285, 10.967390495530305, 11.72767367583534
flux1:, 0.6379079928979484, 10.393269704403036, 11.016066327712208
flux1:, 0.6379405188953683, 9.791684722220651, 10.282257206708138
flux1:, 0.6379730448927882, 9.169128951949268, 9.534445448272852
flux1:, 0.638005570890208, 8.532215225887766, 8.780773770089255
flux1:, 0.6380380968876279, 7.88757476349002, 8.029202613223047
flux1:, 0.6380706228850478, 7.24175713574343, 7.2873899279122165
flux1:, 0.6381031488824677, 6.601133079526892, 6.562578797513763
flux1:, 0.6381356748798875, 5.971801931012978, 5.861494901461406
flux1:, 0.6381682008773074, 5.359505336210273, 5.190255585233191
flux1:, 0.6382007268747273, 4.769548751945309, 4.554292038053211
flux1:, 0.6382332528721472, 4.206732075451555, 3.958285783806427
flux1:, 0.638265778869567, 3.675290539449737, 3.406120374473498
flux1:, 0.6382983048669869, 3.178846786910512, 2.900848845719214
flux1:, 0.6383308308644068, 2.720374800756301, 2.444677158711075
flux1:, 0.6383633568618267, 2.3021761140831263, 2.0389635184511197
flux1:, 0.6383958828592465, 1.9258684717371597, 1.6842331343524215
flux1:, 0.6384284088566664, 1.5923868599895792, 1.3802076806223535
flux1:, 0.6384609348540863, 1.3019965731890448, 1.1258484288047295
flux1:, 0.6384934608515062, 1.0543177501570116, 0.9194117686647038
flux1:, 0.638525986848926, 0.8483605935741104, 0.758515611459002
flux1:, 0.6385585128463459, 0.6825702874665448, 0.6402149859787876
flux1:, 0.6385910388437658, 0.5548804550081103, 0.5610849957293959
flux1:, 0.6386235648411857, 0.4627738546271752, 0.5173092075148193
flux1:, 0.6386560908386055, 0.40334889945487024, 0.504771488653894
flux1:, 0.6386886168360254, 0.3733905053369235, 0.5191493021421545
flux1:, 0.6387211428334453, 0.36944372700038136, 0.556006505283491
flux1:, 0.6387536688308652, 0.38788863076198604, 0.6108837756382474
flux1:, 0.638786194828285, 0.4250148748145111, 0.6793849056070468
flux1:, 0.6388187208257049, 0.47709452329118457, 0.7572573597833306
flux1:, 0.6388512468231248, 0.5404517059220502, 0.840465672822507
flux1:, 0.6388837728205446, 0.6115278484208038, 0.9252564748266254
flux1:, 0.6389162988179645, 0.6869413364855262, 1.0082141605308952
flux1:, 0.6389488248153844, 0.7635406346437767, 1.0863064619442917
flux1:, 0.6389813508128043, 0.83845005595917, 1.1569194354594299
flux1:, 0.6390138768102241, 0.9091075653760549, 1.217881627687818
flux1:, 0.639046402807644, 0.9732941935958438, 1.267477433427124
flux1:, 0.639078928805064, 1.0291548352050013, 1.3044498985525346
flux1:, 0.6391114548024839, 1.075210399688997, 1.3279934449478363
flux1:, 0.6391439807999038, 1.110361472597073, 1.3377371991482494
flux1:, 0.6391765067973236, 1.1338838222993093, 1.3337197870202122
flux1:, 0.6392090327947435, 1.145416251760875, 1.316356610171155
flux1:, 0.6392415587921634, 1.1449414412368468, 1.2864007432552675
flux1:, 0.6392740847895833, 1.1327605539870194, 1.2448986831113988
flux1:, 0.6393066107870031, 1.109462480791321, 1.1931422397613105
flux1:, 0.639339136784423, 1.0758886786504336, 1.1326178856107036
flux1:, 0.6393716627818429, 1.0330946135556056, 1.0649548733397864
flux1:, 0.6394041887792627, 0.982308846337432, 0.9918733964602023
flux1:, 0.6394367147766826, 0.92489080457245, 0.915134001398273
flux1:, 0.6394692407741025, 0.8622882632687738, 0.8364893690603269
flux1:, 0.6395017667715224, 0.7959955139725693, 0.7576394703928326
flux1:, 0.6395342927689422, 0.7275131379739017, 0.6801909681930938
flux1:, 0.6395668187663621, 0.6583102168121907, 0.6056215903891503
flux1:, 0.639599344763782, 0.5897897150046802, 0.5352500424223253
flux1:, 0.6396318707612019, 0.523257658858167, 0.470211862567624
flux1:, 0.6396643967586217, 0.45989661456997094, 0.4114414583195871
flux1:, 0.6396969227560416, 0.40074384189041035, 0.35966039853248805
flux1:, 0.6397294487534615, 0.34667436972969295, 0.31537187877488637
flux1:, 0.6397619747508814, 0.29838911052612044, 0.2788611299690948
flux1:, 0.6397945007483012, 0.2564080040569568, 0.2502014060398795
flux1:, 0.6398270267457211, 0.22106806160927428, 0.22926506776856193
flux1:, 0.639859552743141, 0.19252607063133867, 0.2157391795369106
flux1:, 0.6398920787405609, 0.17076562048818789, 0.2091449548555537
flux1:, 0.6399246047379807, 0.15560802364473095, 0.2088603265806952
flux1:, 0.6399571307354006, 0.14672663501347866, 0.21414487906091953
flux1:, 0.6399896567328205, 0.14366401640402626, 0.22416636206930377
flux1:, 0.6400221827302404, 0.14585135362835347, 0.23802800967277632
flux1:, 0.6400547087276602, 0.15262951104432304, 0.25479591007471597
flux1:, 0.6400872347250801, 0.16327110192354868, 0.27352571338771753
flux1:, 0.6401197607225, 0.17700296237452412, 0.2932880213074902
flux1:, 0.6401522867199199, 0.19302844063337835, 0.31319187349879235
flux1:, 0.6401848127173397, 0.21054895102217688, 0.33240582764856913
flux1:, 0.6402173387147596, 0.2287842911618702, 0.35017622089948297
flux1:, 0.6402498647121795, 0.24699128027985806, 0.36584229695696413
flux1:, 0.6402823907095994, 0.26448034367344375, 0.37884798276077425
flux1:, 0.6403149167070192, 0.28062974147309755, 0.38875019847775005
flux1:, 0.6403474427044391, 0.2948972166385668, 0.3952236820841438
flux1:, 0.640379968701859, 0.30682891547278396, 0.39806240253245
flux1:, 0.6404124946992789, 0.31606551176887593, 0.39717772125151807
flux1:, 0.6404450206966987, 0.32234554105856805, 0.3925935386216117
flux1:, 0.6404775466941186, 0.32550602249270216, 0.38443872852618505
flux1:, 0.6405100726915385, 0.3254805110638011, 0.37293721890682435
flux1:, 0.6405425986889584, 0.3222947808045411, 0.3583961185936276
flux1:, 0.6405751246863782, 0.316060389149836, 0.34119232008243483
flux1:, 0.6406076506837981, 0.3069664130081191, 0.32175802429394734
flux1:, 0.640640176681218, 0.29526967768162865, 0.30056563692348015
flux1:, 0.6406727026786379, 0.28128382034668664, 0.278112477367551
flux1:, 0.6407052286760577, 0.26536754035415067, 0.25490572127326566
flux1:, 0.6407377546734776, 0.2479123894036481, 0.23144796763652015
flux1:, 0.6407702806708975, 0.22933044619971493, 0.2082237824364114
flux1:, 0.6408028066683173, 0.2100422032289571, 0.18568752454646284
flux1:, 0.6408353326657372, 0.19046496873516003, 0.16425270776689377
flux1:, 0.6408678586631571, 0.17100205585190667, 0.14428309695328187
flux1:, 0.640900384660577, 0.15203299439032592, 0.1260856781323002
flux1:, 0.6409329106579968, 0.13390496020735201, 0.10990558386048889
flux1:, 0.6409654366554167, 0.116925573708591, 0.095922997528368
flux1:, 0.6409979626528366, 0.10135717417439723, 0.0842520053424907
flux1:, 0.6410304886502565, 0.08741263150024531, 0.07494131367499883
flux1:, 0.6410630146476763, 0.0752527128321866, 0.06797670353684358
flux1:, 0.6410955406450962, 0.06498497956377938, 0.06328505406988581
flux1:, 0.6411280666425161, 0.05666415124146355, 0.060739733918577656
flux1:, 0.641160592639936, 0.05029383796216903, 0.060167133658649674
flux1:, 0.6411931186373558, 0.04582951254226346, 0.06135409442060799
flux1:, 0.6412256446347757, 0.043182568634428084, 0.0640559775202099
flux1:, 0.6412581706321956, 0.04222529143699215, 0.06800511714813587
flux1:, 0.6412906966296155, 0.04279655387949448, 0.07291940262995232
flux1:, 0.6413232226270353, 0.044708043211429314, 0.07851074791875541
flux1:, 0.6413557486244552, 0.047750820642298394, 0.08449322314358455
flux1:, 0.6413882746218751, 0.051702019809382174, 0.09059064539716344
flux1:, 0.641420800619295, 0.05633149798187725, 0.09654345259663914
flux1:, 0.6414533266167148, 0.061408266533269626, 0.10211471421482678
flux1:, 0.6414858526141347, 0.06670654372032518, 0.10709516494067062
flux1:, 0.6415183786115546, 0.07201129252247622, 0.11130718086656056
flux1:, 0.6415509046089745, 0.07712312849486883, 0.11460765161551444
flux1:, 0.6415834306063943, 0.08186250652401683, 0.11688973496259722
flux1:, 0.6416159566038142, 0.0860731202954633, 0.11808351209317802
flux1:, 0.6416484826012341, 0.08962447345380391, 0.11815559088904858
flux1:, 0.641681008598654, 0.09241360616096417, 0.11710773086649687
flux1:, 0.6417135345960738, 0.09436598439439975, 0.11497458605233894
flux1:, 0.6417460605934937, 0.09543558130044055, 0.11182068075414396
flux1:, 0.6417785865909136, 0.09560419973178061, 0.10773674756776726
flux1:, 0.6418111125883335, 0.09488010235014269, 0.10283556692222932
flux1:, 0.6418436385857533, 0.09329603005253563, 0.09724745296570593
flux1:, 0.6418761645831732, 0.09090670076802033, 0.09111553175288543
flux1:, 0.6419086905805931, 0.08778588876435035, 0.08459095473359081
flux1:, 0.641941216578013, 0.08402318946400766, 0.07782818377113324
flux1:, 0.6419737425754328, 0.07972057648832288, 0.070980473773217
flux1:, 0.6420062685728527, 0.07498885635812197, 0.06419566595790716
flux1:, 0.6420387945702726, 0.06994412221683137, 0.0576123893523863
flux1:, 0.6420713205676924, 0.06470430139292915, 0.05135675090129695
flux1:, 0.6421038465651123, 0.0593858829163651, 0.04553957612897854
flux1:, 0.6421363725625322, 0.05410090062713151, 0.04025424324590749
flux1:, 0.6421688985599521, 0.048954235667559756, 0.035575134488164975
flux1:, 0.642201424557372, 0.04404128933784253, 0.0315567098589449
flux1:, 0.6422339505547918, 0.03944606393951407, 0.02823319080506605
flux1:, 0.6422664765522117, 0.03523967572937924, 0.025618825138390963
flux1:, 0.6422990025496316, 0.03147931084096733, 0.023708690075322253
flux1:, 0.6423315285470514, 0.028207622346891587, 0.0224799779122323
flux1:, 0.6423640545444713, 0.02545255484769281, 0.02189369880425591
flux1:, 0.6423965805418912, 0.023227572342208496, 0.021896727510060304
flux1:, 0.6424291065393111, 0.021532255878585614, 0.02242411587236534
flux1:, 0.6424616325367309, 0.020353229765876047, 0.023401590212967817
flux1:, 0.6424941585341508, 0.019665369053806284, 0.02474815265266857
flux1:, 0.6425266845315707, 0.019433236618230248, 0.02637870747661929
flux1:, 0.6425592105289906, 0.01961269552880358, 0.02820663785672516
flux1:, 0.6425917365264104, 0.02015264137931235, 0.030146264267754436
flux1:, 0.6426242625238303, 0.020996799844827264, 0.032115123511310205
flux1:, 0.6426567885212502, 0.022085536768669117, 0.03403601608220733
flux1:, 0.6426893145186701, 0.02335763142063188, 0.03583877935108924
flux1:, 0.6427218405160899, 0.024751968021427175, 0.037461754361029005
flux1:, 0.6427543665135098, 0.026209106000777995, 0.03885292462221032
flux1:, 0.6427868925109297, 0.02767269553043057, 0.0399707158171896
flux1:, 0.6428194185083496, 0.02909071143578763, 0.04078445551152531
flux1:, 0.6428519445057694, 0.030416485422297693, 0.04127450153224887
flux1:, 0.6428844705031893, 0.03160952344768689, 0.04143205639925654
flux1:, 0.6429169965006092, 0.032636101834058844, 0.04125869288027456
flux1:, 0.6429495224980291, 0.033469642165411324, 0.040765622235389855
flux1:, 0.6429820484954489, 0.034090871001064095, 0.03997274191545516
flux1:, 0.6430145744928688, 0.03448777582071581, 0.03890750331453516
flux1:, 0.6430471004902887, 0.034655373296850644, 0.037603642628354514
flux1:, 0.6430796264877086, 0.03459530988596497, 0.03609981895674082
flux1:, 0.6431121524851284, 0.034315317791395725, 0.034438203565164735
flux1:, 0.6431446784825483, 0.033828551552706004, 0.032663062777459825
flux1:, 0.6431772044799682, 0.03315283186311161, 0.03081937442858114
flux1:, 0.6432097304773882, 0.032309823731227254, 0.028951514302817605
flux1:, 0.643242256474808, 0.03132417583828425, 0.027102044684296812
flux1:, 0.6432747824722279, 0.030222646955532232, 0.025310632217042724
flux1:, 0.6433073084696478, 0.029033243669911977, 0.023613116902049622
flux1:, 0.6433398344670677, 0.027784391502892226, 0.02204074841789992
flux1:, 0.6433723604644875, 0.026504158906137616, 0.02061960022415143
flux1:, 0.6434048864619074, 0.02521955068034487, 0.019370166255378646
flux1:, 0.6434374124593273, 0.023955884200120552, 0.018307139595441696
flux1:, 0.6434699384567472, 0.02273625854230091, 0.017439367472207142
flux1:, 0.643502464454167, 0.02158112331056431, 0.01676997235260346
flux1:, 0.6435349904515869, 0.02050795071695034, 0.016296624940997505
flux1:, 0.6435675164490068, 0.019531011408258032, 0.01601195156667876
flux1:, 0.6436000424464267, 0.018661251682880853, 0.015904055836610087
flux1:, 0.6436325684438465, 0.017906267194887363, 0.015957132556499304
flux1:, 0.6436650944412664, 0.017270366032830765, 0.016152150789012845
flux1:, 0.6436976204386863, 0.016754712227664142, 0.016467582507742124
flux1:, 0.6437301464361062, 0.016357539305370608, 0.016880153580423198
flux1:, 0.643762672433526, 0.016074422466969343, 0.017365594724640856
flux1:, 0.6437951984309459, 0.015898597343886794, 0.01789937155301559
flux1:, 0.6438277244283658, 0.015821313027984337, 0.018457374786131017
flux1:, 0.6438602504257857, 0.01583220718622547, 0.019016554071062345
flux1:, 0.6438927764232055, 0.01591969150713907, 0.01955548150846271
flux1:, 0.6439253024206254, 0.016071336451220077, 0.020054833867508486
flux1:, 0.6439578284180453, 0.016274245243809167, 0.020497785458880927
flux1:, 0.6439903544154651, 0.016515408210716658, 0.02087030665151835
flux1:, 0.644022880412885, 0.01678202986319991, 0.02116136597149547
flux1:, 0.6440554064103049, 0.01706182254105498, 0.02136303653323322
flux1:, 0.6440879324077248, 0.0173432618729646, 0.021470510155287108
flux1:, 0.6441204584051446, 0.01761580076563938, 0.02148202484578826
flux1:, 0.6441529844025645, 0.017870040047151408, 0.021398713359748158
flux1:, 0.6441855103999844, 0.01809785522907983, 0.02122438219804118
flux1:, 0.6442180363974043, 0.018292480083076226, 0.02096523171032095
flux1:, 0.6442505623948241, 0.018448548828227322, 0.020629528875079996
flux1:, 0.644283088392244, 0.018562099673500674, 0.02022724485650295
flux1:, 0.6443156143896639, 0.018630543243924214, 0.019769669594375504
flux1:, 0.6443481403870838, 0.018652600030682972, 0.019269015488952747
flux1:, 0.6443806663845036, 0.01862821144477666, 0.01873802172959876
flux1:, 0.6444131923819235, 0.01855842932174397, 0.01818957001720673
flux1:, 0.6444457183793434, 0.018445288833845358, 0.017636321392473533
flux1:, 0.6444782443767633, 0.018291669722872838, 0.017090382645057134
flux1:, 0.6445107703741831, 0.018101150592501888, 0.016563009396305353
flux1:, 0.644543296371603, 0.01787786070723931, 0.016064351464647596
flux1:, 0.6445758223690229, 0.017626333358269606, 0.015603244588955427
flux1:, 0.6446083483664428, 0.01735136439373008, 0.015187051045543106
flux1:, 0.6446408743638626, 0.017057878994542208, 0.014821550193243016
flux1:, 0.6446734003612825, 0.016750809225735425, 0.014510878555413711
flux1:, 0.6447059263587024, 0.016434984328803547, 0.014257517733572932
flux1:, 0.6447384523561223, 0.016115035159294123, 0.014062327271339837
flux1:, 0.6447709783535421, 0.015795313632637045, 0.013924618572743174
flux1:, 0.644803504350962, 0.015479827534181095, 0.013842265142239489
flux1:, 0.6448360303483819, 0.015172190587646064, 0.013811843764742026
flux1:, 0.6448685563458018, 0.014875587268665417, 0.013828800786878015
flux1:, 0.6449010823432216, 0.014592751504386227, 0.013887637395357266
flux1:, 0.6449336083406415, 0.014325958117065348, 0.013982107705277908
flux1:, 0.6449661343380614, 0.014077025655570095, 0.014105423563934317
flux1:, 0.6449986603354813, 0.013847329107540182, 0.014250460223899294
flux1:, 0.6450311863329011, 0.01363782089810172, 0.014409957428434051
flux1:, 0.645063712330321, 0.013449058552057816, 0.014576710959807865
flux1:, 0.6450962383277409, 0.013281237420014066, 0.01474375030474386
flux1:, 0.6451287643251608, 0.013134226938507916, 0.014904498767612205
flux1:, 0.6451612903225806, 0.013007609002086482, 0.015052913087439591
