flux1:, 1.1764705882352942, 2.521337310844857e-05, 3.4433514000720506e-06, -0.0016780605135850904, -0.004560663398003887, 0.004132853668847441
flux1:, 1.1774529451058982, 5.119611789784309e-06, 3.719335242100923e-06, -0.002399395024044572, -0.004997832672205467, 0.00511996556810497
flux1:, 1.1784353019765021, 2.6472976965617468e-05, 3.44912980189184e-06, -0.001989999728181647, -0.005299095040067341, 0.004821017054978185
flux1:, 1.179417658847106, 4.578360409464398e-06, 3.7979293513317023e-06, -0.002776902490841377, -0.005798786072457831, 0.005918769255872625
flux1:, 1.18040001571771, 2.754540604631329e-05, 3.418049267434045e-06, -0.002354676006168285, -0.0061503128601197495, 0.005616812880789318
flux1:, 1.181382372588314, 4.216468853719325e-06, 3.872258180867768e-06, -0.0032132676944693693, -0.006721065280718088, 0.006837567393625182
flux1:, 1.182364729458918, 2.8719298545122103e-05, 3.3977631234100064e-06, -0.0027796956846525495, -0.007129980208865387, 0.006535242833276019
flux1:, 1.183347086329522, 4.055383628429732e-06, 3.975936957152805e-06, -0.0037166775281926713, -0.007781321389618614, 0.007892750071928047
flux1:, 1.1843294432001257, 3.023411483278481e-05, 3.413829991765531e-06, -0.0032738341174977344, -0.008255741866514335, 0.007593268178560084
flux1:, 1.1853118000707297, 4.105889917720011e-06, 4.126262214108764e-06, -0.004296517381750922, -0.008998375507067233, 0.00910284162915163
flux1:, 1.1862941569413337, 3.230069748279052e-05, 3.477208476250702e-06, -0.0038471270981993715, -0.009547555264992416, 0.008810135967948019
flux1:, 1.1872765138119377, 4.387289891208853e-06, 4.33059932647932e-06, -0.004963495171387678, -0.010393441010720171, 0.01048872929343635
flux1:, 1.1882588706825417, 3.513944490742954e-05, 3.5907336262664414e-06, -0.004511010861239179, -0.011027932196922777, 0.010207599801890468
flux1:, 1.1892412275531457, 4.940619644710497e-06, 4.590794817850781e-06, -0.0057297801311458904, -0.011990567924519462, 0.01207410110593293
flux1:, 1.1902235844237494, 3.9023477729380336e-05, 3.7526733825693674e-06, -0.005278441637407492, -0.012722073540021996, 0.01181006380914726
flux1:, 1.1912059412943534, 5.84145605976908e-06, 4.9052554387699485e-06, -0.006609125737725812, -0.01381635443506714, 0.01388514536624335
flux1:, 1.1921882981649574, 4.43301261408248e-05, 3.957936463475962e-06, -0.0061640309470332505, -0.014658702395217632, 0.0136453458933303
flux1:, 1.1931706550355614, 7.2178802647958005e-06, 5.2694475596724105e-06, -0.007617016108464968, -0.015901850160062715, 0.015952391994468615
flux1:, 1.1941530119061654, 5.161188979794235e-05, 4.197865846433061e-06, -0.007184206835484886, -0.01686966818617754, 0.01574425187341932
flux1:, 1.1951353687767692, 9.279871927696352e-06, 5.6757998779936825e-06, -0.00877078213242822, -0.01828003687195834, 0.018308172122955966
flux1:, 1.1961177256473732, 6.170409225462796e-05, 4.459906075305034e-06, -0.008357240220133217, -0.019390550815281994, 0.018141121715310755
flux1:, 1.1971000825179772, 1.2368912709292743e-05, 6.115207275582353e-06, -0.010089680649269718, -0.02099020297549087, 0.02099069085410645
flux1:, 1.1980824393885812, 7.589212445953497e-05, 4.730668097340863e-06, -0.009703432684618742, -0.02226226342497772, 0.02087521159042817
flux1:, 1.1990647962591852, 1.703979643807942e-05, 6.58700560755525e-06, -0.011594797694606836, -0.02407368525403982, 0.02403952544562871
flux1:, 1.200047153129789, 9.615661958201881e-05, 5.01450283726259e-06, -0.011244586219302308, -0.0255291258513821, 0.02398810844706683
flux1:, 1.201029510000393, 2.4184312575293567e-05, 7.140753923016522e-06, -0.01330831974042762, -0.027580017427222832, 0.027500521531357052
flux1:, 1.202011866870997, 0.0001254528618513788, 5.408946525653352e-06, -0.013003249996177906, -0.029242878585057207, 0.027526907807012023
flux1:, 1.202994223741601, 3.5169265908554644e-05, 8.023912358966341e-06, -0.015252097986805123, -0.03156397129033864, 0.03142132995956634
flux1:, 1.203976580612205, 0.000167706691794405, 6.36279538667618e-06, -0.015000903849118301, -0.03346199837250883, 0.031541450380996025
flux1:, 1.2049589374828087, 5.1805619994863964e-05, 1.013096630007095e-05, -0.01744422003676718, -0.03608808318609197, 0.03585092809950657
flux1:, 1.2059412943534127, 0.0002264722414814804, 9.394037719338705e-06, -0.01725486811627999, -0.038251142962583674, 0.036081802617342
flux1:, 1.2069236512240167, 7.564714774321626e-05, 1.6009857411705595e-05, -0.0198944647591431, -0.04121973784321784, 0.040836907121709884
flux1:, 1.2079060080946207, 0.00030086944655106706, 1.829381861463689e-05, -0.019779717843965882, -0.04367713897891328, 0.04119956581675296
flux1:, 1.2088883649652247, 0.00010648693103773101, 3.0564178807433955e-05, -0.022608522996899267, -0.047020322346107535, 0.0464308598498062
flux1:, 1.2098707218358287, 0.0003821074550020989, 3.840622357198117e-05, -0.022603645587711604, -0.049791078911886395, 0.04695272072910568
flux1:, 1.2108530787064324, 0.00014211334662092857, 5.7147688872602563e-05, -0.025613939866845126, -0.05352151547512167, 0.05269469457811981
flux1:, 1.2118354355770364, 0.0004560091535606953, 6.904332061013047e-05, -0.025790852313785622, -0.056617185191752156, 0.053408755506418784
flux1:, 1.2128177924476404, 0.00017694287986305744, 8.772330687994087e-05, -0.028995430826573142, -0.06074831492369774, 0.05970965249776614
flux1:, 1.2138001493182444, 0.0004952613845931991, 9.530362974798156e-05, -0.029441634193889593, -0.06421457933043376, 0.06066381096976968
flux1:, 1.2147825061888484, 0.00019525774418721863, 0.00010362875394292001, -0.03290781480975302, -0.06881324039096816, 0.06761283075584733
flux1:, 1.2157648630594522, 0.00046996083058688807, 0.00010110091261299253, -0.03366990945721279, -0.0727510738602036, 0.06887370859294752
flux1:, 1.2167472199300562, 0.0001868503096034535, 9.898189482122324e-05, -0.037489821900549336, -0.07792842319049427, 0.07659649594290728
flux1:, 1.2177295768006602, 0.0004003662337765942, 9.114737563996168e-05, -0.038542892340600265, -0.08242633817318794, 0.07820322999889934
flux1:, 1.2187119336712642, 0.00016417310645993976, 8.627223959768581e-05, -0.04276803802398131, -0.08826351649277663, 0.08679966736624999
flux1:, 1.2196942905418682, 0.00032923187735732615, 7.880890921053951e-05, -0.04408477785492464, -0.09336806630407654, 0.08876201261832972
flux1:, 1.220676647412472, 0.00014184838259951945, 7.553101513753167e-05, -0.0487406384428188, -0.09992244577420296, 0.09830990455549642
flux1:, 1.221659004283076, 0.0002753037188642728, 7.004901910952556e-05, -0.05033521501285584, -0.10567820777823923, 0.1006487175690908
flux1:, 1.22264136115368, 0.00012534502035137644, 6.911426187055493e-05, -0.055447023341949564, -0.1130134529769978, 0.11123061503207039
flux1:, 1.223623718024284, 0.0002395259833573898, 6.538795748558148e-05, -0.057361253497835184, -0.1194803229304181, 0.1139868188076134
flux1:, 1.224606074894888, 0.00011529404851824781, 6.643973603617205e-05, -0.06295958300763448, -0.1276728175813927, 0.1256974469038431
flux1:, 1.2255884317654917, 0.00021851967664456484, 6.398463733657423e-05, -0.06524732895064517, -0.13492358104084337, 0.12892522803557768
flux1:, 1.2265707886360957, 0.00011138816822341619, 6.657849077536666e-05, -0.07136783989176597, -0.14406007768936874, 0.14187054216952544
flux1:, 1.2275531455066997, 0.00020953991426001087, 6.503881723865596e-05, -0.07408915328336428, -0.1521775706509415, 0.14563321419598343
flux1:, 1.2285355023773037, 0.00011387280213483944, 6.884212038384832e-05, -0.0807720206359943, -0.16235438625998563, 0.15993040599464997
flux1:, 1.2295178592479077, 0.0002115442312127183, 6.800012585092956e-05, -0.08399194200956604, -0.17143036166008507, 0.1642990976241246
flux1:, 1.2305002161185117, 0.0001242858510983271, 7.277143926854096e-05, -0.09128157862743784, -0.18275306935052008, 0.18007673227278995
flux1:, 1.2314825729891155, 0.0002255802262667489, 7.248104110203524e-05, -0.09507033091599502, -0.192888098084822, 0.18513065225868822
flux1:, 1.2324649298597194, 0.00014657806721332447, 7.799089145899869e-05, -0.10301536568147777, -0.20547201355316824, 0.20252950878616852
flux1:, 1.2334472867303234, 0.0002557841041421057, 7.807840955033402e-05, -0.10744858402537981, -0.21677614886684832, 0.2083573028900146
flux1:, 1.2344296436009274, 0.00018994076299322946, 8.395590898581704e-05, -0.11610190784526939, -0.23074754369982342, 0.22753150450779505
flux1:, 1.2354120004715314, 0.00031234109880462285, 8.403425002515308e-05, -0.12125943726631826, -0.24334208327717183, 0.2342335958762378
flux1:, 1.2363943573421352, 0.0002770576535169128, 8.941865218497823e-05, -0.13067763906401153, -0.25884162990882614, 0.255350889062814
flux1:, 1.2373767142127392, 0.00042010982340062936, 8.861885568759504e-05, -0.13663507903761513, -0.27286568447756726, 0.263041430336414
flux1:, 1.2383590710833432, 0.00047152307366747203, 9.188204552889706e-05, -0.1468716835426718, -0.29006449167683246, 0.2862729271563638
flux1:, 1.2393414279539472, 0.0006431670612968288, 9.171253169825887e-05, -0.15364946775746754, -0.30571386149324037, 0.29506086890686545
flux1:, 1.2403237848245512, 0.0009676066567564265, 0.00010389440934578834, -0.164688729114802, -0.32491975029200887, 0.320477873777559
flux1:, 1.241306141695155, 0.0010871089775466906, 0.0001763755490653487, -0.17197380223432318, -0.34268880811742874, 0.33024936464250076
flux1:, 1.242288498565759, 0.001971376492483477, 0.0004127548062621334, -0.18336620848017332, -0.3645789807135382, 0.35743648246071547
flux1:, 1.243270855436363, 0.0014236462292639828, 0.0008792558011995977, -0.19108270643080558, -0.38433215294217626, 0.3680682710570326
flux1:, 1.244253212306967, 0.002907854986981751, 0.0012384461063271476, -0.2023542529030265, -0.4067173026328087, 0.39732917880452784
flux1:, 1.245235569177571, 0.001420468229121295, 0.001041046211267117, -0.21293996981753274, -0.42593208671391825, 0.40858560677214256
flux1:, 1.2462179260481747, 0.0021982163618388174, 0.0006002653542402897, -0.2266004287804979, -0.45012768644512924, 0.4408428401847314
flux1:, 1.2472002829187787, 0.0005094810396444679, 0.00028730893542326614, -0.239916346683559, -0.47329225721306817, 0.45514352853938084
flux1:, 1.2481826397893827, 0.0009977580010096497, 0.00018172837763139776, -0.25532145550425117, -0.5014380300055381, 0.49190815695920903
flux1:, 1.2491649966599867, 0.00016876048715853978, 0.00011672110027216568, -0.2692434094746304, -0.527370971697369, 0.508032356979559
flux1:, 1.2501473535305907, 0.0005489403930519861, 0.0001099341922723781, -0.2858233572934705, -0.5583484560360558, 0.5482645410614649
flux1:, 1.2511297104011945, 6.464687142199761e-05, 9.538243831667564e-05, -0.3010415442402771, -0.5868610477658004, 0.5660980491461448
flux1:, 1.2521120672717985, 0.0003590592204237321, 0.00010576577187853947, -0.3189283476894301, -0.6208367794752963, 0.6099993722344011
flux1:, 1.2530944241424025, 2.7321186016220617e-05, 0.00010378690313856725, -0.3358415212854365, -0.6521720482408304, 0.6297778676385262
flux1:, 1.2540767810130065, 0.00026300094045688543, 0.00011747201319425521, -0.35514510451731257, -0.6894227179799703, 0.6776715620625346
flux1:, 1.2550591378836105, 1.3222589668067761e-05, 0.0001200927912630822, -0.3740150666884291, -0.7238450527172152, 0.6996224999620605
flux1:, 1.2560414947542144, 0.0002079879295773211, 0.0001342751328810184, -0.39483519990236216, -0.7646589890462169, 0.7518474741216062
flux1:, 1.2570238516248182, 8.868077760134224e-06, 0.0001394194903229777, -0.4158893486329842, -0.8024404085702891, 0.7761911413602463
flux1:, 1.2580062084954222, 0.0001737513462389287, 0.00015348059145082823, -0.43832456600247427, -0.847118370639292, 0.8331012281470419
flux1:, 1.2589885653660262, 9.301894724669346e-06, 0.00016056980894472498, -0.461786493267847, -0.8885431073025248, 0.860060670742039
flux1:, 1.2599709222366302, 0.00015124655625327292, 0.000174391251637793, -0.4859364766087474, -0.9374017862309626, 0.9220282914773796
flux1:, 1.2609532791072342, 1.248169526346994e-05, 0.0001833148763497104, -0.5120365984301902, -0.9827692792272953, 0.9518344418087817
flux1:, 1.261935635977838, 0.00013596109272284943, 0.00019689178837685952, -0.5380025730206268, -1.0361434641545637, 1.0192531656088255
flux1:, 1.262917992848442, 1.751596799568195e-05, 0.00020771391566495978, -0.566982611424265, -1.0857700637388656, 1.0521473997947002
flux1:, 1.263900349719046, 0.000125449655399378, 0.00022105581653863695, -0.5948671031820588, -1.1440140238901362, 1.125433727392125
flux1:, 1.26488270658965, 2.402324289405234e-05, 0.0002339177000094441, -0.6269823864229979, -1.198234073586454, 1.1616692183299844
flux1:, 1.265865063460254, 0.00011830455937898418, 0.0002470224832158375, -0.6568886765208082, -1.261722556774212, 1.2412639597611104
flux1:, 1.266847420330858, 3.187157250648279e-05, 0.0002621063642421, -0.6924095606852437, -1.3208891524502928, 1.281106422560196
flux1:, 1.2678297772014617, 0.00011368113238993117, 0.00027495438391814955, -0.7244409827859877, -1.3900181799966593, 1.3674758667862899
flux1:, 1.2688121340720657, 4.106311987456769e-05, 0.0002924688353536809, -0.7636538787492861, -1.4545037717236515, 1.4112039795949074
flux1:, 1.2697944909426697, 0.00011106104804634769, 0.00030502247725316256, -0.7979129391702883, -1.529691341414422, 1.5048409839243857
flux1:, 1.2707768478132737, 5.1679526635903083e-05, 0.0003251960422226557, -0.8411211341911975, -1.5998882228411595, 1.5527466092451923
flux1:, 1.2717592046838777, 0.00011012658648074447, 0.0003374005556265238, -0.877708512164441, -1.6815749064637942, 1.6541716092675074
flux1:, 1.2727415615544815, 6.385469763158807e-05, 0.00036047881381998516, -0.9252329238736585, -1.7578955941052095, 1.706559810114497
flux1:, 1.2737239184250855, 0.00011069029006558612, 0.000372263149539517, -0.964246341413041, -1.8465450765774634, 1.8163217707352575
flux1:, 1.2747062752956895, 7.776073757716434e-05, 0.0003985072816704471, -1.016426241426664, -1.9294226317019758, 1.873510697765816
flux1:, 1.2756886321662935, 0.00011265395296073835, 0.00040978468768097364, -1.057959212536112, -2.025522208913231, 1.9921880588409964
flux1:, 1.2766709890368975, 9.360046850164964e-05, 0.00043947073344732465, -1.1151529549236552, -2.1154104897420942, 2.0545087049898205
flux1:, 1.2776533459075012, 0.00011598383544721987, 0.0004501390748994687, -1.1592933837395782, -2.21947151659787, 2.182710300057213
flux1:, 1.2786357027781052, 0.00011160338402907365, 0.00048355751639727164, -1.2218791585095385, -2.316845363321328, 2.2505061042995544
flux1:, 1.2796180596487092, 0.0001206953101785999, 0.000493499405988346, -1.2687078044389637, -2.429403662217145, 2.388872058098647
flux1:, 1.2806004165193132, 0.00013202348419187303, 0.0005309549624868497, -1.3370844525195054, -2.534759020421221, 2.4624983521927093
flux1:, 1.2815827733899172, 0.00012684315658817203, 0.000540037816777706, -1.3866732482906712, -2.656375255235263, 2.611700958937339
flux1:, 1.282565130260521, 0.00015513815222146891, 0.0005818493912005593, -1.461261148181914, -2.770229233537174, 2.691524239035594
flux1:, 1.283547487131125, 0.00013451535045121886, 0.000589925459522699, -1.513671341719746, -2.901489248360611, 2.8522688260651745
flux1:, 1.284529844001729, 0.00018124765614602642, 0.0006364262704416989, -1.5949133912266764, -3.0243801178544785, 2.9386658367105523
flux1:, 1.285512200872333, 0.00014382909741333897, 0.0006433327641698748, -1.650193539708165, -3.165895262991379, 3.111691627179903
flux1:, 1.286494557742937, 0.0002106750870679579, 0.0006948706752464667, -1.7385562850224299, -3.2983824093263414, 3.2050482459341834
flux1:, 1.2874769146135407, 0.00015492836780015652, 0.0007004299977960733, -1.7967400478313014, -3.4507898562147132, 3.3911292312350176
flux1:, 1.2884592714841447, 0.00024376664126684306, 0.0007573681455322845, -1.892714933313408, -3.5934536758515243, 3.491839126032488
flux1:, 1.2894416283547487, 0.0001679824827746513, 0.0007613883352078204, -1.9538186159041153, -3.757416725186699, 3.6917849570800123
flux1:, 1.2904239852253527, 0.0002808922443087129, 0.0008241061026134158, -2.057923383248002, -3.910858472178337, 3.8002479988724107
flux1:, 1.2914063420959567, 0.00018318549670673332, 0.0008263814387388697, -2.1219432242584344, -4.087066867478824, 4.014904924170081
flux1:, 1.2923886989665605, 0.00032244652853536597, 0.0008952758574161918, -2.2347235252858155, -4.251908446001336, 4.131525329271119
flux1:, 1.2933710558371645, 0.00020075622003439043, 0.0008955877070014792, -2.3016326896272297, -4.4410786887663445, 4.361777193488318
flux1:, 1.2943534127077685, 0.000368850196256145, 0.0009710753788931488, -2.4236639077177693, -4.617962382407293, 4.48696136306445
flux1:, 1.2953357695783725, 0.00022093881628260965, 0.0009691932007069462, -2.4934091056549805, -4.820838056780006, 4.733730703885973
flux1:, 1.2963181264489765, 0.0004205518259193755, 0.0010517127824118191, -2.6252984248965805, -5.010426199535236, 4.867884741642013
flux1:, 1.2973004833195805, 0.0002440039580891437, 0.0010473952607970521, -2.6977961086854907, -5.227778321112695, 5.1321340295544635
flux1:, 1.2982828401901843, 0.0004780301544032929, 0.0011374105988431755, -2.8401848785862236, -5.430752906414752, 5.275660904460768
flux1:, 1.2992651970607882, 0.0002702505459810711, 0.001130406838787262, -2.9153169431570363, -5.663380293502908, 5.5583939728897125
flux1:, 1.3002475539313922, 0.0005417968443535545, 0.0012284107909764103, -3.0688833843952312, -5.880442502411523, 5.71169028925637
flux1:, 1.3012299108019962, 0.0003000080159035115, 0.0012184614494117644, -3.1464922837939224, -6.129172165729839, 6.013954012660606
flux1:, 1.3022122676726002, 0.0006123997527259387, 0.0013249804434527271, -3.3119545974594287, -6.3610417998793345, 6.177406341228408
flux1:, 1.303194624543204, 0.0003336392828835304, 0.0013118186812646974, -3.3918377654285314, -6.626729354091104, 6.500292633371148
flux1:, 1.304176981413808, 0.000690426674764013, 0.0014274180307842733, -3.5699577126428013, -6.8741441600046524, 6.6742733594453405
flux1:, 1.305159338284412, 0.0003715443722289524, 0.0014107701170689726, -3.651861181390346, -7.157674260295533, 7.018921587158104
flux1:, 1.306141695155016, 0.0007765095482756164, 0.0015360601216043196, -3.843448254732326, -7.421389125135028, 7.203784215087638
flux1:, 1.30712405202562, 0.00041416480318093746, 0.0015156455265775387, -3.9270593423682576, -7.723675924973197, 7.571384120044005
flux1:, 1.308106408896224, 0.000871329081363942, 0.0016512883842797537, -4.132975654654305, -8.004461910221327, 7.7674579383763
flux1:, 1.3090887657668278, 0.00046198882303489147, 0.0016268191616120534, -4.217914566437367, -8.326449532306057, 8.159253175504448
flux1:, 1.3100711226374318, 0.0009756197802907446, 0.0017735366977831308, -4.439080643075338, -8.625092718344177, 8.366837182091169
flux1:, 1.3110534795080357, 0.000515557571140819, 0.0017447159212085274, -4.524890828000396, -8.967755751284558, 8.784129632255471
flux1:, 1.3120358363786397, 0.0010901753516261122, 0.0019032981790962882, -4.762292512225465, -9.285055866457677, 9.003485607562524
flux1:, 1.3130181932492437, 0.0005754723392532079, 0.0018698172357274833, -4.848429511858976, -9.649399882786279, 9.447640640825952
flux1:, 1.3140005501198475, 0.0012158545478194779, 0.00204113198743789, -5.103126239774076, -9.986168659223548, 9.678985187508909
flux1:, 1.3149829069904515, 0.0006424031719740415, 0.0020026664486277423, -5.188944790780593, -10.373230746831432, 10.15143807145681
flux1:, 1.3159652638610555, 0.0013535875207576376, 0.0021876697081142683, -5.462079614792519, -10.730289966063923, 10.394933412346163
flux1:, 1.3169476207316595, 0.0007170990426134956, 0.002143873476624705, -5.5468186536486375, -11.141139307679714, 10.897197152244207
flux1:, 1.3179299776022635, 0.0015043828993518845, 0.002343621096359225, -5.839630446467639, -11.519318501484332, 11.152940450165548
flux1:, 1.3189123344728673, 0.0008004001765665541, 0.0022941184941251604, -5.922395644710449, -11.955057023780764, 11.68661541872259
flux1:, 1.3198946913434713, 0.0016693358837392767, 0.0025097790846732044, -6.236234113210246, -12.3551907766345, 11.954626284710937
flux1:, 1.3208770482140753, 0.0008932529476386856, 0.002454154506323311, -6.3159773665754715, -12.816953896956, 12.521412070853678
flux1:, 1.3218594050846793, 0.0018496378357819923, 0.0026870238823563115, -6.65232154943687, -13.239878671548066, 12.801617831326256
flux1:, 1.3228417619552832, 0.0009967284548446696, 0.002624808506400373, -6.727816743194873, -13.728836164050715, 13.403327874235515
flux1:, 1.323824118825887, 0.0020465882388604768, 0.0028763260460198743, -7.088298015457433, -14.175386563494664, 13.695546036512276
flux1:, 1.324806475696491, 0.0011120459590786586, 0.0028069810317232343, -7.158112149776709, -14.692743591904183, 14.334125774078696
flux1:, 1.325788832567095, 0.002261610047343276, 0.0030787484454921506, -7.544542948358521, -15.163747955293026, 14.638042953030658
flux1:, 1.326771189437699, 0.0012406030653044624, 0.0030016438646856933, -7.6070014265358585, -15.710746324506692, 15.315592447636046
flux1:, 1.327753546308303, 0.0024962703064230385, 0.003295447092743724, -8.021411451060606, -16.20702153130551, 15.630738783286937
flux1:, 1.3287359031789068, 0.001384015385699738, 0.0032098356825886677, -8.07455596953362, -16.784941245331257, 16.34954112422313
flux1:, 1.3297182600495108, 0.002752308478816479, 0.003527670975617427, -8.519238111323295, -17.307286592526097, 16.67525889125979
flux1:, 1.3307006169201148, 0.001544169631273015, 0.00343265548665943, -8.560774937695141, -17.917447828484235, 17.4378161195247
flux1:, 1.3316829737907188, 0.003031676373020669, 0.0037767610789809112, -9.038343977926564, -18.466637801753464, 17.77322077029467
flux1:, 1.3326653306613228, 0.0017232959491873432, 0.003671253605673209, -9.06557964248809, -19.110403439312034, 18.58229973438441
flux1:, 1.3336476875319265, 0.003336595274177093, 0.004044149078755429, -9.579048062253237, -19.687179164827718, 18.92623095380992
flux1:, 1.3346300444025305, 0.0019240682771895486, 0.003926820258100138, -9.588808320923054, -20.36595805887793, 19.784922439276702
flux1:, 1.3356124012731345, 0.0036696389167260655, 0.004331356629745779, -10.141685132288085, -20.971017185645724, 20.135881828913902
flux1:, 1.3365947581437385, 0.002149745982340299, 0.004200571732685194, -10.130211233694316, -21.686268427552314, 21.047677700132525
flux1:, 1.3375771150143425, 0.004033855426474362, 0.004639996586222466, -10.726632409164127, -22.320253137989155, 21.40374829773246
flux1:, 1.3385594718849465, 0.002404377360274443, 0.004493734343605882, -10.689446173896963, -23.07349160814283, 22.372643503521285
flux1:, 1.3395418287555503, 0.004432948772619978, 0.004971778517278982, -11.334349128396898, -23.736974401214205, 22.73138421659103
flux1:, 1.3405241856261543, 0.0026930975903971086, 0.004807526750937543, -11.266074224886237, -24.52977797575038, 23.762013756402887
flux1:, 1.3415065424967583, 0.004871552486994604, 0.005328522175957379, -11.96543490189384, -25.2232448227572, 24.12031849718558
flux1:, 1.3424888993673623, 0.00302257392978124, 0.0051431413170215335, -11.859555374429245, -26.057263620791957, 25.218144583563006
flux1:, 1.3434712562379663, 0.005355649131894904, 0.005712184833004989, -12.620716381526703, -26.78109407507363, 25.572050701222814
flux1:, 1.34445361310857, 0.0034016863560968474, 0.005501726252013694, -12.469243210818657, -27.65806204788714, 26.743623750518744
flux1:, 1.345435969979174, 0.005893225928821733, 0.006124912681039107, -13.301377779025149, -28.4125059779841, 27.088045926716028
flux1:, 1.346418326849778, 0.0038425961848552624, 0.00588437136645344, -13.094377063342565, -29.334254759320814, 28.34137713053805
flux1:, 1.347400683720382, 0.006495324795757064, 0.0065691334091468115, -14.00916190107479, -30.119405708844294, 28.66972871505162
flux1:, 1.348383040590986, 0.004362477122841307, 0.006292103116917474, -13.734068762625622, -31.087879488010017, 30.01483663100889
flux1:, 1.34936539746159, 0.007177776388890064, 0.007047721694737477, -14.746689707066537, -31.903645651196168, 30.318475644321932
flux1:, 1.3503477543321938, 0.004986426689169342, 0.006725901961578207, -14.387278770554127, -32.92091271681437, 31.768214314642343
flux1:, 1.3513301112027978, 0.007964176007413086, 0.007564299733404511, -15.517989111170856, -33.76698915874772, 32.035606218610624
flux1:, 1.3523124680734018, 0.005752592033785429, 0.00718677376645497, -15.052772035675222, -34.83523753458044, 33.60696896672673
flux1:, 1.3532948249440058, 0.008891244591186464, 0.008123804233452632, -16.32941559646994, -35.71109024017771, 33.82237171432697
flux1:, 1.3542771818146098, 0.006721719639407203, 0.007675960971706662, -15.72903535152478, -36.832572612973316, 35.53864191346806
flux1:, 1.3552595386852135, 0.010019099851792562, 0.008733625561553634, -17.19135910108018, -37.737463605837576, 35.67994208690138
flux1:, 1.3562418955558175, 0.007996261499369509, 0.008195547901689927, -16.414119991320398, -38.914293418049844, 37.57445286643977
flux1:, 1.3572242524264215, 0.011452559480245442, 0.009406113456510316, -18.121668458806457, -39.84742873305163, 37.60939322579485
flux1:, 1.3582066092970255, 0.009762287673352322, 0.008750305989107995, -17.105333519976487, -41.08093321809838, 39.73260596996578
flux1:, 1.3591889661676295, 0.013390205256001899, 0.010164826826723717, -19.153254576072847, -42.0419749563286, 39.61170705321712
flux1:, 1.3601713230382333, 0.012393487878913643, 0.009354046683342174, -17.798608715556092, -43.330626012532704, 42.04592400762448
flux1:, 1.3611536799088373, 0.01625490412001473, 0.011063120962526077, -20.35343672245806, -44.32134749014657, 41.68784956328703
flux1:, 1.3621360367794413, 0.01675834941975608, 0.010056131652569978, -18.487132110864152, -45.65344559166894, 44.58238474201195
flux1:, 1.3631183936500453, 0.021123128431075732, 0.012255884007800047, -21.88388379990615, -46.683406272669814, 43.83933010803475
flux1:, 1.3641007505206493, 0.02540793499756705, 0.011092933833741948, -19.15818450481007, -48.00527833984062, 47.51500343140252
flux1:, 1.365083107391253, 0.0317352944336829, 0.014427293230906512, -24.25659757482658, -49.114264453997436, 46.0729331292193
flux1:, 1.366065464261857, 0.050128708097211684, 0.014469413511371666, -19.786093522267187, -50.12181609272072, 51.48790190289402
flux1:, 1.367047821132461, 0.07508974158434355, 0.02550010835804467, -30.495756377287517, -51.4751583935972, 48.4962453416618
flux1:, 1.368030178003065, 0.3665453687083075, 0.15499766982325253, -20.02986730798405, -47.0197613386864, 65.40223420228074
flux1:, 1.369012534873669, 0.09026158908507292, 0.3168384385270132, 3.9537345131568262, -56.16196629270801, 56.6039771915525
flux1:, 1.3699948917442728, 0.04472424431345162, 0.245502343877512, -16.342973110888302, -77.90527931336742, 63.54991057706994
flux1:, 1.3709772486148768, 0.08926765615228034, 0.08273781831121302, -5.1921022293921535, -59.749996212757196, 57.983698327054555
flux1:, 1.3719596054854808, -0.0041290642375780544, 0.026775920798481134, -25.641666897150174, -53.07339353927941, 46.34365385518432
flux1:, 1.3729419623560848, -0.011474231316610422, 0.013130235268244249, -17.75856244482675, -59.67615735872257, 55.94396327351108
flux1:, 1.3739243192266888, -0.014545740731457306, 0.017825992988265427, -24.59651011526288, -59.42533649351901, 53.15379390176259
flux1:, 1.3749066760972926, -0.007599949868223712, 0.014614222422531454, -20.39071578725952, -62.6405562607129, 58.46430903396811
flux1:, 1.3758890329678966, -0.01307149623255098, 0.017636952944475592, -25.000724807952647, -63.14957714288538, 57.056157389909565
flux1:, 1.3768713898385005, -0.005138623654094208, 0.015912853554365915, -22.04427331527694, -65.65545814191249, 61.12490665566627
flux1:, 1.3778537467091045, -0.01175026124649495, 0.018230519493527813, -25.653895746549182, -66.50214287878323, 60.39385779663397
flux1:, 1.3788361035797085, -0.0036786331807192483, 0.017149782067074897, -23.363271870031852, -68.74239771563693, 63.87417910383366
flux1:, 1.3798184604503125, -0.0109580001361462, 0.01909266180837167, -26.3993307008045, -69.78899316335526, 63.558060537822946
flux1:, 1.3808008173209163, -0.002853321337964244, 0.018394491869363965, -24.528936304926756, -71.90784101409793, 66.70202077927816
flux1:, 1.3817831741915203, -0.010611144735381023, 0.020110920601351223, -27.192886216336696, -73.09302728274348, 66.67222475840302
flux1:, 1.3827655310621243, -0.0024792415399350226, 0.01967771839890438, -25.613912793206953, -75.15293441283623, 69.60397762053388
flux1:, 1.3837478879327283, -0.010630789560437141, 0.02124788163486774, -28.01724820345274, -76.44403253715903, 69.78713275682539
flux1:, 1.3847302448033323, -0.0024655318747187783, 0.021016142580465663, -26.653145200037372, -78.47667406041509, 72.57679454391096
flux1:, 1.3857126016739363, -0.010970279432027658, 0.02248888374485588, -28.864049510857008, -79.8539043574651, 72.92662655637089
flux1:, 1.38669495854454, -0.002769603931178179, 0.022420449022204386, -27.665384178463164, -81.87685631936269, 75.61735326280277
flux1:, 1.387677315415144, -0.011607804242430355, 0.023828046738818904, -29.728497147084347, -83.3269582770814, 76.10242052496511
flux1:, 1.388659672285748, -0.0033766497227066252, 0.023898243825097722, -28.66135137486454, -85.3503906840768, 78.72230792178883
flux1:, 1.389642029156352, -0.012539100538559547, 0.025263281549920674, -30.6073502356093, -86.86364481878525, 79.31992539497357
flux1:, 1.390624386026956, -0.00428976286774541, 0.025455215986169566, -29.64731522590135, -88.89339685999903, 81.88791972935798
flux1:, 1.3916067428975598, -0.01377287652370951, 0.02679412164937297, -31.498022270034777, -90.46208032689668, 82.5808556762861
flux1:, 1.3925890997681638, -0.0055250435662229985, 0.027095615547075878, -30.626817240592256, -92.50121715655736, 85.10996077693405
flux1:, 1.3935714566387678, -0.01532824511125331, 0.02842062853324633, -32.3981220379166, -94.11873292114008, 85.88450790904281
flux1:, 1.3945538135093718, -0.007109224097910139, 0.028822439471690504, -31.601560716794058, -96.16839125684048, 88.38364524295059
flux1:, 1.3955361703799758, -0.017233431013602522, 0.030142769548183696, -33.30518431724703, -97.82874118515656, 89.22842791386373
flux1:, 1.3965185272505796, -0.009078669277591853, 0.030637486371813242, -32.57188387597412, -99.88861228984744, 91.70357251326656
flux1:, 1.3975008841211836, -0.019525278407968957, 0.03196003021971857, -34.216488405972136, -101.58605781026034, 92.60877310561442
flux1:, 1.3984832409917876, -0.011479181538309862, 0.03254135255375491, -33.53701082523064, -103.65467251646521, 95.06367605384833
flux1:, 1.3994655978623916, -0.022249268675066727, 0.033871155077170645, -35.128919327091616, -105.38350312826597, 96.020512520818
flux1:, 1.4004479547329955, -0.014366299667718449, 0.034533401162322966, -34.4951769114003, -107.45840246009891, 98.45717559912076
flux1:, 1.4014303116035993, -0.025459856321177917, 0.03587395948679838, -36.03885172889555, -109.21276892733336, 99.45753613075173
flux1:, 1.4024126684742033, -0.01780589233685474, 0.036611709964332155, -35.44368185877531, -111.29060525640205, 101.87653189225492
flux1:, 1.4033950253448073, -0.029220969943287937, 0.03796516651119911, -36.9420502834429, -113.064392894114, 102.91271171617755
flux1:, 1.4043773822154113, -0.02187487963163604, 0.03877297732040416, -36.37890558149892, -115.14098698904903, 105.31340398049885
flux1:, 1.4053597390860153, -0.033606519740012324, 0.04014021085705514, -37.83359047478235, -116.92771443279759, 106.37791090645922
flux1:, 1.406342095956619, -0.02666189426600501, 0.04101233034522053, -37.29631577314257, -118.99808336157679, 108.75860935258305
flux1:, 1.407324452827223, -0.038700709577892706, 0.04239291690581502, -38.707813577772804, -120.7908179087051, 109.84401705196514
flux1:, 1.408306809697827, -0.03226762611075254, 0.04332292447569407, -38.19049873356161, -122.84918310143838, 112.20208706613444
flux1:, 1.409289166568431, -0.04459787169649588, 0.04471489574375699, -39.55834154232767, -124.64046728417208, 113.30092231821968
flux1:, 1.410271523439035, -0.038804481774752125, 0.045695142434010086, -39.05525330799384, -126.68024914556693, 115.63286345895361
flux1:, 1.4112538803096388, -0.05140142918343379, 0.04709441173689827, -40.37819175757117, -128.46203583109045, 116.73751772602098
flux1:, 1.4122362371802428, -0.04639504152921394, 0.04811508676576894, -39.88380007733267, -130.47584018931482, 119.03901882121613
flux1:, 1.4132185940508468, -0.059221461033118435, 0.04951434233672353, -41.1600470921135, -132.2394359592502, 120.14167662088227
flux1:, 1.4142009509214508, -0.055168635384134246, 0.050561920090655174, -40.669170873829195, -134.21903799744175, 122.4076514484716
flux1:, 1.4151833077920548, -0.06817023795316497, 0.051948712708948096, -41.89674858462278, -135.95505731671128, 123.50022869860332
flux1:, 1.4161656646626586, -0.0652552537318373, 0.0530034718345069, -41.404849484172985, -137.89139027715729, 125.72483277988194
flux1:, 1.4171480215332626, -0.07835510160831644, 0.05435718114688927, -42.58207676710781, -139.5897262455527, 126.79891814247698
flux1:, 1.4181303784038666, -0.07677608255262236, 0.055389478186799526, -42.085719728441205, -141.47288482826986, 128.97554435628507
flux1:, 1.4191127352744706, -0.0898683144756687, 0.05667689351475937, -43.21185524509565, -143.12270584450636, 130.0223362426197
flux1:, 1.4200950921450746, -0.08983039721180927, 0.057641997965744554, -42.70932106031042, -144.941976954822, 132.1435853374007
flux1:, 1.4210774490156786, -0.10277418245577158, 0.0588114900301109, -43.785326407949995, -146.53176114265938, 133.15381805812194
flux1:, 1.4220598058862823, -0.10447955472090689, 0.05964314741644879, -43.27729658289985, -148.2756955266429, 135.21144124812767
flux1:, 1.4230421627568863, -0.11709493220596216, 0.060617930616032475, -44.30660030951206, -149.7933139936547, 136.17529750594517
flux1:, 1.4240245196274903, -0.12073040246887844, 0.06122148035160149, -43.79674126992391, -151.4498484602398, 138.16011397379438
flux1:, 1.4250068764980943, -0.1327982949855996, 0.0618932737549802, -44.785783574506056, -152.88270149137549, 139.0671292544198
flux1:, 1.4259892333686983, -0.1385221106946263, 0.06214002286918675, -44.28096898303954, -154.43933042739707, 140.96893264021108
flux1:, 1.4269715902393023, -0.14979074641435136, 0.06236529485152416, -45.239238706818554, -155.77452661587023, 141.80790993685358
flux1:, 1.427953947109906, -0.15772107756909776, 0.062090591400681704, -44.749130844607805, -157.21850447975973, 143.61539284659932
flux1:, 1.42893630398051, -0.16791959308066212, 0.061692036785736766, -45.68844719852533, -158.4430555370618, 144.37435950940886
flux1:, 1.429918660851114, -0.17812658302784037, 0.06069955638984347, -45.22428381143076, -159.7615959362873, 146.0750962481409
flux1:, 1.430901017721718, -0.18698344691374627, 0.059474995799998605, -46.15728185266112, -160.8625903665186, 146.74134006892305
flux1:, 1.431883374592322, -0.19948441119468527, 0.057548827452141, -45.72999770391303, -162.04302925211633, 148.32186935568794
flux1:, 1.4328657314629258, -0.2067443125322975, 0.055288352541452354, -46.668103162946856, -163.00776639744194, 148.88208796400096
flux1:, 1.4338480883335298, -0.22149791575537298, 0.05221301375666009, -46.28623536687109, -164.0376882230651, 150.3281256917693
flux1:, 1.4348304452041338, -0.22692778406109834, 0.04872394356802371, -47.23768733651998, -164.85379510750442, 150.76870331697683
flux1:, 1.4358128020747378, -0.24381920207185528, 0.04431194336321858, -46.905677915716126, -165.72117383150535, 152.0654947789737
flux1:, 1.4367951589453418, -0.24719366282408173, 0.03945181023334005, -47.87419406167459, -166.37679352763155, 152.3729134817481
flux1:, 1.4377775158159456, -0.2660000423708031, 0.03358061190377556, -47.59157228262567, -167.07027446070018, 153.50574260446447
flux1:, 1.4387598726865496, -0.26705845263226985, 0.027302515715079197, -48.575990078871484, -167.55448621271404, 153.6671592996324
flux1:, 1.4397422295571536, -0.28738205528231137, 0.019968856908587167, -48.33755667396519, -168.06400557236455, 154.62207799256845
flux1:, 1.4407245864277576, -0.28575057578422425, 0.012391786745442428, -49.3323977665884, -168.3677112690521, 154.62616760951832
flux1:, 1.4417069432983616, -0.30690377932424084, 0.0038016934517255646, -49.12918125510095, -168.6857401954359, 155.3911111052075
flux1:, 1.4426893001689653, -0.30197352901252233, -0.004668864033401905, -50.1258205250541, -168.80336635214093, 155.22940149080006
flux1:, 1.4436716570395693, -0.32279320614550744, -0.013940749711904716, -49.94644308267163, -168.9272236427299, 155.79602178662577
flux1:, 1.4446540139101733, -0.3135384519760748, -0.02239847041790994, -50.934562703492304, -168.85980124300278, 155.4651321622272
flux1:, 1.4456363707807773, -0.332097694294039, -0.031125315779283444, -50.76679299364756, -168.79576550784495, 155.83191950983243
flux1:, 1.4466187276513813, -0.3168105464720503, -0.037787895508444996, -51.73603983976726, -168.55630804344838, 155.337362072302
flux1:, 1.447601084521985, -0.3299921152654881, -0.043603515519437246, -51.568632423703576, -168.32667858548322, 155.51491351116564
flux1:, 1.448583441392589, -0.3059192831351203, -0.045191115332915206, -52.51074051196958, -167.94918560675455, 154.87734370894333
flux1:, 1.449565798263193, -0.308850498123668, -0.04381780643377802, -52.33599416632996, -167.6036989844145, 154.8967664020793
flux1:, 1.450548155133797, -0.27179469518371385, -0.03463970333265093, -53.2478479815072, -167.1569018484397, 154.16131461452008
flux1:, 1.451530512004401, -0.2573132434963414, -0.018870920583592295, -53.06531818583058, -166.78867808948655, 154.0858107844713
flux1:, 1.4525128688750049, -0.2015350426824002, 0.010149654346988658, -53.9529619522462, -166.39241239885277, 153.33280424475112
flux1:, 1.4534952257456089, -0.16036493114962014, 0.05114810017076635, -53.773565930448186, -166.15189440741443, 153.26778784325268
flux1:, 1.4544775826162128, -0.07978483024744726, 0.11238272100209176, -54.65472268225828, -165.9819202829259, 152.61502801743143
flux1:, 1.4554599394868168, -0.003106812539043485, 0.191538982799407, -54.500486595310676, -166.063109455621, 152.69906055605293
flux1:, 1.4564422963574208, 0.10436825518325053, 0.29665662789499564, -55.397518030498205, -166.3045396178901, 152.26911964014383
flux1:, 1.4574246532280246, 0.21780386596278037, 0.42175619845185647, -55.286076668347825, -166.8515761179529, 152.61041918098024
flux1:, 1.4584070100986286, 0.3423621774687014, 0.5708525894286993, -56.19818039334642, -167.55125329800615, 152.43144654101187
flux1:, 1.4593893669692326, 0.4767080062013246, 0.7313820718992387, -56.106455209263785, -168.46834110326284, 152.97891254416948
flux1:, 1.4603717238398366, 0.5922345071439318, 0.9008903967474111, -56.97146894282537, -169.34762081180332, 152.8631422759351
flux1:, 1.4613540807104406, 0.7150636267510162, 1.0623180470612994, -56.81114838859182, -170.1864748132583, 153.32955806077865
flux1:, 1.4623364375810444, 0.7910146315361528, 1.2108420324930003, -57.51182747406311, -170.68394654340676, 152.9088046281573
flux1:, 1.4633187944516486, 0.8727371704833036, 1.3332148401077926, -57.17169263737125, -170.87224190120082, 152.9222054303669
flux1:, 1.4643011513222524, 0.8958392888257667, 1.4288417651658305, -57.61027691285719, -170.51266025857754, 151.89608319905807
flux1:, 1.4652835081928564, 0.9283789536208004, 1.4934296050059617, -57.03377698532811, -169.74256667810985, 151.2571324464638
flux1:, 1.4662658650634603, 0.9078675410016155, 1.5310204550172264, -57.19081017502559, -168.41326783777438, 149.57032203081818
flux1:, 1.4672482219340643, 0.9015608383189574, 1.5438373052206538, -56.39612116582788, -166.7347439967741, 148.3132175539727
flux1:, 1.4682305788046683, 0.855935827175343, 1.5366730958508532, -56.31485012739003, -164.60479698039813, 146.09345668173856
flux1:, 1.4692129356752721, 0.825866555136877, 1.514034705173244, -55.357754549919356, -162.24491233609203, 144.36658839699194
flux1:, 1.470195292545876, 0.7708163986804917, 1.4788840244426542, -55.100329253899744, -159.56255402790518, 141.78731036227433
flux1:, 1.47117764941648, 0.7288031337961361, 1.4358308149909038, -54.03808197451757, -156.7578617726553, 139.7439797635987
flux1:, 1.472160006287084, 0.6738495847936014, 1.385633638488079, -53.65935766098969, -153.73773275734396, 136.95103670360734
flux1:, 1.473142363157688, 0.6272337368223624, 1.3324786449791988, -52.536542299766694, -150.67319800647215, 134.71077551007645
flux1:, 1.4741247200282919, 0.5770245995316444, 1.2754823023524373, -52.077490513707865, -147.47314166699573, 131.80961804903518
flux1:, 1.4751070768988959, 0.5299594161639737, 1.2184580291905769, -50.92534545269771, -144.28138630576638, 129.45873764974377
flux1:, 1.4760894337694999, 0.4862654325194322, 1.159518707694864, -50.41486714056284, -141.01313136512354, 126.52337887528333
flux1:, 1.4770717906401039, 0.44107294963998994, 1.1022313662020393, -49.25461606272354, -137.78860636049336, 124.12467522352988
flux1:, 1.4780541475107078, 0.4041984508379353, 1.0441668235531572, -48.71294179921824, -134.53188447500648, 121.20798327162092
flux1:, 1.4790365043813116, 0.36222654751860206, 0.9887260954688734, -47.55909112322069, -131.3427020544066, 118.80837231301109
flux1:, 1.4800188612519156, 0.3317975309533134, 0.9332182430558953, -47.00052120321703, -128.15465085621318, 115.94854184328287
flux1:, 1.4810012181225196, 0.2938601535853177, 0.880914147751345, -45.863157470665485, -125.04942433858666, 113.58309408655474
flux1:, 1.4819835749931236, 0.2692162102286012, 0.8290124096611121, -45.297828741365606, -121.96956909991545, 110.80681055915053
flux1:, 1.4829659318637276, 0.2357901797472744, 0.7806665875076632, -44.18398824408257, -118.98085598583391, 108.50043693542366
flux1:, 1.4839482887343314, 0.2161669174716213, 0.7330362074138232, -43.61890232406178, -116.03370210675519, 105.82433566996696
flux1:, 1.4849306456049354, 0.18747200942357478, 0.6891632994124294, -42.53331351026425, -113.18001569103498, 103.59257987163463
flux1:, 1.4859130024755394, 0.1720849542183372, 0.6461953956311086, -41.97293150745263, -110.37695188823243, 101.02429258815003
flux1:, 1.4868953593461434, 0.14812083653190597, 0.6070701358921419, -40.91841399417843, -107.6646694391922, 98.87420981214728
flux1:, 1.4878777162167474, 0.13620795877093955, 0.5689294132329032, -40.365058026590035, -105.00613006815895, 96.41370791279459
flux1:, 1.4888600730873511, 0.11678451797942747, 0.5346176834529612, -39.342782319167696, -102.43188051601217, 94.3452563709084
flux1:, 1.4898424299579551, 0.10763305704180191, 0.5012712218313883, -38.796989260718085, -99.91002994451563, 91.986675068132
flux1:, 1.4908247868285591, 0.09240762936683557, 0.47165578061802615, -37.80671220855329, -97.46355929421924, 89.99460429083031
flux1:, 1.4918071436991631, 0.08537423576716004, 0.4429033372699648, -37.26759778654202, -95.06529659717737, 87.72837638941068
flux1:, 1.4927895005697671, 0.0738963101167229, 0.4177161218588602, -36.307915049188395, -92.73247525343852, 85.80433794788703
flux1:, 1.4937718574403709, 0.0684219412877447, 0.39322742275664924, -35.77354540527465, -90.44235499914812, 83.61931244857729
flux1:, 1.4947542143109749, 0.060180166524846444, 0.3720888734294595, -34.84215500596224, -88.20790803515001, 81.75385089492035
flux1:, 1.4957365711815789, 0.055798882590987954, 0.3514451839834974, -34.30989496449512, -86.01059324502044, 79.63909038928925
flux1:, 1.4967189280521829, 0.05026432883710536, 0.3339057015445877, -33.4038490306515, -83.86023222353376, 77.8232459417772
flux1:, 1.4977012849227869, 0.04660549751369746, 0.3166400954678558, -32.87065818595404, -81.74224605028027, 75.76931715803231
flux1:, 1.4986836417933906, 0.04326687427888853, 0.30221784523402323, -31.98658710519656, -79.66405714149953, 73.99571029670282
flux1:, 1.4996659986639946, 0.040051481542564576, 0.28784918060437553, -31.4492562508649, -77.61477983113889, 71.99542623978616
flux1:, 1.5006483555345986, 0.03844055205254963, 0.27606008957678063, -30.583571262562792, -75.59988918540876, 70.25882907144192
flux1:, 1.5016307124052026, 0.035473255152605035, 0.26411791379297506, -30.038921639771754, -73.61188696350739, 68.30751424023934
flux1:, 1.5026130692758066, 0.03518079997420845, 0.25449622781836995, -29.18802859254371, -71.65453293739398, 66.60500488621362
flux1:, 1.5035954261464104, 0.032339627833123746, 0.24453632543619072, -28.63312529110976, -69.72338006294704, 64.7004151826201
flux1:, 1.5045777830170146, 0.03302347355115456, 0.23664648028484409, -27.7937045550144, -67.82056635542001, 63.03125033979223
flux1:, 1.5055601398876184, 0.030248674697632653, 0.22825886255962663, -27.22615337439943, -65.94433940049817, 61.173289625929165
flux1:, 1.5065424967582224, 0.03163548627543181, 0.22170125229379925, -26.395566506071496, -64.09524213656827, 59.538625808772686
flux1:, 1.5075248536288264, 0.028918156182731292, 0.21451383977397576, -25.813955725688807, -62.27385101640995, 57.72897557957274
flux1:, 1.5085072104994304, 0.030800164919112215, 0.20892819268425392, -24.990809445679915, -60.47913193126288, 56.13153548855847
flux1:, 1.5094895673700344, 0.028170286673670754, 0.20261010391148915, -24.395302942977473, -58.71362874358631, 54.37326743574193
flux1:, 1.5104719242406381, 0.030397372181355804, 0.19768032543925976, -23.580114868565857, -56.974784232780856, 52.816997477294294
flux1:, 1.5114542811112421, 0.027910276175247575, 0.19194813594409327, -22.97308633544959, -55.266769515377916, 51.11418467965128
flux1:, 1.5124366379818461, 0.030377515556038775, 0.1874110860524179, -22.168857020789925, -53.58562357348481, 49.60389748181452
flux1:, 1.5134189948524501, 0.028098135008918775, 0.18203908358446028, -21.555303779499685, -51.93684279464695, 47.96119680908732
flux1:, 1.5144013517230541, 0.0307297308013222, 0.1776964378863015, -20.767671067330788, -50.31525557186917, 46.50216051733773
flux1:, 1.515383708593658, 0.02871574723763279, 0.1725279037926855, -20.155063501405508, -48.72742681193494, 44.92433128105337
flux1:, 1.516366065464262, 0.03144814942126096, 0.16825597869885306, -19.39173368997218, -47.16722188791583, 43.5217805857423
flux1:, 1.5173484223348659, 0.02973547458468183, 0.16320886104375226, -18.789085793676946, -45.642051065951954, 42.01314864296925
flux1:, 1.5183307792054699, 0.032504219822577216, 0.15895902915239749, -18.05850791824408, -44.1450737154571, 40.671754798294074
flux1:, 1.5193131360760739, 0.03109927608388242, 0.15401943533758689, -17.474825023457417, -42.68432953127392, 39.235705809081594
flux1:, 1.5202954929466777, 0.03383354499436102, 0.1498045545464337, -16.784501802791958, -41.25248854379754, 37.959112455471846
flux1:, 1.5212778498172816, 0.03271479128590007, 0.14500682292966835, -16.22715374186729, -39.85798935037522, 36.59773978777669
flux1:, 1.5222602066878856, 0.03534032499306168, 0.1408762027951098, -15.582246102216605, -38.49316224325732, 35.38828168809405
flux1:, 1.5232425635584896, 0.03446727613804117, 0.13627561910605213, -15.055895006441464, -37.16660043753692, 34.1022728815197
flux1:, 1.5242249204290936, 0.036914275321049975, 0.1322871834436254, -14.458626504631251, -35.87038519686675, 32.96092362243265
flux1:, 1.5252072772996974, 0.03623904838360563, 0.1279348934521827, -13.96501730727296, -34.61302856584285, 31.74966807779004
flux1:, 1.5261896341703014, 0.03845004423325159, 0.12413359217271783, -13.414936192481058, -33.38642381673559, 30.67616475536005
flux1:, 1.5271719910409054, 0.03792652520548896, 0.12006063793191324, -12.95340597163264, -32.19880075652239, 29.537983318623912
flux1:, 1.5281543479115094, 0.03986071077860384, 0.11646742916065675, -12.448176837093957, -31.04192275934846, 28.531024727628154
flux1:, 1.5291367047821134, 0.039449015385718385, 0.11267922723094734, -12.016488132626925, -29.923586242104513, 27.463410391586606
flux1:, 1.5301190616527172, 0.04108230230802406, 0.10928956854790621, -11.552788933411405, -28.83549100436885, 26.520840527059704
flux1:, 1.5311014185233212, 0.040748929060515, 0.10576797011178457, -11.147925451856455, -27.784901077288634, 25.52064331604567
flux1:, 1.5320837753939252, 0.04207096727585554, 0.10255607724707637, -10.722162495689949, -26.763524478336198, 24.63958094959203
flux1:, 1.5330661322645291, 0.041786408323556005, 0.09926509147027797, -10.340903007654562, -25.778042199574223, 23.70312413746181
flux1:, 1.5340484891351331, 0.042796348541908336, 0.09619039935876304, -9.949648046527045, -24.820239316900572, 22.880043272444908
flux1:, 1.535030846005737, 0.04253198145306763, 0.09308272581139733, -9.588897591533287, -23.896208661544843, 22.003193670470974
flux1:, 1.536013202876341, 0.04323439477516039, 0.09009646886569721, -9.229080462081615, -22.997871294734516, 21.233983902709017
flux1:, 1.536995559746945, 0.04295995584515526, 0.08711956422383041, -8.886023051051186, -22.130773558644975, 20.41221336552014
flux1:, 1.537977916617549, 0.043361747300621215, 0.08417082456473869, -8.554961958885112, -21.287019327581785, 19.692257548775725
flux1:, 1.538960273488153, 0.04304415535617056, 0.08127238132181692, -8.227117196518678, -20.471701311204562, 18.92073465657356
flux1:, 1.5399426303587567, 0.04315287654693751, 0.0783137764930394, -7.9224666633534095, -19.677143432036456, 18.245041251802963
flux1:, 1.5409249872293607, 0.04275681958390046, 0.07544698400222678, -7.607716817146325, -18.908132560729488, 17.51878757525388
flux1:, 1.5419073440999647, 0.04258053200631224, 0.07244034664172752, -7.327392168944972, -18.157244816127726, 16.88220885438065
flux1:, 1.5428897009705687, 0.0420709714138415, 0.06956922826054258, -7.024019693173344, -17.429161350254855, 16.19634282515058
flux1:, 1.5438720578411727, 0.04161961262636442, 0.06649131161625624, -6.766133977617633, -16.71673940156268, 15.593894012705887
flux1:, 1.5448544147117764, 0.04096604164036889, 0.06359594938891527, -6.472882492056149, -16.024791385187616, 14.943962418830203
flux1:, 1.5458367715823806, 0.040253967333223076, 0.06044355954628079, -6.2357119528719505, -15.346475443747297, 14.371225693515813
flux1:, 1.5468191284529844, 0.03943577635107269, 0.057524338916057474, -5.951859108882327, -14.686976347091738, 13.753585323572116
flux1:, 1.5478014853235884, 0.03848475353856181, 0.05431762110380625, -5.733836780096855, -14.03974773655837, 13.207137320370903
flux1:, 1.5487838421941924, 0.03749646505231501, 0.05139708032341304, -5.459248200642478, -13.41054418157519, 12.61930441262532
flux1:, 1.5497661990647964, 0.036338003624095117, 0.04817938052793994, -5.258972266336701, -12.793062636965415, 12.09706118264752
flux1:, 1.5507485559354004, 0.03519272025736906, 0.0453002602883228, -4.994097665543328, -12.193731274554983, 11.53791577642449
flux1:, 1.5517309128060042, 0.03386853364392669, 0.04213345991048886, -4.8103348601595455, -11.606377145716563, 11.039273486574839
flux1:, 1.5527132696766082, 0.03259808409220945, 0.039352416541309894, -4.556117018202505, -11.038080856332734, 10.509018302624453
flux1:, 1.5536956265472122, 0.0311579250396097, 0.036307986988518975, -4.387784945931138, -10.482633589044513, 10.034707577266474
flux1:, 1.5546779834178162, 0.0298090963460661, 0.03368597546785489, -4.145479858385691, -9.947627499663657, 9.534550068579401
flux1:, 1.5556603402884202, 0.0283061807872485, 0.030833696642805615, -3.9916049294045797, -9.426635584256275, 9.086214730034733
flux1:, 1.556642697159024, 0.026933811928942585, 0.028425478573027674, -3.7625460800412447, -8.927543994676318, 8.617842851769389
flux1:, 1.557625054029628, 0.02541906836881788, 0.025822844397915084, -3.6222087348355365, -8.443561234242477, 8.197457438888213
flux1:, 1.558607410900232, 0.024077938920668177, 0.023668523039146423, -3.4075716362512547, -7.9826348947234775, 7.7624597045797925
flux1:, 1.559589767770836, 0.022594798986042806, 0.021353600437568624, -3.279858116647907, -7.537542809924821, 7.371755647521167
flux1:, 1.56057212464144, 0.021332529686275692, 0.019474207924117613, -3.0804798587130318, -7.116099246284767, 6.971147151068214
flux1:, 1.5615544815120437, 0.0199136360611926, 0.017463263775190342, -2.964455917103691, -6.71068124539418, 6.611194882881221
flux1:, 1.5625368383826477, 0.01876614426541734, 0.015860777701100184, -2.780740877492055, -6.328838601440899, 6.245151452517529
flux1:, 1.5635191952532517, 0.01743246754096115, 0.014150229790412996, -2.67545149827357, -5.9626580773685385, 5.9161663931993305
flux1:, 1.5645015521238557, 0.016422390136984308, 0.012810935337597718, -2.5073634677756793, -5.619355866617466, 5.583980677583334
flux1:, 1.5654839089944597, 0.01518437040956346, 0.011382024967073023, -2.4118520615795003, -5.290885100867047, 5.285335602468576
flux1:, 1.5664662658650634, 0.014321914063118297, 0.010281492873358552, -2.2589704506966117, -4.984103886600525, 4.985540207794343
flux1:, 1.5674486227356674, 0.01318177588450213, 0.009105849970577416, -2.17230629551652, -4.690997725475678, 4.715914758037581
flux1:, 1.5684309796062714, 0.012467016320345093, 0.008213971957620322, -2.033916116968409, -4.418066729955236, 4.446491444501973
flux1:, 1.5694133364768754, 0.011421398040760903, 0.007258695690456499, -1.955220133348695, -4.15747671619249, 4.204080099340713
flux1:, 1.5703956933474794, 0.010847087657189362, 0.006543812959906808, -1.8304093632750071, -3.9153794707627685, 3.962683955465491
flux1:, 1.5713780502180832, 0.009889391351164923, 0.005775364455379236, -1.7588724981717558, -3.6842365853047396, 3.7454022014598483
flux1:, 1.5723604070886872, 0.009443620514622752, 0.005207137686885508, -1.6466196783021094, -3.469862624409323, 3.5295560498099285
flux1:, 1.5733427639592912, 0.008565807299354085, 0.0045939011572749665, -1.5815124216280951, -3.2650944549613703, 3.3352112660596944
flux1:, 1.5743251208298952, 0.008234184819784536, 0.004144988696625713, -1.4807564827288826, -3.075419095732403, 3.1424515996216247
flux1:, 1.5753074777004992, 0.0074279812287978, 0.00365868342557337, -1.4214306011947455, -2.8940955808312765, 2.968867606052142
flux1:, 1.576289834571103, 0.007195241231094726, 0.0033054905946697847, -1.3311214125790607, -2.7262916432347133, 2.796841258737427
flux1:, 1.577272191441707, 0.006452852267411829, 0.0029217365875017992, -1.2770061502648584, -2.565709183378163, 2.641939212190389
flux1:, 1.578254548312311, 0.006303933730862406, 0.002644536513642594, -1.1961379143874253, -2.4172045165171405, 2.488458996351179
flux1:, 1.579236905182915, 0.005618399547513725, 0.002342870877139789, -1.1467329094556553, -2.2749238717727303, 2.3503033743233837
flux1:, 1.580219262053519, 0.005539102833978717, 0.0021255538704426495, -1.0743639209811182, -2.143420626973787, 2.213373560275479
flux1:, 1.5812016189241227, 0.004904426634170916, 0.001889134528103608, -1.0292306676624838, -2.017273742943967, 2.0901930902268435
flux1:, 1.5821839757947267, 0.00488176069033651, 0.0017187736902540037, -0.9644931072245699, -1.9007433522346293, 1.968014787254512
flux1:, 1.5831663326653307, 0.00429290579323357, 0.0015339359221344156, -0.9232462495284464, -1.7888214086133638, 1.8582069033954753
flux1:, 1.5841486895359347, 0.004315225774372451, 0.0014002912831542157, -0.8653491826063195, -1.6854858687119025, 1.7491712551559815
flux1:, 1.5851310464065387, 0.0037680479084750695, 0.0012560617132659545, -0.8276484285895888, -1.586117431751286, 1.651296624122289
flux1:, 1.5861134032771425, 0.003825061869660583, 0.0011510943940365175, -0.7758765126309757, -1.494424174210714, 1.5539714434202845
flux1:, 1.5870957601477467, 0.0033162165757911516, 0.0010387222047896505, -0.741419603121327, -1.4061493188793437, 1.466743134460041
flux1:, 1.5880781170183504, 0.00339891950168565, 0.0009561552857498672, -0.6951293130650824, -1.3247442594975813, 1.3798566843544728
flux1:, 1.5890604738889544, 0.0029257654530096618, 0.0008686906575635325, -0.663646170207791, -1.2462882216718458, 1.3021269847159793
flux1:, 1.5900428307595584, 0.0030263417803105676, 0.0008036317943866632, -0.622260784454493, -1.1739896455495902, 1.224551194189487
flux1:, 1.5910251876301624, 0.0025868479280664017, 0.0007355636233968409, -0.5935088319050399, -1.1042379674673537, 1.155297921843892
flux1:, 1.5920075445007664, 0.002698569836807419, 0.0006841923881588294, -0.5565129195770336, -1.0400125262639013, 1.0860322515642933
flux1:, 1.5929899013713702, 0.0022912256759346056, 0.000631147406813787, -0.5302733193734758, -0.9779885841662931, 1.024345531561872
flux1:, 1.5939722582419742, 0.0024083638391288963, 0.0005904643193146329, -0.4972072466624048, -0.9209301879171998, 0.9625022793491428
flux1:, 1.5949546151125782, 0.0020320879489927795, 0.0005489648061999576, -0.473282022722941, -0.8657755992863874, 0.9075724783941421
flux1:, 1.5959369719831822, 0.0021498402724743773, 0.0005165966375340094, -0.44373655194829936, -0.8150870214052444, 0.8523634949055688
flux1:, 1.5969193288537862, 0.0018038796434752015, 0.0004838716079711221, -0.4219460496308428, -0.7660447176364914, 0.8034701925821883
flux1:, 1.59790168572439, 0.0019183162607266445, 0.0004579263298230913, -0.3955571208154177, -0.7210220710566844, 0.7541951307286622
flux1:, 1.598884042594994, 0.0016021326564035578, 0.00043176948428709597, -0.3757377546906986, -0.677422092357296, 0.7106972662281246
flux1:, 1.599866399465598, 0.001710148204682254, 0.0004107332147603858, -0.3521814108847232, -0.6374418599929722, 0.6667331215293539
flux1:, 1.600848756336202, 0.0014232929435257485, 0.0003893992966164236, -0.3341834493564499, -0.5986895594667508, 0.6280600659304504
flux1:, 1.601831113206806, 0.0015225547520587809, 0.00037206607934026775, -0.3131709093739492, -0.5631979257785532, 0.588851828554847
flux1:, 1.6028134700774097, 0.0012645414207916115, 0.0003541956768083443, -0.2968562846039276, -0.528764309062853, 0.5544952456301007
flux1:, 1.6037958269480137, 0.0013534243002923942, 0.0003396197090179527, -0.27812927029183787, -0.49726845799565333, 0.519547536275746
flux1:, 1.6047781838186177, 0.0011236152481025527, 0.00032418184656430715, -0.2633695194766711, -0.466682299755947, 0.4890539515320927
flux1:, 1.6057605406892217, 0.0012011194374623782, 0.0003116417851279664, -0.24669600214214146, -0.43874329002291906, 0.45792359254084014
flux1:, 1.6067428975598257, 0.0009986431110306398, 0.00029788484526736104, -0.2333705141675969, -0.41158462748782276, 0.4308876792638332
flux1:, 1.6077252544304295, 0.0010642988694150042, 0.0002868519231400675, -0.2185410685579653, -0.386811443464912, 0.4031772119843279
flux1:, 1.6087076113010335, 0.0008880097508749338, 0.0002742566907409945, -0.20653580867179455, -0.3627060585030804, 0.3792358539149424
flux1:, 1.6096899681716375, 0.0009417768537350333, 0.0002643620630501903, -0.19336068932948697, -0.34075048100500305, 0.3545880108105822
flux1:, 1.6106723250422414, 0.0007902598987974262, 0.0002525946686060284, -0.18256745898071552, -0.3193650548129543, 0.33341518571674184
flux1:, 1.6116546819128454, 0.0008324312615040888, 0.00024359527882020297, -0.17087437941365194, -0.29991709117708615, 0.3115082740944757
flux1:, 1.6126370387834492, 0.0007040427430639618, 0.00023246130053741323, -0.16119054041498643, -0.2809548247924822, 0.2928107426249691
flux1:, 1.6136193956540532, 0.0007351589757027974, 0.00022420630341192537, -0.15082303238532596, -0.26373855130329016, 0.27335482968603425
flux1:, 1.6146017525246572, 0.0006280895265760439, 0.0002136088218926392, -0.14215154621802598, -0.24693515450175765, 0.25686854209651244
flux1:, 1.6155841093952612, 0.0006488675551556545, 0.00020600935303297734, -0.13296771222415188, -0.23170491544921779, 0.2396022831281259
flux1:, 1.6165664662658652, 0.000561212436134873, 0.00019591356190635164, -0.12521731436487582, -0.21682493988948315, 0.2250893708757599
flux1:, 1.617548823136469, 0.0005724880899317096, 0.00018891802360983798, -0.11708881165746547, -0.20336189803727991, 0.20977731572296499
flux1:, 1.618531180007073, 0.0005023130605300864, 0.0001793237722717909, -0.11017418781884983, -0.19019542304989853, 0.19702352728820424
flux1:, 1.619513536877677, 0.0005049956402276394, 0.00017289951311905109, -0.10298529921197218, -0.17830447040046682, 0.18345376478955627
flux1:, 1.620495893748281, 0.00045039161093366045, 0.00016382174633423994, -0.09682715433968662, -0.16666415082450742, 0.1722662245294958
flux1:, 1.621478250618885, 0.00044542791910857167, 0.00015794281058857144, -0.09047387862100054, -0.1561711790810946, 0.16024826452569893
flux1:, 1.6224606074894887, 0.0004045522015591155, 0.00014939887271456768, -0.08499889398616374, -0.1458896491562802, 0.15045346797533118
flux1:, 1.6234429643600927, 0.000392897929921352, 0.0001440388006934114, -0.07938803565859659, -0.1366391633633179, 0.1398163015528702
flux1:, 1.6244253212306967, 0.0003640027790074098, 0.000136041123504493, -0.07452870055844557, -0.12756677549733253, 0.13125829370098652
flux1:, 1.6254076781013007, 0.0003465996297701641, 0.0001311694873638148, -0.06957695477904437, -0.11941982118306613, 0.12184860052268827
flux1:, 1.6263900349719047, 0.00032805020238389467, 0.00012372214366425347, -0.06527132203417527, -0.11142268530793349, 0.11438730563803509
flux1:, 1.6273723918425085, 0.00030580778720859904, 0.00011930363793759688, -0.06090438152488284, -0.10425505103354712, 0.10606779451450879
flux1:, 1.6283547487131127, 0.00029609204902386426, 0.00011240149077005918, -0.05709576334445815, -0.09721333607311013, 0.09957748455430983
flux1:, 1.6293371055837165, 0.00026987400447314264, 0.00010839658179566116, -0.05324745061987515, -0.09091399255045766, 0.09222536417442675
flux1:, 1.6303194624543205, 0.00026760678443010885, 0.00010202602588330295, -0.049884087209240466, -0.08472045046951322, 0.08659325912864235
flux1:, 1.6313018193249245, 0.0002382206747979884, 9.839243753641793e-05, -0.04649553407741908, -0.07919018822793339, 0.08009883553802301
flux1:, 1.6322841761955285, 0.00024214362152548695, 9.253301940513126e-05, -0.04353025932673956, -0.07374886373093596, 0.07522383122925934
flux1:, 1.6332665330661325, 0.00021033425408240153, 8.922755434452406e-05, -0.040549142185147165, -0.06889909524815845, 0.06948922833836928
flux1:, 1.6342488899367362, 0.00021931300576430996, 8.385397725604047e-05, -0.03793905965730163, -0.0641241884330826, 0.06528074746367181
flux1:, 1.6352312468073402, 0.00018575869510899232, 8.083433915992953e-05, -0.03531889348201623, -0.059875885574319464, 0.060218744872303435
flux1:, 1.6362136036779442, 0.00019877822254986256, 7.591852222531303e-05, -0.03302506845558963, -0.05569074025094658, 0.0565957061344758
flux1:, 1.6371959605485482, 0.000164089485882044, 7.314493353942754e-05, -0.030724559933698187, -0.051973482791082326, 0.05212868610892735
flux1:, 1.6381783174191522, 0.00018024833913736832, 6.865790689176026e-05, -0.028711732098791257, -0.048309678167864835, 0.0490185838637005
flux1:, 1.639160674289756, 0.0001449684648164348, 6.609439007628232e-05, -0.02669419231934358, -0.04506079428373149, 0.045077577312457186
flux1:, 1.64014303116036, 0.00016347245563389626, 6.200787976507587e-05, -0.024930508409771946, -0.041857323239657754, 0.04241566293648582
flux1:, 1.641125388030964, 0.00012807939014616385, 5.962314082016499e-05, -0.023163322393380238, -0.03902110748752021, 0.0389394829940309
flux1:, 1.642107744901568, 0.0001482350910315666, 5.591076087781197e-05, -0.021620087202085643, -0.036223628892348335, 0.03666803687523407
flux1:, 1.643090101772172, 0.00011314417069396839, 5.367865187754771e-05, -0.0200742369820968, -0.033750628075261864, 0.03360248878487936
flux1:, 1.6440724586427757, 0.00013435247245259353, 5.031665887259421e-05, -0.018725676568561767, -0.03131078692901498, 0.03167017347609265
flux1:, 1.6450548155133797, 9.991961012269918e-05, 4.8216240613537484e-05, -0.017375316798048032, -0.029157149065425672, 0.028967331442739965
flux1:, 1.6460371723839837, 0.00012166942712759824, 4.5183841811648855e-05, -0.01619836044006662, -0.027031958137786603, 0.027328613215346565
flux1:, 1.6470195292545877, 8.819447949677988e-05, 4.3199082318928486e-05, -0.015020449852460678, -0.025158836572685615, 0.024946150624943715
flux1:, 1.6480018861251917, 0.00011005657746364296, 4.047832452176542e-05, -0.013994521279284354, -0.023310113834090825, 0.023560774567080903
flux1:, 1.6489842429957955, 7.778672559811106e-05, 3.859750368859992e-05, -0.012968499743345845, -0.02168312560058607, 0.021461343550594696
flux1:, 1.6499665998663995, 9.940755802986387e-05, 3.617280760429539e-05, -0.012075311886162125, -0.02007698767462239, 0.020293855087062898
flux1:, 1.6509489567370035, 6.854063215390021e-05, 3.438770866340223e-05, -0.011182823486864082, -0.01866572458803887, 0.018444512949137182
flux1:, 1.6519313136076075, 8.96360435120294e-05, 3.224515245531742e-05, -0.010406179191043549, -0.017272132091160092, 0.017463815545025123
flux1:, 1.6529136704782115, 6.0323820818984056e-05, 3.055014091338314e-05, -0.009630837725390941, -0.016049721029802157, 0.01583549640138453
flux1:, 1.6538960273488152, 8.067250265037406e-05, 2.8676620650280625e-05, -0.008956435543567006, -0.014842071822478833, 0.015014437674626053
flux1:, 1.6548783842194192, 5.302406435150311e-05, 2.7067707207911014e-05, -0.008283627203474779, -0.013784781011946709, 0.013581471405669608
flux1:, 1.6558607410900232, 7.246071771931269e-05, 2.5450107987394145e-05, -0.007698871155742401, -0.012739546897003696, 0.012896452334603752
flux1:, 1.6568430979606272, 4.654597692709468e-05, 2.3924090040385263e-05, -0.007115586689639233, -0.011826434728395072, 0.011636133770684943
flux1:, 1.6578254548312312, 6.49542250686277e-05, 2.2548601937467198e-05, -0.0066094022254831256, -0.010922836840233404, 0.011066737883230031
flux1:, 1.658807811701835, 4.0807723534238136e-05, 2.1102370592411433e-05, -0.006104092933862924, -0.010135439343732908, 0.009958948305562166
flux1:, 1.659790168572439, 5.811293367317709e-05, 1.9954039150024137e-05, -0.0056667506315271, -0.009355157426294307, 0.009487589557097768
flux1:, 1.660772525443043, 3.5737974040427424e-05, 1.8584104954611632e-05, -0.005229200450030487, -0.00867721060889745, 0.008514470501342738
flux1:, 1.661754882313647, 5.190019725104738e-05, 1.7646664240804856e-05, -0.004852151330452267, -0.008004121954394674, 0.008126060665237746
flux1:, 1.662737239184251, 3.127326756209479e-05, 1.6348918252935915e-05, -0.004473359495559037, -0.007421315680694244, 0.007271737813349179
flux1:, 1.6637195960548548, 4.628054121634721e-05, 1.5604884153731994e-05, -0.004149085547257762, -0.0068412602575811, 0.006953375582153203
flux1:, 1.6647019529254587, 2.7355913164945852e-05, 1.4374578094635851e-05, -0.0038211570183105618, -0.006341020060978372, 0.006203727885305852
flux1:, 1.6656843097960627, 4.121811787924141e-05, 1.380555300823431e-05, -0.0035430395114727405, -0.005841587953521651, 0.005944411469142865
flux1:, 1.6666666666666667, 2.3932439217293904e-05, 1.2637458394837987e-05, -0.0032590797906663894, -0.0054128808355547505, 0.005286878105489187
