flux1:, 1.1764705882352942, 6.636214680923835e-05, 0.00032935009081871904, -0.02984480487632671, -0.01121558756063279, -0.004574024973728753
flux1:, 1.1774529451058982, 6.074887696053936e-05, -5.394398086056189e-06, -0.0358041632730327, -0.020008541410400076, -0.0009216300444862296
flux1:, 1.1784353019765021, 8.222777317926513e-05, 0.0003604942779814696, -0.030006912575085355, -0.011637019930653155, -0.004297777130035186
flux1:, 1.179417658847106, 6.864957697493761e-05, -1.4251036017680744e-05, -0.03660622051699065, -0.02146943961090415, -0.00031632200401537534
flux1:, 1.18040001571771, 0.00010717599451696866, 0.00039733769249527975, -0.030104681394135732, -0.012137247062220646, -0.0039539348984549885
flux1:, 1.181382372588314, 7.857826018498444e-05, -2.251140916142435e-05, -0.03742364389236717, -0.023124677282639207, 0.0003720363390613611
flux1:, 1.182364729458918, 0.00014656375944208599, 0.00043955430760015974, -0.030126264750646316, -0.012728982091862422, -0.0035331905542114943
flux1:, 1.183347086329522, 9.062342014944256e-05, -2.8801255616985062e-05, -0.038258388015325065, -0.02499943489231785, 0.0011467487348944393
flux1:, 1.1843294432001257, 0.00020775352902633397, 0.00048510617577316486, -0.030060397970781593, -0.013427796720006194, -0.003026717701754635
flux1:, 1.1853118000707297, 0.0001040789470770676, -3.1672842264224875e-05, -0.03911374677476858, -0.027125673550751978, 0.002009599294627965
flux1:, 1.1862941569413337, 0.000298578748413524, 0.0005302862232455673, -0.029903132236956297, -0.014257713497443652, -0.0024261429499394306
flux1:, 1.1872765138119377, 0.00011650015095401327, -3.1353650798031354e-05, -0.039996194274382245, -0.029549997266504875, 0.002966169920275436
flux1:, 1.1882588706825417, 0.0004224973798823586, 0.0005734272388217238, -0.029672481695326155, -0.015263529838994554, -0.0017226929549896601
flux1:, 1.1892412275531457, 0.00012285863819618296, -3.253136965304231e-05, -0.040919994588936213, -0.032339954358121405, 0.004037960515777304
flux1:, 1.1902235844237494, 0.0005710517793237737, 0.0006231117598271142, -0.02942218195896296, -0.016525326575101838, -0.0009085523416382807
flux1:, 1.1912059412943534, 0.00011626464040290926, -4.399644199013602e-05, -0.04190549749234023, -0.03556989243229571, 0.0052765210655565335
flux1:, 1.1921882981649574, 0.000718574048832163, 0.0006994176050140573, -0.02921656724053599, -0.018153687525636956, 1.6931402110359988e-05
flux1:, 1.1931706550355614, 9.198610857056711e-05, -6.98269670555982e-05, -0.042942350749729935, -0.03928052464202318, 0.00676878848919178
flux1:, 1.1941530119061654, 0.0008264178713642573, 0.0008111335675270157, -0.02903193930610973, -0.020240244090770573, 0.0010547808283480626
flux1:, 1.1951353687767692, 5.391998134409814e-05, -9.964823927430009e-05, -0.043928170855581636, -0.04346793620536328, 0.008619462550428694
flux1:, 1.1961177256473732, 0.0008657174214408302, 0.0009310874664167755, -0.028680222861434894, -0.02279329933683761, 0.0022483059624700923
flux1:, 1.1971000825179772, 1.5129478866356655e-05, -0.00011696516852591427, -0.044704383422699646, -0.0481554619386544, 0.01090091798106478
flux1:, 1.1980824393885812, 0.0008442899014265361, 0.0010207784154086976, -0.02793350071195576, -0.02576450047939109, 0.003698579026735387
flux1:, 1.1990647962591852, -1.3021893893174068e-05, -0.00011746498913519756, -0.04519481937188534, -0.053451846886757214, 0.013625424131571515
flux1:, 1.200047153129789, 0.0007958926646162865, 0.0010718135922498297, -0.026701981318358867, -0.02915310398370421, 0.005507555369622212
flux1:, 1.201029510000393, -2.827139492341562e-05, -0.00010872715714450346, -0.04543125553938023, -0.05950734408809415, 0.01678715057265335
flux1:, 1.202011866870997, 0.0007488524974755851, 0.0011012547546919375, -0.025009840377759354, -0.03303738938756654, 0.0077404905205453265
flux1:, 1.202994223741601, -3.364729591824225e-05, -9.883875172234521e-05, -0.045466947641706744, -0.06646263842458741, 0.020405970063809994
flux1:, 1.203976580612205, 0.0007161644869530503, 0.0011283799700070815, -0.022890114638964253, -0.03753625247354902, 0.01044352899681593
flux1:, 1.2049589374828087, -3.239010651203335e-05, -9.18461860945836e-05, -0.045326093545932214, -0.07444742527805104, 0.024532106976478698
flux1:, 1.2059412943534127, 0.0007016351418692528, 0.0011659532656858368, -0.020341876640911815, -0.04278087959077834, 0.01366741440964974
flux1:, 1.2069236512240167, -2.6243780098268256e-05, -8.876404987951388e-05, -0.04500356243283342, -0.08359575582985213, 0.029236204731975895
flux1:, 1.2079060080946207, 0.0007062856655914164, 0.0012216633370212139, -0.01733249149109071, -0.04890947864064363, 0.01747751315602524
flux1:, 1.2088883649652247, -1.5423864365285555e-05, -8.912700625560129e-05, -0.04447688138918708, -0.09405632964370175, 0.03460239919853155
flux1:, 1.2098707218358287, 0.000731670904672738, 0.0013011754923109332, -0.013807842670833513, -0.05607071228426268, 0.021956333206908905
flux1:, 1.2108530787064324, 1.2741520571578724e-06, -9.17126924599937e-05, -0.04371520659040599, -0.10599697852891328, 0.040725619221086876
flux1:, 1.2118354355770364, 0.000781619205671908, 0.0014103693749609732, -0.009699231722536675, -0.0644279211101423, 0.02720449756881047
flux1:, 1.2128177924476404, 2.6764061289837836e-05, -9.455814021098322e-05, -0.04268471117896483, -0.11960610969516734, 0.04771067325131049
flux1:, 1.2138001493182444, 0.0008638960660848599, 0.0015568968895365491, -0.00492705270021481, -0.07416196219105141, 0.03334224212990197
flux1:, 1.2147825061888484, 6.665968076661996e-05, -9.441044377266401e-05, -0.041352556667702996, -0.13509210886881057, 0.05567108543692217
flux1:, 1.2157648630594522, 0.0009929735932015442, 0.0017515126051661602, 0.0005965596492923803, -0.08547165851496806, 0.0405116821111041
flux1:, 1.2167472199300562, 0.0001315758679737086, -8.545394883060427e-05, -0.0396912649746232, -0.15267972302540114, 0.06472561603097059
flux1:, 1.2177295768006602, 0.0011955124184391617, 0.00200935170501973, 0.006963295351507187, -0.09856948809798231, 0.04887904803286438
flux1:, 1.2187119336712642, 0.0002422618457126075, -5.675037954179495e-05, -0.03768484035296369, -0.17260008242490277, 0.07498879655160913
flux1:, 1.2196942905418682, 0.0015217381411294553, 0.0023505640271379294, 0.014257057118567028, -0.11366595397734397, 0.05863382799093344
flux1:, 1.220676647412472, 0.00044137994676786467, 1.276044879340894e-05, -0.03533777281825659, -0.19506719315486254, 0.08654722331274149
flux1:, 1.221659004283076, 0.002069313546422456, 0.0027972031633366626, 0.02252043841216794, -0.13092601847983384, 0.06997416787402741
flux1:, 1.22264136115368, 0.0008213035012501348, 0.00016348379441299426, -0.03269001761208748, -0.22023012157110525, 0.09940299167975374
flux1:, 1.223623718024284, 0.0030300507802198933, 0.003355191202939144, 0.03165091312932476, -0.1503633944213737, 0.08304293026753054
flux1:, 1.224606074894888, 0.0015872769543273156, 0.000470742255836819, -0.02987067914385067, -0.24811426256358746, 0.11335099241154047
flux1:, 1.2255884317654917, 0.004745285987293959, 0.003953614493806555, 0.041039925733602406, -0.1716703378595099, 0.09770734057545681
flux1:, 1.2265707886360957, 0.003155926033474191, 0.0010918311414419046, -0.027491462363191187, -0.278788793424178, 0.1277910113707483
flux1:, 1.2275531455066997, 0.00748895894709967, 0.004365344980106645, 0.048142275841240006, -0.19457662631163794, 0.11293249696093142
flux1:, 1.2285355023773037, 0.005885276872830346, 0.0027430135885504812, -0.028824385101220554, -0.3136924955496659, 0.141802314405013
flux1:, 1.2295178592479077, 0.009463480111235476, 0.004577153795244981, 0.04471005617953261, -0.2225766778839135, 0.12540127356451572
flux1:, 1.2305002161185117, 0.007185212670891074, 0.008214927182211887, -0.03577442883562122, -0.35510242558049543, 0.15649371172599016
flux1:, 1.2314825729891155, 0.00589831562141216, 0.004172869461610263, 0.03808654301858736, -0.26015060450795185, 0.13371911418718496
flux1:, 1.2324649298597194, 0.004053003331842644, 0.012530548367621104, -0.017727572262968234, -0.3984900342967797, 0.1804018239889459
flux1:, 1.2334472867303234, 0.0029789234686077317, 0.0018890038203381403, 0.06093341641612452, -0.29726886763682214, 0.1514289101390079
flux1:, 1.2344296436009274, 0.002212902082734379, 0.011102048009154972, 0.011159439149273321, -0.4501236740814116, 0.21244592768260281
flux1:, 1.2354120004715314, 0.0023295679588263554, 0.00013332403232941542, 0.09121004573942246, -0.33959165392161617, 0.17804772843218108
flux1:, 1.2363943573421352, 0.001587238156850039, 0.009136487671600024, 0.03398942770932105, -0.5116335275639069, 0.2481755314909982
flux1:, 1.2373767142127392, 0.0021137305020971927, -0.0007586128852225001, 0.1207034414889122, -0.3899781162228568, 0.20964903430313137
flux1:, 1.2383590710833432, 0.0013009252504604368, 0.007829308936957161, 0.054148018418820214, -0.5815559921763537, 0.2875059987133143
flux1:, 1.2393414279539472, 0.0020020555811567226, -0.0011976403904522038, 0.15076534263264968, -0.4483035296034111, 0.2456598403645945
flux1:, 1.2403237848245512, 0.001133672735318346, 0.007082557923432003, 0.0745386391320564, -0.6599942641214352, 0.33117522932173843
flux1:, 1.241306141695155, 0.0019640933203248475, -0.0014316719587021136, 0.18284474253339103, -0.5148840770907822, 0.28645063908884344
flux1:, 1.242288498565759, 0.0010287535329123998, 0.006738634801186191, 0.09660050032785727, -0.7477724381713763, 0.38000422593422695
flux1:, 1.243270855436363, 0.002000904229852367, -0.001578521545319339, 0.2179600984884774, -0.5904766940724556, 0.3326706042211838
flux1:, 1.244253212306967, 0.0009691204193837546, 0.006710589276534834, 0.12112259669600839, -0.8459717883277369, 0.4348368729306492
flux1:, 1.245235569177571, 0.0021235658916759583, -0.0016948322880373367, 0.25692365026963915, -0.6761015004146812, 0.3851156251034135
flux1:, 1.2462179260481747, 0.0009551742294276514, 0.006977083703225852, 0.14861711881465506, -0.9558009531884599, 0.4965650385889984
flux1:, 1.2472002829187787, 0.002359839342323012, -0.0018096347207116155, 0.30049802494563616, -0.772978071351178, 0.4447239008395972
flux1:, 1.2481826397893827, 0.0010073031587751289, 0.007582060611501901, 0.17944896864348137, -1.078557714651897, 0.5661639727712428
flux1:, 1.2491649966599867, 0.0027719340838455913, -0.0019365948000027826, 0.3495067383886601, -0.8825263285390507, 0.512627102800869
flux1:, 1.2501473535305907, 0.0011900678987386028, 0.008665281797975485, 0.21385545152138014, -1.2155814692910407, 0.6447289902965444
flux1:, 1.2511297104011945, 0.003503806512137845, -0.0020681343023153317, 0.40496422323279346, -1.0063882913601871, 0.5902670747293373
flux1:, 1.2521120672717985, 0.001701517343496949, 0.010566087302704714, 0.25192851516238257, -1.3680564113475502, 0.7334945887525574
flux1:, 1.2530944241424025, 0.004932790552587354, -0.0021170614522349027, 0.4683252368801381, -1.1463140172474813, 0.6796229221249445
flux1:, 1.2540767810130065, 0.003257352183631168, 0.014148655837251722, 0.2939018347809419, -1.5359860591219465, 0.8336246226762494
flux1:, 1.2550591378836105, 0.008267842203562636, -0.001546031089196619, 0.5419682946432345, -1.3024492413485416, 0.7832616649614427
flux1:, 1.2560414947542144, 0.009251604338186233, 0.021710644534421487, 0.3448843205502067, -1.7112942091989773, 0.9433792682628254
flux1:, 1.2570238516248182, 0.01786059410728814, 0.0035157074572947844, 0.6262404083139621, -1.4526402684575714, 0.8953903018340541
flux1:, 1.2580062084954222, 0.034252046122930216, 0.02994924250818071, 0.46976079597928827, -1.838200691392785, 1.0288962372078982
flux1:, 1.2589885653660262, 0.022837233541698303, 0.019538464733631578, 0.6697805451512023, -1.5012208054172407, 0.9333142606830958
flux1:, 1.2599709222366302, 0.03171195848809574, 0.001558758621507591, 0.6281584406855658, -2.046685206467642, 1.1228742992946266
flux1:, 1.2609532791072342, 0.005644202945282472, 0.011879723233444323, 0.7380937702900603, -1.731185917056895, 1.0468154288119729
flux1:, 1.261935635977838, 0.014838973103988603, -0.004655958050732729, 0.6676002643914764, -2.3592920130466215, 1.3000904715485189
flux1:, 1.262917992848442, 0.001382346877404385, 0.0065658207182525885, 0.8458264959902183, -2.003035475891889, 1.21344865540566
flux1:, 1.263900349719046, 0.00916199295036547, -0.0037817382278126366, 0.7333095662031623, -2.6663426069080933, 1.484782654801643
flux1:, 1.26488270658965, 0.00040868502799655337, 0.004375863650306035, 0.9641405756754067, -2.2807531083757167, 1.391701424989476
flux1:, 1.265865063460254, 0.0068736437945350155, -0.0025901704957945683, 0.8211983394526612, -2.991144907890625, 1.6832650423556617
flux1:, 1.266847420330858, 0.00016093163698010512, 0.0033056649501012215, 1.0935673363002203, -2.578015581791934, 1.5859638442666943
flux1:, 1.2678297772014617, 0.005772974876605452, -0.001600337814631451, 0.9262130917978019, -3.3438116189480804, 1.9012596049924506
flux1:, 1.2688121340720657, 0.00012784100431076988, 0.0027172802846285806, 1.2360453553239958, -2.901868223762988, 1.8003667263065357
flux1:, 1.2697944909426697, 0.005195639968993818, -0.0007840536025579497, 1.0471036255949446, -3.7295760008865093, 2.142480451431771
flux1:, 1.2707768478132737, 0.0001745363950315119, 0.0023759330079125597, 1.3933558811624742, -3.2567676016145106, 2.038186768662484
flux1:, 1.2717592046838777, 0.004891739619303006, -8.107303980378722e-05, 1.1841212942576655, -4.152327262287357, 2.4100500775074147
flux1:, 1.2727415615544815, 0.0002579808545249313, 0.002179748939891873, 1.567214289110158, -3.64630222143567, 2.3024255783886294
flux1:, 1.2737239184250855, 0.004750638062556619, 0.0005538578594429684, 1.3381875088107151, -4.615568060609328, 2.706989370716888
flux1:, 1.2747062752956895, 0.000363149865840182, 0.0020789467234728857, 1.7593619478005509, -4.073770284928619, 2.596074158502671
flux1:, 1.2756886321662935, 0.004717414647473798, 0.0011520727842891684, 1.510592604407752, -5.1227192259132694, 3.0363993382010976
flux1:, 1.2766709890368975, 0.00048506091033894777, 0.002047208126587661, 1.9716156593999443, -4.542393598835194, 2.922230793706014
flux1:, 1.2776533459075012, 0.004762576273879877, 0.0017356487759318463, 1.702875353562724, -5.67722996528437, 3.4015399890588824
flux1:, 1.2786357027781052, 0.0006228228009759871, 0.002070007735019132, 2.205894880439053, -5.055402364347612, 3.2841591686953304
flux1:, 1.2796180596487092, 0.004869488521819001, 0.002320816519356548, 1.9167706420378443, -6.28261885419624, 3.8058701802275197
flux1:, 1.2806004165193132, 0.0007774250963520611, 0.0021393072132853404, 2.464238098394421, -5.616067312614741, 3.68532022715862
flux1:, 1.2815827733899172, 0.005028587167186683, 0.0029201207180889243, 2.1541854610748654, -6.942485792405403, 4.253070429642759
flux1:, 1.282565130260521, 0.000950850897830758, 0.0022509292083272184, 2.7488135274071763, -6.227707086377015, 4.129391075329424
flux1:, 1.283547487131125, 0.005234485272151931, 0.0035437634290679857, 2.4171874300380836, -7.660509610205162, 4.747057035160962
flux1:, 1.284529844001729, 0.0011457068719258692, 0.0024031685052542063, 3.0619263554737914, -6.893682244772316, 4.620276418465399
flux1:, 1.285512200872333, 0.005484430479791576, 0.0042004493825495755, 2.7079987698683317, -8.440437936618235, 5.291990625479556
flux1:, 1.286494557742937, 0.0013650725011456481, 0.0025960194331427927, 3.4060235104481142, -7.617382569031015, 5.162114552646997
flux1:, 1.2874769146135407, 0.005777437726318953, 0.004897929283630856, 3.028993615396061, -9.28607423210072, 5.892281088265289
flux1:, 1.2884592714841447, 0.0016124463502565653, 0.0028307305566918914, 3.783699837233549, -8.402206721913068, 5.759282108645371
flux1:, 1.2894416283547487, 0.006113779490014994, 0.005643348997712057, 3.382698723873968, -10.201244608985599, 6.552593046652632
flux1:, 1.2904239852253527, 0.0018917432090360402, 0.0031095370054548834, 4.197697880717474, -9.251519816350163, 6.416393454929863
flux1:, 1.2914063420959567, 0.006494683468343993, 0.006443484272694087, 3.7717833157980096, -11.189775502265633, 7.277839606641966
flux1:, 1.2923886989665605, 0.0022073153763045215, 0.003435506172555328, 4.650904972135396, -10.168642627520494, 7.138292950514188
flux1:, 1.2933710558371645, 0.006922137116627519, 0.007304898679188682, 4.199059565791734, -12.255477439531456, 8.07317933136869
flux1:, 1.2943534127077685, 0.002563985213399766, 0.0038124456482197364, 5.146356490160059, -11.156809945603525, 7.93004991639643
flux1:, 1.2953357695783725, 0.007398768159449785, 0.008234037144551714, 4.667478257191177, -13.40210086262124, 8.944009546156781
flux1:, 1.2963181264489765, 0.002967089589676405, 0.004244850156856723, 5.687232001678518, -12.219125730605779, 8.796947082790185
flux1:, 1.2973004833195805, 0.007927766565559843, 0.009237282680180172, 5.180121328562767, -14.633300542045966, 9.895954938020067
flux1:, 1.2982828401901843, 0.003422529753283019, 0.004737875788528674, 6.276850844719037, -13.358518763296235, 9.744465125861302
flux1:, 1.2992651970607882, 0.008512832724308032, 0.010320980388566745, 5.740193534088697, -15.952596508542705, 10.934852793346632
flux1:, 1.3002475539313922, 0.003936826747606609, 0.005297331336798856, 6.918666691817366, -14.577692800294795, 10.778263253435185
flux1:, 1.3012299108019962, 0.00915814161216742, 0.011491433602427003, 6.351012413652428, -17.363331476827405, 12.066734683867141
flux1:, 1.3022122676726002, 0.0045171822014438414, 0.005929681224022972, 7.616261053127542, -15.87907184115246, 11.904155605764632
flux1:, 1.303194624543204, 0.00986831599332558, 0.012754874660928847, 7.015996583354016, -18.868625565561125, 13.29780454277141
flux1:, 1.304176981413808, 0.005171545121686091, 0.006642056675117278, 8.3733361184507, -17.264740653094673, 13.128083350856128
flux1:, 1.305159338284412, 0.010648403869310668, 0.014117410938127682, 7.738652600658871, -20.47132882055232, 14.634413222378024
flux1:, 1.306141695155016, 0.005908686121508231, 0.007442273400124528, 9.193707575680154, -18.736380498326834, 14.45608247071613
flux1:, 1.30712405202562, 0.011503856707553252, 0.015584945301272957, 8.52256084275553, -22.17397206281356, 16.083029796405523
flux1:, 1.308106408896224, 0.006738281390159808, 0.008338855290697052, 10.081298318976613, -20.295199883136387, 15.894247364355511
flux1:, 1.3090887657668278, 0.012440505782388298, 0.017163068904255264, 9.371361066358695, -23.978716630978973, 17.65021006681868
flux1:, 1.3100711226374318, 0.007671009824464863, 0.009341064928859954, 11.04013432744452, -21.941859966478134, 17.44869052592833
flux1:, 1.3110534795080357, 0.013464534337470422, 0.018856923070646892, 10.288738615407352, -25.887303632827788, 19.342562962223237
flux1:, 1.3120358363786397, 0.008718668288505283, 0.010458943237915169, 12.074344483839353, -23.67639398167636, 19.12549872278763
flux1:, 1.3130181932492437, 0.014582443411379499, 0.02067102558336272, 11.278412630159686, -27.90100331929028, 21.166715825723905
flux1:, 1.3140005501198475, 0.009894312332500953, 0.011703362475562158, 13.188166759275093, -25.498119557159864, 20.93068632435513
flux1:, 1.3149829069904515, 0.015801009296993317, 0.02260905478101342, 12.344128112572818, -30.020565106346243, 23.129279996606463
flux1:, 1.3159652638610555, 0.011212433237795928, 0.013086099394109376, 14.385964068278394, -27.405542077523847, 22.870146701098886
flux1:, 1.3169476207316595, 0.017127230499213376, 0.024673582200413133, 13.48965434740796, -32.246168564180095, 25.236818607453106
flux1:, 1.3179299776022635, 0.012689187209457166, 0.014619939100800717, 15.672254293234257, -29.39624608086738, 24.949602953610032
flux1:, 1.3189123344728673, 0.018568261466717095, 0.02686574057307555, 14.718793052702408, -34.577375309091565, 27.49581923244991
flux1:, 1.3198946913434713, 0.01434269983806131, 0.01631882552589814, 17.05176067299422, -31.4667699391885, 27.174559700116582
flux1:, 1.3208770482140753, 0.020131329595742854, 0.029184808140238865, 16.035400860580612, -37.01308106923222, 29.912675005455203
flux1:, 1.3218594050846793, 0.016193480126901732, 0.01819808237906239, 18.52949118903437, -33.612456383559085, 29.5502582502116
flux1:, 1.3228417619552832, 0.021823630559533225, 0.03162768135026111, 17.443432468089807, -39.55146610986475, 32.49367918938313
flux1:, 1.323824118825887, 0.01826499517106832, 0.020274740598612288, 20.110859196641805, -35.82726732624673, 32.08163833380497
flux1:, 1.324806475696491, 0.023652194300254104, 0.03418819426662397, 18.947013372966094, -42.18994049356126, 35.245040202904335
flux1:, 1.325788832567095, 0.020584482819857114, 0.022568027388134654, 21.801863081338936, -38.103545062626125, 34.77331080893463
flux1:, 1.326771189437699, 0.025623709955565656, 0.0368562215946197, 20.55055505157054, -44.9250778993071, 38.1729271707233
flux1:, 1.327753546308303, 0.02318412245978825, 0.025100102866401866, 23.609351366728212, -40.4316918505249, 37.62954766692231
flux1:, 1.3287359031789068, 0.0277442922016696, 0.039616468559749186, 22.258931627153743, -47.752527284805524, 41.28356081832588
flux1:, 1.3297182600495108, 0.026102755787867568, 0.027897182872979015, 25.54141367624032, -42.79972369380587, 40.65429869770316
flux1:, 1.3307006169201148, 0.030019162063858754, 0.042446797032940645, 24.077747184919442, -50.6668845885578, 44.58337228711737
flux1:, 1.3316829737907188, 0.029388471651989857, 0.03099127774110758, 27.6079612811211, -45.19262759458598, 43.85124924614965
flux1:, 1.3326653306613228, 0.0324522000255219, 0.04531584805113889, 26.013739993959238, -53.66149477700104, 48.07926538107889
flux1:, 1.3336476875319265, 0.03310258820851379, 0.03442294191172657, 29.821601339639848, -47.5914060456278, 47.223942179470825
flux1:, 1.3346300444025305, 0.035045307377781484, 0.048179570755950044, 28.075399813064465, -56.7281338542931, 51.779040234197794
flux1:, 1.3356124012731345, 0.03732597367858147, 0.03824574200884839, 32.19898075580237, -49.97161246256748, 50.77600306878088
flux1:, 1.3365947581437385, 0.037797478686754156, 0.05097600496613688, 30.273927994626323, -59.856483617750904, 55.69207707044968
flux1:, 1.3375771150143425, 0.0421694394048655, 0.04253376741009868, 34.76290881803801, -52.30103425895778, 54.511537447584665
flux1:, 1.3385594718849465, 0.040703439659615835, 0.05361718551846915, 32.62477132837787, -63.03324282038051, 59.83045554306753
flux1:, 1.3395418287555503, 0.04779156242779883, 0.04739478910613009, 37.54582788269175, -54.5358970308274, 58.435828410104364
flux1:, 1.3405241856261543, 0.043751645256736166, 0.0559761264374983, 35.1501609926223, -66.24058208548006, 64.21083806889212
flux1:, 1.3415065424967583, 0.05443083033238849, 0.05299450713590375, 40.595736310419504, -56.61438703992894, 62.55658791074144
flux1:, 1.3424888993673623, 0.046921398418990796, 0.05786502323196278, 37.883507364899344, -69.45336457967856, 68.85776837838074
flux1:, 1.3434712562379663, 0.06246727295314357, 0.05960406199422702, 43.98684294721482, -58.4450384030405, 66.88629728940089
flux1:, 1.34445361310857, 0.05017901574963557, 0.05899695360252592, 40.87744251240152, -72.63391462291403, 73.80976888024368
flux1:, 1.345435969979174, 0.07254987096735058, 0.06770046344021162, 47.84002866120055, -59.8845971773286, 71.44686500864742
flux1:, 1.346418326849778, 0.0534741262762812, 0.05891461554360163, 44.21960028447635, -75.72155564785842, 79.131434857198
flux1:, 1.347400683720382, 0.08588622281247862, 0.07820021544860284, 52.36553901827091, -60.69239565491717, 76.27971690575967
flux1:, 1.348383040590986, 0.056743030606050765, 0.05684828899505686, 48.066464153878734, -78.60990868596875, 84.93974519003557
flux1:, 1.34936539746159, 0.10498839556525148, 0.09307535657707396, 57.962275340914196, -60.426136060825044, 81.47032449677016
flux1:, 1.3503477543321938, 0.05995583673198828, 0.05140882135016908, 52.7250663673477, -81.09179949328635, 91.46887705929834
flux1:, 1.3513301112027978, 0.13595222631608475, 0.11728367796548618, 65.48585960771906, -58.16782647028899, 87.2182574398624
flux1:, 1.3523124680734018, 0.06342131453549214, 0.039866133160655674, 58.88556660863836, -82.70242377056137, 99.26064472557185
flux1:, 1.3532948249440058, 0.1974440327207428, 0.16658524973585503, 77.15119520399996, -51.63759656696967, 94.09188229981893
flux1:, 1.3542771818146098, 0.07000132199088838, 0.016476216740355897, 68.47245035715189, -82.14904175198801, 109.90053730056529
flux1:, 1.3552595386852135, 0.37544237909849926, 0.3165977603872728, 100.94602449176281, -33.16202007552499, 104.42865664252244
flux1:, 1.3562418955558175, 0.11305124554220461, -0.02373081450218433, 89.51636689892293, -74.11602767313087, 130.77893528678243
flux1:, 1.3572242524264215, 1.77547176861992, 1.589322352039036, 202.3771177071214, 48.91603173425963, 143.2029449952693
flux1:, 1.3582066092970255, 6.121550364173982, 4.9384402945445816, 160.568629983247, -60.695455561708826, 405.1842138259657
flux1:, 1.3591889661676295, 4.450296094861222, 4.661580298721131, -89.05368966968368, -399.7909175384157, 145.54022483886908
flux1:, 1.3601713230382333, 0.4898397769827442, 0.7660209365034791, -14.182408191868038, -159.72079848964262, 70.96309528498489
flux1:, 1.3611536799088373, 0.3264794253046993, 0.40971981604008123, -0.09557700063959385, -179.11199997716844, 103.53419498269814
flux1:, 1.3621360367794413, 0.24777125153369636, 0.39477712436512963, 25.779381672885926, -138.08744521640253, 96.46219160920613
flux1:, 1.3631183936500453, 0.149758812654148, 0.20271057629343903, 24.044574756119136, -150.49455390901363, 109.12572098684177
flux1:, 1.3641007505206493, 0.20775494466213174, 0.31275222205991615, 38.864814960340766, -136.1325528810228, 108.65739979107502
flux1:, 1.365083107391253, 0.11804822926899436, 0.15707631897100796, 35.88315447000468, -141.44796445215405, 115.11809429524982
flux1:, 1.366065464261857, 0.1999207462496076, 0.28097399560154035, 46.31736801757698, -138.62091709769402, 117.82733901263089
flux1:, 1.367047821132461, 0.11374262646264349, 0.14398674171351655, 43.50435253930901, -138.47552503087897, 120.93457883561122
flux1:, 1.368030178003065, 0.20381684715500617, 0.26603436264476754, 51.617726662725616, -143.23343712869035, 125.96409404640733
flux1:, 1.369012534873669, 0.11812841885582175, 0.14152511023625006, 49.120215709361126, -138.23903696556644, 126.59315905558971
flux1:, 1.3699948917442728, 0.21475284533886096, 0.2582200105447439, 55.80021628379548, -149.50240389572176, 133.77603398941454
flux1:, 1.3709772486148768, 0.12632306912090627, 0.14339934014099318, 53.53032343584411, -139.5562623398991, 132.1062504400105
flux1:, 1.3719596054854808, 0.23222124112262657, 0.2534865293312747, 59.230408541512546, -157.63793741071225, 141.67111977503203
flux1:, 1.3729419623560848, 0.13676508977829843, 0.14709636263454776, 57.01493633898788, -141.9720519286093, 137.44829745855728
flux1:, 1.3739243192266888, 0.25846116407724623, 0.2497290856596373, 61.985535481380346, -168.4913992202555, 150.06979326081174
flux1:, 1.3749066760972926, 0.1490949592415636, 0.15118401121627587, 59.54005111843372, -145.41721617247745, 142.5386168189592
flux1:, 1.3758890329678966, 0.30057994123603055, 0.24614202557766013, 63.905835232754285, -184.1695981294809, 159.71644289286272
flux1:, 1.3768713898385005, 0.16391465826211105, 0.15429234877055178, 60.651208830829745, -150.26463534442536, 147.17924265052125
flux1:, 1.3778537467091045, 0.38137777059729294, 0.24611643562500124, 64.39558072560332, -210.468245358873, 172.59036044171162
flux1:, 1.3788361035797085, 0.18440035456785375, 0.15401447774125981, 58.66363461030481, -158.1031249553075, 150.80648176584899
flux1:, 1.3798184604503125, 0.6098441205390288, 0.28955628707934516, 61.38118146333439, -269.84427569487946, 197.11171094357022
flux1:, 1.3808008173209163, 0.23307536086850425, 0.1436888720620482, 44.30240457675073, -178.03804122039188, 151.0356211682725
flux1:, 1.3817831741915203, 2.8822048781514336, 1.6998612735727054, 47.26460249137544, -600.9208895779278, 355.76849937863653
flux1:, 1.3827655310621243, 4.750060780905741, 4.595406904476791, 82.37061524247807, -273.23299775099156, 785.8492075032729
flux1:, 1.3837478879327283, 0.9663649577491003, 2.521770107944015, 158.52654088199952, 166.3205107642563, 155.77305913787276
flux1:, 1.3847302448033323, 0.17602614897339006, 0.27229192679847647, 113.7846253337803, -123.10740512978822, 188.29187149601975
flux1:, 1.3857126016739363, 0.15074246171742925, 0.7516948744424341, 108.96650227482114, -26.107786385786238, 153.36582638589775
flux1:, 1.38669495854454, 0.1884800929337617, 0.2376492006381886, 102.88831602622817, -138.50057293280295, 185.86455848039122
flux1:, 1.387677315415144, 0.1319188350794769, 0.5366412048734756, 102.61318944634024, -74.1978446012726, 164.6425019592644
flux1:, 1.388659672285748, 0.20023755607831215, 0.22873841851763213, 100.76195256742173, -145.6433569805237, 188.60596661462915
flux1:, 1.389642029156352, 0.14142144866584594, 0.45657162040530735, 101.45308201269764, -97.20586947881195, 173.2761565561627
flux1:, 1.390624386026956, 0.2094046292451756, 0.22378902257473873, 100.85244240742455, -150.48743460468242, 192.4625711743019
flux1:, 1.3916067428975598, 0.15043956773680497, 0.40986845746446654, 101.82369422169324, -111.36086783049797, 180.47636949379236
flux1:, 1.3925890997681638, 0.2160292830109132, 0.2184871998840706, 101.751014051827, -154.32053528563992, 196.65934024608708
flux1:, 1.3935714566387678, 0.15577683163740125, 0.37327153753122555, 102.77923604591575, -121.32578159850857, 186.82695555859692
flux1:, 1.3945538135093718, 0.21992842150975886, 0.21109844535900216, 102.9780573190432, -157.58258481276636, 200.93634987393742
flux1:, 1.3955361703799758, 0.15694154325543358, 0.3383072945393817, 103.97244726404227, -128.9426403921191, 192.59913341299062
flux1:, 1.3965185272505796, 0.2207648560489138, 0.20056488145215587, 104.3339839041156, -160.46773570132964, 205.17725823873357
flux1:, 1.3975008841211836, 0.15376184062471943, 0.30075986822241346, 105.25623108295473, -135.09089469545344, 197.93022825418092
flux1:, 1.3984832409917876, 0.21811602061782903, 0.18606152931554085, 105.733812059189, -163.08205766226442, 209.31964253259872
flux1:, 1.3994655978623916, 0.14605552531385615, 0.2578975740591827, 106.57271764447886, -140.25209523117766, 202.89553327858474
flux1:, 1.4004479547329955, 0.21151504120624656, 0.16686958639397284, 107.15376668170242, -165.49806125530657, 213.32620239621642
flux1:, 1.4014303116035993, 0.13362780418755996, 0.2074913732787759, 107.91625779965814, -144.72272754591378, 207.53996337782658
flux1:, 1.4024126684742033, 0.200497361827292, 0.14237605200653045, 108.61342277234264, -167.7775600692719, 217.1741803528102
flux1:, 1.4033950253448073, 0.11638365261180315, 0.1473871912982345, 109.32189424669704, -148.70742292713868, 211.89406959405108
flux1:, 1.4043773822154113, 0.1847078946123822, 0.11221562157472963, 110.17308403953339, -169.983228751865, 220.85199466942618
flux1:, 1.4053597390860153, 0.09461993933191579, 0.0753623209889792, 110.86585413381664, -152.3651475999644, 215.9842072667944
flux1:, 1.406342095956619, 0.16420267522596652, 0.07673408567929027, 111.94082414280754, -172.18627619772275, 224.36031039768952
flux1:, 1.407324452827223, 0.06978422908288451, -0.010579968821704751, 112.67390841601669, -155.83529896837422, 219.84213477064054
flux1:, 1.408306809697827, 0.1403144031051674, 0.03831181947647128, 114.08730280159757, -174.47350512026168, 227.71831787590256
flux1:, 1.409289166568431, 0.04650429811728486, -0.11063236228070938, 114.93267816623047, -159.25435940391836, 223.51913309026065
flux1:, 1.410271523439035, 0.11813106112625293, 0.005068492126054242, 116.85929983623924, -176.9535166703009, 230.97929305252396
flux1:, 1.4112538803096388, 0.03806153294797898, -0.21746545138726106, 117.87781249360809, -162.76233204351226, 227.11219128763915
flux1:, 1.4122362371802428, 0.11343628453105, 0.0009842983818558705, 120.53505017113076, -179.74864921700413, 234.26254577726982
flux1:, 1.4132185940508468, 0.08029246322459634, -0.29788940513066053, 121.63162300229043, -166.4688210964931, 230.80814064700607
flux1:, 1.4142009509214508, 0.16963119469972102, 0.08979512329797049, 125.05634781827422, -182.9016346851278, 237.79219344966677
flux1:, 1.4151833077920548, 0.25613336434553224, -0.24701728408653884, 125.42834027220614, -170.25286631110376, 234.88977427562256
flux1:, 1.4161656646626586, 0.37577452836216513, 0.39735861499331554, 128.59708466889157, -185.98141905549662, 241.7798778165321
flux1:, 1.4171480215332626, 0.6674687467153354, 0.1331948852831177, 125.7992727278019, -173.24445445468015, 239.33905055769895
flux1:, 1.4181303784038666, 0.7731964129534465, 0.9692809208227127, 126.06684012445375, -187.59646337248742, 245.67162465899494
flux1:, 1.4191127352744706, 1.1789756968858112, 0.8223649044159635, 118.55559396328496, -174.2400069027194, 242.89817540901
flux1:, 1.4200950921450746, 1.1280969475607596, 1.456252340240075, 116.1793994525583, -187.2471804742921, 247.9495696286393
flux1:, 1.4210774490156786, 1.42624646114695, 1.3330799721711366, 108.15274503511273, -174.31201458397513, 244.46330746803545
flux1:, 1.4220598058862823, 1.2373367837973372, 1.5807836296477016, 106.52544654352137, -186.96749996612795, 248.62427543668716
flux1:, 1.4230421627568863, 1.4061538090522947, 1.4848259204585694, 101.08315031795918, -175.28718395354755, 244.95462796082745
flux1:, 1.4240245196274903, 1.200092236647112, 1.5002127264390286, 100.81392693696532, -187.8883428932344, 248.81274795065565
flux1:, 1.4250068764980943, 1.299865559403938, 1.4549286016453782, 97.53692472266582, -177.33253287342148, 245.26298482611836
flux1:, 1.4259892333686983, 1.1285833356741672, 1.3767295109701767, 97.93333483135677, -189.77873994994403, 248.97002965739455
flux1:, 1.4269715902393023, 1.1941237224243808, 1.374304621385244, 95.93895972300761, -180.0684259873733, 245.5722026811871
flux1:, 1.427953947109906, 1.0632712667017656, 1.265829744999909, 96.52655888742885, -192.28604886395328, 249.1112762918793
flux1:, 1.42893630398051, 1.1094516952887212, 1.2912373580568324, 95.30325515223508, -183.23825458837828, 245.83469886126318
flux1:, 1.429918660851114, 1.012611446435344, 1.1776491061953507, 95.86931044741189, -195.21086101259345, 249.16918348668975
flux1:, 1.430901017721718, 1.046253337156335, 1.2192277636331215, 95.17591271929156, -186.71663759895742, 245.98391418801066
flux1:, 1.431883374592322, 0.9761447656456863, 1.1103509544904926, 95.63049847258074, -198.45350295590967, 249.08712288256086
flux1:, 1.4328657314629258, 1.0009147865408519, 1.1605772480681662, 95.36445611330416, -190.44175067142552, 245.97225870308995
flux1:, 1.4338480883335298, 0.9516969870232628, 1.0601455287868813, 95.66486526841418, -201.95868502330612, 248.82795441579643
flux1:, 1.4348304452041338, 0.9698739135434972, 1.1144440723648503, 95.79242599737225, -194.37559615325125, 245.7696014988082
flux1:, 1.4358128020747378, 0.9371976002158584, 1.0236821663366438, 95.91096091394024, -205.68594272414492, 248.36873084187064
flux1:, 1.4367951589453418, 0.9503507687544847, 1.0793458927913036, 96.43373852546151, -198.48416152504524, 245.35734333228046
flux1:, 1.4377775158159456, 0.9310025962128541, 0.9984014365441582, 96.3442353057507, -209.59419282017814, 247.69545782743748
flux1:, 1.4387598726865496, 0.940282484928306, 1.0538726748165208, 97.28250602366103, -202.72652652509862, 244.7238513305712
flux1:, 1.4397422295571536, 0.9318427984227445, 0.9824115678482805, 96.954317933021, -213.63245647692668, 246.7994962704173
flux1:, 1.4407245864277576, 0.9381184023111842, 1.0368341186262529, 98.3375827203171, -207.04764695520961, 243.86144200840752
flux1:, 1.4417069432983616, 0.9386992864165614, 0.9742920988426996, 97.73240038869997, -217.73302433188854, 245.6752465087388
flux1:, 1.4426893001689653, 0.9426266645336844, 1.0272295041406714, 99.59276925328771, -211.37250410618233, 242.76424496296795
flux1:, 1.4436716570395693, 0.9506810574931387, 0.9729163938319133, 98.66321228074966, -221.80646757992247, 244.31828790353154
flux1:, 1.4446540139101733, 0.9527367610747087, 1.0241707387814987, 101.03004264520604, -215.60224629771452, 241.42678717085968
flux1:, 1.4456363707807773, 0.9669201956151949, 0.977306060168692, 99.71857172298823, -225.73769320682814, 242.72446249781316
flux1:, 1.4466187276513813, 0.9674167895515816, 1.0267897910271275, 102.61298312229934, -219.61109127828348, 239.84296503158154
flux1:, 1.447601084521985, 0.986489597851679, 0.9865113063127577, 100.85240842877445, -229.38473638014932, 240.888808729269
flux1:, 1.448583441392589, 0.985583450118572, 1.034155034851919, 104.2821028435723, -223.24717682730758, 238.00531031097483
flux1:, 1.449565798263193, 1.0083479146580316, 0.9995194327908916, 101.99748577019497, -232.58157068728684, 238.80507722704155
flux1:, 1.450548155133797, 1.0060490574028549, 1.0452036501238968, 105.95208567013827, -226.33785240161643, 235.90479428328766
flux1:, 1.451530512004401, 1.0313218754882456, 1.0151939389124445, 103.0648236956034, -235.1464876968935, 236.46564760278443
flux1:, 1.4525128688750049, 1.0275147526601294, 1.0587042644113536, 107.51268813691632, -228.70119338888642, 233.53120908873706
flux1:, 1.4534952257456089, 1.0541371945898295, 1.0322539979129892, 103.94711991405624, -236.89711055619003, 233.8620224964442
flux1:, 1.4544775826162128, 1.04861932679753, 1.0732637352955883, 108.83469591170258, -230.16403286840642, 230.87425033720785
flux1:, 1.4554599394868168, 1.0755050420214367, 1.049303335074158, 104.52700653128116, -237.67142624613072, 230.9859652643954
flux1:, 1.4564422963574208, 1.068045735753888, 1.0873875854669384, 109.78152234356244, -230.58481139860803, 227.9252585806869
flux1:, 1.4574246532280246, 1.0942588022836248, 1.064910470506776, 104.68981127897939, -237.35183683197363, 227.83117930714874
flux1:, 1.4584070100986286, 1.084672153019896, 1.099591814151614, 110.22535553252483, -229.87704972592746, 224.6793381990731
flux1:, 1.4593893669692326, 1.1095177463313173, 1.0777287028317823, 104.33876636511373, -235.8868760441187, 224.39519141359511
flux1:, 1.4603717238398366, 1.0977357404913706, 1.1085470756145428, 110.06471649797346, -228.0274260212383, 221.1373221846641
flux1:, 1.4613540807104406, 1.1208372807952223, 1.0866294821983897, 103.40903827815126, -233.30427591653356, 220.68089373198723
flux1:, 1.4623364375810444, 1.1069638932678731, 1.1132222135467817, 109.2388864498607, -225.10262331506917, 217.30692550255824
flux1:, 1.4633187944516486, 1.128298749607414, 1.0908159118677843, 101.87650532879556, -229.7105819840028, 216.69714671176
flux1:, 1.4643011513222524, 1.1126277769596078, 1.1129923557064396, 107.73492386342743, -221.24185673507984, 213.2025449758124
flux1:, 1.4652835081928564, 1.1325005557567593, 1.0898913306918043, 99.75849189089318, -225.27633037614638, 212.45803068192487
flux1:, 1.4662658650634603, 1.1154880380669019, 1.1076915898541526, 105.58521388698279, -216.63633474365554, 208.8435321524851
flux1:, 1.4672482219340643, 1.1344334634223814, 1.083880371252311, 97.10638251125823, -220.21024452585493, 207.98073857371367
flux1:, 1.4682305788046683, 1.1166261178853618, 1.0976154019678166, 102.85686478800659, -211.50077255833142, 204.25129046536543
flux1:, 1.4692129356752721, 1.135248569188117, 1.073224775302839, 93.99306580773434, -214.72884518587287, 203.2826414781087
flux1:, 1.470195292545876, 1.1171801021254812, 1.0834975432196232, 99.63731112779088, -206.0437148851171, 199.44610534397825
flux1:, 1.47117764941648, 1.1359550320470166, 1.0587844910869135, 90.50018881107769, -209.02827082277076, 198.37863900328716
flux1:, 1.472160006287084, 1.118035268037885, 1.0664818242174727, 96.02182606221902, -200.44272059214265, 194.44508554146051
flux1:, 1.473142363157688, 1.1371248665400195, 1.041849261205955, 86.71021841518865, -203.2636994686825, 193.2803454002099
flux1:, 1.4741247200282919, 1.119565345201522, 1.048075126984363, 92.1073569764495, -194.82872650982165, 189.26268869909399
flux1:, 1.4751070768988959, 1.138731395486851, 1.0241106495834482, 82.70562404813532, -197.53991912647885, 187.99844124662295
flux1:, 1.4760894337694999, 1.121561590912786, 1.0300273659235475, 87.99290878087305, -189.28216745980666, 183.91441609876927
flux1:, 1.4770717906401039, 1.1402539927553248, 1.007507022220462, 78.5724331481854, -191.91443828601803, 182.54791819809952
flux1:, 1.4780541475107078, 1.123449232532327, 1.0140943370354438, 83.78129937697344, -183.84095270778676, 178.42208372890715
flux1:, 1.4790365043813116, 1.1410627443238897, 0.993909498797266, 74.40109817091506, -186.4108440044632, 176.95330556366616
flux1:, 1.4800188612519156, 1.1247205738117765, 1.0017330370470319, 79.5752122308541, -178.5161540936726, 172.81702142448046
flux1:, 1.4810012181225196, 1.1408828712521875, 0.9847620512011407, 70.27917358170126, -181.03552392605653, 171.24982731238615
flux1:, 1.4819835749931236, 1.1253264593699361, 0.9938771968057577, 75.46566021716909, -173.30752369566795, 167.13833133522513
flux1:, 1.4829659318637276, 1.1400448201491558, 0.9808728601468885, 66.27799241871071, -175.78962924552656, 165.47906510967928
flux1:, 1.4839482887343314, 1.125785039437728, 0.9909108294269872, 71.51877735131674, -168.21218128423243, 161.427091934256
flux1:, 1.4849306456049354, 1.13939413280269, 0.98245183291686, 62.44132563194782, -170.67274294732653, 159.6819197796882
flux1:, 1.4859130024755394, 1.126995069843772, 0.992811787052284, 67.76846032191007, -163.22564738850767, 155.72022093193758
flux1:, 1.4868953593461434, 1.1399862296544578, 0.9893070141980509, 58.78164754696227, -165.68075992369552, 153.8929287695182
flux1:, 1.4878777162167474, 1.1299267000987443, 0.9993346033282576, 64.21691197345127, -158.3389747404656, 150.04684456885155
flux1:, 1.4888600730873511, 1.142768992949221, 1.0010400949373468, 55.28321471248203, -160.8023965661615, 148.1377105039289
flux1:, 1.4898424299579551, 1.1353519182160925, 1.0101214522366349, 60.83975618751566, -153.53570129694864, 144.4273191132991
flux1:, 1.4908247868285591, 1.1483583007389293, 1.0171386743370285, 51.90777353895589, -156.01672126642728, 142.43269200222088
flux1:, 1.4918071436991631, 1.1436619256745837, 1.024703350959114, 57.591503944627824, -148.78992917215712, 138.8734321212879
flux1:, 1.4927895005697671, 1.156894931080372, 1.0369441978568594, 48.59958987864193, -151.2916875592602, 136.78543053694412
flux1:, 1.4937718574403709, 1.1547339360565947, 1.0424010836572426, 54.409201943879964, -144.06509342467788, 133.38833257257002
flux1:, 1.4947542143109749, 1.1679223497819269, 1.0595134025447808, 45.288893247703136, -146.58275875368724, 131.19433986021303
flux1:, 1.4957365711815789, 1.1677904106415786, 1.062145035758568, 51.21436833690228, -139.3127227163526, 127.96545643534415
flux1:, 1.4967189280521829, 1.1802335175428473, 1.083395911560238, 41.894779319504124, -141.8311014102884, 125.64744966025822
flux1:, 1.4977012849227869, 1.1812156489818, 1.0822318171288914, 47.91489784328119, -134.4711689990436, 122.58644662201057
flux1:, 1.4986836417933906, 1.1916719010067902, 1.106354592364266, 38.32989572013918, -136.9618517676983, 120.1205707749333
flux1:, 1.4996659986639946, 1.1923398674765537, 1.100050679186713, 44.40980384505657, -129.46541686483258, 117.21878649258072
flux1:, 1.5006483555345986, 1.1989302938969277, 1.1250860824801243, 34.51013572057952, -131.88437813775755, 114.57603795284707
flux1:, 1.5016307124052026, 1.1972721255429868, 1.1118631754911135, 40.600658735578705, -124.21048480197784, 111.81481272318756
flux1:, 1.5026130692758066, 1.1974779912372389, 1.1350719506327163, 30.372758176029425, -126.49811697924356, 108.96421432013673
flux1:, 1.5035954261464104, 1.1909633927986856, 1.1128088977385664, 36.413604447924534, -118.62215062651124, 106.31496537739737
flux1:, 1.5045777830170146, 1.1818498658195125, 1.1307931942593317, 25.90434503972522, -120.70858274914846, 103.23083940160613
flux1:, 1.5055601398876184, 1.1677694493973891, 1.097397681108394, 31.83265263468929, -112.63831238735268, 100.65880704892395
flux1:, 1.5065424967582224, 1.1465682941825242, 1.1065889601130283, 21.1735897952668, -114.45623410382049, 97.3327772516671
flux1:, 1.5075248536288264, 1.1227313789143978, 1.0607080364428862, 26.936255159511564, -106.2497129221713, 94.80556342975765
flux1:, 1.5085072104994304, 1.0877723682263867, 1.0582606841045614, 16.35315076177934, -107.75314378510039, 91.26074305931058
flux1:, 1.5094895673700344, 1.0534252495643754, 1.000168464046399, 21.916689036634292, -99.52897855619582, 88.75973775199924
flux1:, 1.5104719242406381, 1.005089759087712, 0.984989598816243, 11.707363968206415, -100.71008325791318, 85.05996684714606
flux1:, 1.5114542811112421, 0.9615950962518034, 0.9171800735491312, 17.057336162246592, -92.63781890252083, 82.58873624607702
flux1:, 1.5124366379818461, 0.9026962321871347, 0.8905175223577325, 7.533063373929913, -93.5306232345171, 78.83415888842487
flux1:, 1.5134189948524501, 0.8534294042419451, 0.8174705403775432, 12.661646675396167, -85.79695184410714, 76.41732674928578
flux1:, 1.5144013517230541, 0.788601893926395, 0.7825787379179387, 4.072657548201627, -86.46334589737805, 72.7239869031015
flux1:, 1.515383708593658, 0.7379580719283381, 0.7096303221459178, 8.963927082002279, -79.22689644894346, 70.39611574163223
flux1:, 1.516366065464262, 0.6723028749331109, 0.6706385421930728, 1.4457935828679436, -79.73326956652214, 66.86857665454623
flux1:, 1.5173484223348659, 0.6243614085307472, 0.6025471754724453, 6.070902932519035, -73.09096969305206, 64.66019521782351
flux1:, 1.5183307792054699, 0.5621142079613316, 0.5632088776262247, -0.36442384360068425, -73.48978784585947, 61.37124287233899
flux1:, 1.5193131360760739, 0.5196935731254987, 0.5031785971822922, 3.960235663410314, -67.46916642175046, 59.30022049543214
flux1:, 1.5202954929466777, 0.46353743784487195, 0.4661227244830469, -1.4745147717321965, -67.79301291380565, 56.28523523958444
flux1:, 1.5212778498172816, 0.42795684899659514, 0.41559584534061844, 2.521924473876207, -62.366779474741094, 54.35596728232231
flux1:, 1.5222602066878856, 0.3790421425823311, 0.38221071907820486, -2.045031100876769, -62.63217513335537, 51.61935073623712
flux1:, 1.5232425635584896, 0.3504100364567194, 0.34122415777072884, 1.610003506146356, -57.74143911499482, 49.82678785925424
flux1:, 1.5242249204290936, 0.3087679579245008, 0.311931607831175, -2.235263792839227, -57.9558485144857, 47.353167887785126
flux1:, 1.5252072772996974, 0.28645168387783854, 0.2796613299658712, 1.0812913752489877, -53.53056918167502, 45.68771199431565
flux1:, 1.5261896341703014, 0.25147277021519415, 0.25429067605752204, -2.178744902358849, -53.698092178169766, 43.45220019507242
flux1:, 1.5271719910409054, 0.23451010352762594, 0.2295254341461171, 0.8152833451665819, -49.67026030642589, 41.90327225228423
flux1:, 1.5281543479115094, 0.2053154226070859, 0.20762172665261422, -1.9761136098586751, -49.79476336640902, 39.87849651600673
flux1:, 1.5291367047821134, 0.19268589597095778, 0.18907734678580027, 0.7196490631771281, -46.1048105002962, 38.43640094014806
flux1:, 1.5301190616527172, 0.1683560651346546, 0.17010005326001104, -1.6977523265589414, -46.191040961557945, 36.596393361747886
flux1:, 1.5311014185233212, 0.15912437805698038, 0.15658806136946174, 0.7279600239098332, -42.78973813733552, 35.25294350339987
flux1:, 1.5320837753939252, 0.1388155205579066, 0.14001732118192126, -1.3900830045017742, -42.843338882515, 33.574818044069474
flux1:, 1.5330661322645291, 0.13218862435645962, 0.13051421667222496, 0.7945502561509517, -39.69130775658067, 32.323295698758734
flux1:, 1.5340484891351331, 0.11517675801835232, 0.11589660942055711, -1.0821288250062924, -39.71841459398932, 30.78764580511298
flux1:, 1.535030846005737, 0.11051271337726642, 0.10955666822324688, 0.8891542590603327, -36.7846634542644, 29.622500199139196
flux1:, 1.536013202876341, 0.0961995372545498, 0.09651733353466897, -0.7909716423292064, -36.79145118628128, 28.213170150596156
flux1:, 1.536995559746945, 0.09299382623274785, 0.09265829092127095, 0.9923895829089312, -34.051704471006786, 27.12967585445555
flux1:, 1.537977916617549, 0.08089485990813639, 0.08089692654649741, -0.5258232238858997, -34.04402823701697, 25.833290384176667
flux1:, 1.538960273488153, 0.0787587677148961, 0.07897557616482792, 1.0923195926907472, -31.47919793736838, 24.82725735304138
flux1:, 1.5399426303587567, 0.06848544494983386, 0.06825621339452269, -0.2908772691489336, -31.46236132182302, 23.632707705746878
flux1:, 1.5409249872293607, 0.06712377256689862, 0.06784261643531023, 1.1819842093476556, -29.05727859226947, 22.700268534075047
flux1:, 1.5419073440999647, 0.058365192666188746, 0.05798214755394315, -0.08722873068920771, -29.0359122086965, 21.598243402366364
flux1:, 1.5428897009705687, 0.05755636513570209, 0.05873627781669998, 1.257687320573873, -26.778328336498223, 20.73571267967104
flux1:, 1.5438720578411727, 0.05006310993918251, 0.04959391870125313, 0.08587013232728449, -26.756349419241563, 19.718304720577976
flux1:, 1.5448544147117764, 0.04964260016613503, 0.051246012161566615, 1.3178355636641772, -24.636172110223296, 18.922095375316594
flux1:, 1.5458367715823806, 0.0432133460465956, 0.04271444520335472, 0.2302053003253543, -24.616797205466572, 17.982486378692933
flux1:, 1.5468191284529844, 0.043060354364141636, 0.04504911006183439, 1.3621628990461734, -22.625517068610414, 17.249066939552126
flux1:, 1.5478014853235884, 0.03753123517144193, 0.03704738040480298, 0.3480956534874583, -22.61130621088228, 16.38128321740576
flux1:, 1.5487838421941924, 0.03755818825397513, 0.03989102875104152, 1.3912185929998577, -20.741570918111847, 15.707162461388512
flux1:, 1.5497661990647964, 0.03279456124068127, 0.032358994833950355, 0.4420820936008655, -20.73448821666491, 14.905888443283331
flux1:, 1.5507485559354004, 0.032938905081758035, 0.03557002007614649, 1.4060323239731265, -18.979788869690967, 14.287617068420142
flux1:, 1.5517309128060042, 0.028829094994532314, 0.028464079861250824, 0.5147413157219363, -18.98126973632121, 13.54805512676814
flux1:, 1.5527132696766082, 0.029046888108364532, 0.031925230452874605, 1.4078972245709327, -17.335711562027054, 12.982237068866814
flux1:, 1.5536956265472122, 0.025497503460762867, 0.02521504600086199, 0.5685784882495906, -17.346730750977805, 12.300003160463383
flux1:, 1.5546779834178162, 0.025758390077940722, 0.02882754018089892, 1.3982308301461168, -15.804866878147077, 11.783311537781904
flux1:, 1.5556603402884202, 0.022690860377751764, 0.022493510461079582, 0.6059690973400957, -15.826004213352956, 11.154358186444894
flux1:, 1.556642697159024, 0.022974088700600657, 0.026172553431515467, 1.378487128413193, -14.382716428833467, 10.683552626131803
flux1:, 1.557625054029628, 0.020322131148291178, 0.02020381336061629, 0.6291307783565535, -14.41421874848133, 10.104112663438944
flux1:, 1.558607410900232, 0.020613365412561195, 0.02387529661067284, 1.350101800678264, -13.064632866145146, 9.676055983760365
flux1:, 1.559589767770836, 0.018321139528012915, 0.018268039975647053, 0.6401125225484209, -13.106471710596354, 9.14260208540288
flux1:, 1.56057212464144, 0.018609896719956213, 0.021866306731244744, 1.3144583486921058, -11.845897970353857, 8.75427515979279
flux1:, 1.5615544815120437, 0.01663064252877385, 0.016622243694250437, 0.6407925584900859, -11.897823075811344, 8.263491491045354
flux1:, 1.5625368383826477, 0.016908266247794866, 0.020088877207086995, 1.2728662044980104, -10.721713696083164, 7.912005466561461
flux1:, 1.5635191952532517, 0.015203247733959993, 0.015213650224733047, 0.6328793803705479, -10.78329953366443, 7.46076828203656
flux1:, 1.5645015521238557, 0.015461415464325378, 0.018497249004921664, 1.226549704470306, -9.687212086266987, 7.143374752538692
flux1:, 1.5654839089944597, 0.013999014509488827, 0.013998677566646887, 0.6179185103747095, -9.757909236499573, 6.7287434962465005
flux1:, 1.5664662658650634, 0.014228807895580333, 0.017055556427526927, 1.176629601000025, -8.737502869151962, 6.442841363834589
flux1:, 1.5674486227356674, 0.012983610532322587, 0.012941644237880355, 0.5972715888713765, -8.81667587064387, 6.06204564148472
flux1:, 1.5684309796062714, 0.013175240661202098, 0.015737133871533925, 1.1241108194669256, -7.8676650535766814, 5.805182050660171
flux1:, 1.5694133364768754, 0.01212705903646829, 0.012013879944386035, 0.5721329362406771, -7.954624230940697, 5.455621302115775
flux1:, 1.5703956933474794, 0.01227022943266444, 0.014523845704269301, 1.069880239769329, -7.072782987713938, 5.2254945877620615
flux1:, 1.5713780502180832, 0.011402974338890353, 0.011193108262181372, 0.543518082167004, -7.166821641453015, 4.904731472465561
flux1:, 1.5723604070886872, 0.011487763318892785, 0.013405018533163716, 1.014694087642252, -6.34797438323293, 4.699187157675036
flux1:, 1.5733427639592912, 0.010788220780749013, 0.010462744839782255, 0.5122680274306233, -6.448392542194201, 4.404939737556212
flux1:, 1.5743251208298952, 0.010806207438014186, 0.012375728259531805, 0.9591789218361062, -5.688418358915251, 4.221965440064821
flux1:, 1.5753074777004992, 0.01026281142589393, 0.009810939671727421, 0.47906320816071396, -5.794541453155281, 3.9520963519541934
flux1:, 1.576289834571103, 0.01020807141437628, 0.011434527276485477, 0.9038398564196656, -5.089389821171619, 3.7898154474374697
flux1:, 1.577272191441707, 0.009809809180978716, 0.009229312805984727, 0.44444766508447137, -5.200579708540204, 3.5423188362669498
flux1:, 1.578254548312311, 0.009679450037486053, 0.01058098878163849, 0.8490758065100322, -4.5462961220385685, 3.398984051293279
flux1:, 1.579236905182915, 0.009415025925425, 0.00871150951924193, 0.40886061379796734, -4.661953765395325, 3.1719724167808967
flux1:, 1.580219262053519, 0.009209103036811963, 0.009813566072711057, 0.7951983167423855, -4.054712117232328, 3.045959827418154
flux1:, 1.5812016189241227, 0.009066427039964117, 0.008251798238197269, 0.37267036266691034, -4.174271827408227, 2.8376532098501577
flux1:, 1.5821839757947267, 0.0087872985623404, 0.009128134169641143, 0.7424497282964129, -3.6104101531983357, 2.727456215270363
flux1:, 1.5831663326653307, 0.008753286176766238, 0.007843912260004483, 0.3362061835757247, -3.733325897423006, 2.536175688711311
flux1:, 1.5841486895359347, 0.00840462783136093, 0.008517310261493159, 0.6910177937482465, -3.209383447774101, 2.440397870858392
flux1:, 1.5851310464065387, 0.008465237745142884, 0.007480237735862221, 0.2997862876322718, -3.3351080902783328, 2.264564563069529
flux1:, 1.5861134032771425, 0.008050998831997646, 0.007970421461214582, 0.6410462697067268, -2.8478637578059343, 2.181910068413299
flux1:, 1.5870957601477467, 0.008191422938196533, 0.007151360829499006, 0.263742169473329, -2.9758226079260393, 2.0200501696449265
flux1:, 1.5880781170183504, 0.007714983472284036, 0.007473920786166112, 0.5926431322951843, -2.522335989624865, 1.9493106272681564
flux1:, 1.5890604738889544, 0.007919944359942234, 0.006845969067555069, 0.2284398539141425, -2.6518969208015353, 1.8000665961996736
flux1:, 1.5900428307595584, 0.00738367992065784, 0.007012139453494484, 0.5458891393223287, -2.2295523513621354, 1.7401046708280572
flux1:, 1.5910251876301624, 0.007637861848596009, 0.006551154958028834, 0.19429614190200253, -2.3599964221220584, 1.6022523505317774
flux1:, 1.5920075445007664, 0.007043261824751477, 0.006568411419761311, 0.5008490451129423, -1.9665466419032251, 1.5519833474059248
flux1:, 1.5929899013713702, 0.007331957137007031, 0.006253239122961848, 0.1617837547157289, -2.097045656236656, 1.4244532947828745
flux1:, 1.5939722582419742, 0.006680354945544687, 0.006126691594861732, 0.45758613462445336, -1.7306456641354038, 1.3828277323079228
flux1:, 1.5949546151125782, 0.006990393202702687, 0.005939222825942508, 0.13141577166672175, -1.860255380022035, 1.2647263832566868
flux1:, 1.5959369719831822, 0.0062842085309489796, 0.00567369721157902, 0.41617794781789164, -1.5194703717185454, 1.2307176353468086
flux1:, 1.5969193288537862, 0.006605103303711871, 0.005598804705392116, 0.10370071582594532, -1.6471482393088581, 1.121340527250892
flux1:, 1.59790168572439, 0.005849252509916442, 0.005201285126302506, 0.37672789703387083, -1.330916982327514, 1.0939417519464747
flux1:, 1.598884042594994, 0.006174271186271307, 0.005226542085461329, 0.07906897332086618, -1.4555693342445375, 0.9927690496330259
flux1:, 1.599866399465598, 0.005377170748830315, 0.004708351320354573, 0.33936601601232574, -1.1631115891994614, 0.9710018474624372
flux1:, 1.600848756336202, 0.0057038480757893376, 0.004823374857008746, 0.05778810571210092, -1.2836666803946948, 0.87766884903755
flux1:, 1.601831113206806, 0.0048774287104356665, 0.0042013316110253406, 0.30423462375173277, -1.0143424729465471, 0.860602536529704
flux1:, 1.6028134700774097, 0.005207115912133409, 0.004396698485413035, 0.03989937678561053, -1.1298356283251936, 0.7748461712975615
flux1:, 1.6037958269480137, 0.0043656374154744885, 0.003692741697803996, 0.271461561558969, -0.8829877744531709, 0.7616227011797417
flux1:, 1.6047781838186177, 0.004702078315679431, 0.003958697052890828, 0.025206265447843976, -0.9926385499945553, 0.6832160778051832
flux1:, 1.6057605406892217, 0.003860143702742223, 0.0031980778376411684, 0.24113097392578664, -0.7674622927049252, 0.6730734563325638
flux1:, 1.6067428975598257, 0.004207564559757916, 0.0035234942627854877, 0.013323166394964406, -0.8707252257806168, 0.6017670404098764
flux1:, 1.6077252544304295, 0.003378149832807851, 0.0027322282030165677, 0.21326355084681173, -0.6661991491782397, 0.5940547765214617
flux1:, 1.6087076113010335, 0.003739564926453016, 0.0031042409118389107, 0.003763092090733642, -0.762778841725572, 0.5295396733683725
flux1:, 1.6096899681716375, 0.0029327896003080215, 0.002306686563309042, 0.1878128748986074, -0.577664865816124, 0.5237228822897549
flux1:, 1.6106723250422414, 0.00330902041341029, 0.0027111236944427786, -0.003971585097358647, -0.6674977874311586, 0.4656211945235137
flux1:, 1.6116546819128454, 0.0025318999522729287, 0.0019282686718287037, 0.16467626522125936, -0.5003926806631493, 0.4612738195808876
flux1:, 1.6126370387834492, 0.0029213979713026707, 0.0023506462289582634, -0.010323736228946131, -0.5836064535909209, 0.40915048547957655
flux1:, 1.6136193956540532, 0.0021783378479808867, 0.0015992400048883645, 0.1437131618829482, -0.43301654640737686, 0.4059409700030572
flux1:, 1.6146017525246572, 0.002577593397388468, 0.0020259230964305925, -0.015650558697791025, -0.5098798655265453, 0.3593264561367053
flux1:, 1.6155841093952612, 0.0018711823624337827, 0.0013182932790884207, 0.12476382037872685, -0.37429474318778716, 0.35700021244540564
flux1:, 1.6165664662658652, 0.0022754136932696383, 0.0017374748672365178, -0.020220451176560926, -0.44516853924282074, 0.3154143557313745
flux1:, 1.617548823136469, 0.0016071460507780836, 0.0010817805513103596, 0.10766393780926999, -0.32312015582661735, 0.31377674338342254
flux1:, 1.618531180007073, 0.002011025786492176, 0.0014840888953823808, -0.024225186446328886, -0.3884161132477515, 0.2767479634767955
flux1:, 1.619513536877677, 0.00138177221435011, 0.0008848138280324366, 0.09225398371199527, -0.2785194005995362, 0.2756499809163913
flux1:, 1.620495893748281, 0.0017800505795931827, 0.0012635167774324955, -0.027796842598487092, -0.3386679812871682, 0.2427280169208141
flux1:, 1.621478250618885, 0.001190266602280804, 0.0007220805991320214, 0.07838396520791875, -0.23964458672954514, 0.24205537196647237
flux1:, 1.6224606074894887, 0.001578231516309866, 0.0010729562225510246, -0.031023582054967382, -0.29507225423627864, 0.21281821077707572
flux1:, 1.6234429643600927, 0.001027986290731085, 0.0005883714899865746, 0.06591507837719249, -0.20576106529680432, 0.21248339671368183
flux1:, 1.6244253212306967, 0.0014017492523798404, 0.0009093570199466358, -0.033962230643622894, -0.25687533088152137, 0.186540084651942
flux1:, 1.6254076781013007, 0.0008906782868000928, 0.0004788804354185246, 0.05471962344863681, -0.17623360206285282, 0.18647664144822182
flux1:, 1.6263900349719047, 0.0012473016558284139, 0.0007696128251975444, -0.036647726080571576, -0.2234142729707441, 0.16346770134768487
flux1:, 1.6273723918425085, 0.000774563994840573, 0.00038934738380281387, 0.04468015543723535, -0.150512599358382, 0.16362584054657758
flux1:, 1.6283547487131127, 0.0011120596953516327, 0.0006506871418368482, -0.03910016185931238, -0.19410766284871378, 0.14322255945296214
flux1:, 1.6293371055837165, 0.000676341973848038, 0.00031610069665510127, 0.0356884352745753, -0.12812137867495776, 0.14356556153552352
flux1:, 1.6303194624543205, 0.0009935781312183, 0.0005497006595873293, -0.04133006113539759, -0.1684461267839653, 0.1254688886983833
flux1:, 1.6313018193249245, 0.0005931542649921627, 0.00025603976012673435, 0.027644441338165297, -0.10864507800931228, 0.1259699580231257
flux1:, 1.6322841761955285, 0.0008897064508726711, 0.0004639917611777879, -0.04334226415575256, -0.1459832720686714, 0.1099093440433068
flux1:, 1.6332665330661325, 0.0005225406766984704, 0.00020658512705848801, 0.020455535079689047, -0.09172134795641887, 0.11054878693370968
flux1:, 1.6342488899367362, 0.0007985195862815931, 0.0003911548524667288, -0.04513864785946006, -0.12632744078762373, 0.09628105508655245
flux1:, 1.6352312468073402, 0.000462392278384586, 0.0001656140981004075, 0.014035777844506206, -0.07703278473096757, 0.0970437702439796
flux1:, 1.6362136036779442, 0.0007182720560651733, 0.00032905922463517866, -0.04671986034259794, -0.10913446959910426, 0.08435201165516645
flux1:, 1.6371959605485482, 0.00041090852719955395, 0.0001313932835124962, 0.008305355783841839, -0.06430087717179689, 0.08522531876423521
flux1:, 1.6381783174191522, 0.0006473722372024501, 0.0002758518509185481, -0.048086285888494104, -0.09410146329278658, 0.07391777090095941
flux1:, 1.639160674289756, 0.000366559976378212, 0.0001025157127821742, 0.003190110980695715, -0.053281156269232785, 0.07488959270519704
flux1:, 1.64014303116036, 0.0005843720958238646, 0.0002299484390291398, -0.04923848498662259, -0.08096151913438975, 0.0647984660093888
flux1:, 1.641125388030964, 0.0003280574273330647, 7.784697870470921e-05, -0.0013787987577455634, -0.0437592494792476, 0.06585587596034774
flux1:, 1.642107744901568, 0.0005279683260790921, 0.00019001696744047305, -0.050177399560920835, -0.06947929826959141, 0.05683609126091774
flux1:, 1.643090101772172, 0.000294327692392789, 5.64826098731293e-05, -0.005465064010577401, -0.0355475520400181, 0.05796423854154797
flux1:, 1.6440724586427757, 0.00047701183307517086, 0.00015495719516135322, -0.05090460575215148, -0.059447327617420324, 0.04989202749874026
flux1:, 1.6450548155133797, 0.0002644953296379018, 3.771683861629708e-05, -0.009127146465572975, -0.028482265502121, 0.051073467497933504
flux1:, 1.6460371723839837, 0.00043052271750698164, 0.00012387871476212184, -0.051422840699894494, -0.050682921666541626, 0.043844754781264095
flux1:, 1.6470195292545877, 0.00023786855464150101, 2.1020598192513324e-05, -0.012417926924771729, -0.022420601024506357, 0.045059231576047735
flux1:, 1.6480018861251917, 0.00038770678971582277, 9.6078855388085e-05, -0.051736920256612404, -0.043025611948284935, 0.038587693473814466
flux1:, 1.6489842429957955, 0.00021392604447733932, 6.024321711241725e-06, -0.015384124531768226, -0.017238013139752425, 0.03981242600588953
flux1:, 1.6499665998663995, 0.00034796768038353925, 7.102075598156508e-05, -0.05185496980764658, -0.03633495223575245, 0.03402713564885225
flux1:, 1.6509489567370035, 0.00019230035734948332, -7.500355667027772e-06, -0.018065640588044437, -0.012825435577666633, 0.03523763536196248
flux1:, 1.6519313136076075, 0.0003109074577175413, 4.831127740044442e-05, -0.05178966030506802, -0.03048855614054117, 0.03008027569547505
flux1:, 1.6529136704782115, 0.0001727541986013329, -1.9665741173703705e-05, -0.0204950797719051, -0.00908661394544449, 0.03125164565652272
flux1:, 1.6538960273488152, 0.00027630976080054824, 2.7678123089808076e-05, -0.05155901721217895, -0.02538023061356947, 0.02667341533550017
flux1:, 1.6548783842194192, 0.0001551481998659062, -3.0502812215282068e-05, -0.02269781567874253, -0.005935671470734536, 0.027781998140897136
flux1:, 1.6558607410900232, 0.00024410385146247888, 8.945346334978877e-06, -0.05118631415991188, -0.020918076735979833, 0.023740430881916533
flux1:, 1.6568430979606272, 0.0001394028205099187, -4.0002689718449374e-05, -0.02469263633171891, -0.0032953382560931823, 0.02476548267647879
flux1:, 1.6578254548312312, 0.00021431364593312962, -7.992030796137176e-06, -0.050698899046670985, -0.017022642690602996, 0.021221634485563478
flux1:, 1.658807811701835, 0.00012546040849767013, -4.8158015262212096e-05, -0.026493235032211127, -0.0010955797679195953, 0.022146799196709244
flux1:, 1.659790168572439, 0.00018700230745333685, -2.3194409043099724e-05, -0.05012606856743034, -0.013625025111360718, 0.019063026428935866
flux1:, 1.660772525443043, 0.00011325473925794137, -5.499453748065045e-05, -0.028109989296169764, 0.000726955342842062, 0.019877274988801666
flux1:, 1.661754882313647, 0.00016222320479285075, -3.670230032491783e-05, -0.04949651978385813, -0.010665163309483458, 0.01721590602360777
flux1:, 1.662737239184251, 0.00010269291301770625, -6.0586732200250835e-05, -0.0295517942315382, 0.0022291433211374698, 0.017913837003600972
flux1:, 1.6637195960548548, 0.00013998598608025832, -4.8557207352839064e-05, -0.04883605175321292, -0.008090353921413584, 0.015636708288841505
flux1:, 1.6647019529254587, 9.365049665217888e-05, -6.505660907401339e-05, -0.030827516781485525, 0.0034614089725312175, 0.01621821249584931
flux1:, 1.6656843097960627, 0.0001202407905457328, -5.8816395301347713e-05, -0.048165986414245965, -0.005854057788515536, 0.01428690129445713
flux1:, 1.6666666666666667, 8.597697639870031e-05, -6.856015988372031e-05, -0.031946863379938406, 0.004467798311464258, 0.014756341018733268
