flux1:, 1.1764705882352942, 4.426294327659314e-05, 4.418561612705815e-05, -1.3881979973068724e-05, -0.0021159801974837966, 0.0020938489368654252
flux1:, 1.1774529451058982, 7.204301711999635e-05, 7.254492725345923e-05, -1.578097630486296e-05, -0.0018206566850722324, 0.001790978863656897
flux1:, 1.1784353019765021, 5.999933243314209e-05, 6.0044017214489406e-05, -1.663695338247726e-05, -0.002539643175136876, 0.0025147851730121604
flux1:, 1.179417658847106, 9.229712572001491e-05, 9.285420537836379e-05, -1.5032757209234006e-05, -0.0022398670594723424, 0.0022084574118921693
flux1:, 1.18040001571771, 8.237557721517913e-05, 8.264882961760523e-05, -1.9844220105517185e-05, -0.003053193874557153, 0.0030247725462264952
flux1:, 1.181382372588314, 0.00011734726139570635, 0.00011795678557646969, -1.4349493442236039e-05, -0.00275398652534652, 0.0027210420061605676
flux1:, 1.182364729458918, 0.00011379352354971485, 0.00011444631013851628, -2.3071481564964138e-05, -0.003677786728421303, 0.003644898173859961
flux1:, 1.183347086329522, 0.00014809858189515111, 0.0001487771487987164, -1.4039438756056837e-05, -0.003387114389692199, 0.0033528648088819416
flux1:, 1.1843294432001257, 0.00015651064457511936, 0.00015773841423903875, -2.5640897498688302e-05, -0.004436961911626766, 0.004398764854254107
flux1:, 1.1853118000707297, 0.0001847969244853605, 0.00018559386710210413, -1.4440874752003967e-05, -0.004162144104112377, 0.0041266995133262705
flux1:, 1.1862941569413337, 0.00021088349571428346, 0.00021289711001917403, -2.66873643468872e-05, -0.0053519983557047054, 0.005307875991321703
flux1:, 1.1872765138119377, 0.00022556450679093684, 0.0002265475471186565, -1.579931684279591e-05, -0.005093290568921198, 0.005056389563459736
flux1:, 1.1882588706825417, 0.0002727481069993088, 0.00027567858330777937, -2.546108876441426e-05, -0.006432740050705339, 0.006382393147418972
flux1:, 1.1892412275531457, 0.0002655496397701635, 0.00026672698426572254, -1.80742856318787e-05, -0.006179028400736613, 0.006139744996217311
flux1:, 1.1902235844237494, 0.0003329915247097956, 0.00033672276145276403, -2.1897285151910846e-05, -0.00767200646346362, 0.007615281827730329
flux1:, 1.1912059412943534, 0.0002991135334008335, 0.00030030378755083626, -2.0869973626530052e-05, -0.007407632610783355, 0.0073642865630923916
flux1:, 1.1921882981649574, 0.0003826813802958124, 0.00038671861335090845, -1.6932004229142752e-05, -0.009057992185665718, 0.00899450013876773
flux1:, 1.1931706550355614, 0.0003242310949045593, 0.0003250298309033661, -2.3744424020069986e-05, -0.008778671606084282, 0.008729103478679083
flux1:, 1.1941530119061654, 0.00041959576447924476, 0.00042317898717412805, -1.1950922986936181e-05, -0.0105979199296885, 0.01052695366552243
flux1:, 1.1951353687767692, 0.0003439069097457733, 0.0003439257807293017, -2.6590229543039142e-05, -0.010318091674476861, 0.010260077315911572
flux1:, 1.1961177256473732, 0.0004484046319197199, 0.0004509285848003638, -7.888740836146598e-06, -0.012326066551784942, 0.012246928847332934
flux1:, 1.1971000825179772, 0.00036342019012177725, 0.00036261547083200554, -2.9508461805905998e-05, -0.012071838373784153, 0.012003326246412744
flux1:, 1.1980824393885812, 0.0004760794856319338, 0.0004774271456358154, -4.9328102093291685e-06, -0.014292895712051692, 0.014204876700236456
flux1:, 1.1990647962591852, 0.0003876089058751468, 0.0003862694026593918, -3.251054223774986e-05, -0.01409239079649457, 0.014011481448555107
flux1:, 1.200047153129789, 0.0005086482678934705, 0.0005090687467066538, -2.8413473906670194e-06, -0.016553429301580196, 0.016455361682113978
flux1:, 1.201029510000393, 0.0004201494569769768, 0.00041863314947275315, -3.555374146414226e-05, -0.016432266819334483, 0.016337024660902217
flux1:, 1.202011866870997, 0.0005505287655643347, 0.0005503435100851832, -1.3218849768242204e-06, -0.01916297995852074, 0.01905305284969798
flux1:, 1.202994223741601, 0.0004638546805307332, 0.0004624383299240858, -3.86751961346604e-05, -0.019143965801756032, 0.019032219119769118
flux1:, 1.203976580612205, 0.0006048977477545848, 0.0006043601085551217, -1.7416047513916735e-07, -0.02217761366441897, 0.022053482149968148
flux1:, 1.2049589374828087, 0.0005210560536022008, 0.0005199389438965718, -4.1966911242951834e-05, -0.02228176838535377, 0.022150985462500244
flux1:, 1.2059412943534127, 0.0006740617606555741, 0.0006733524327572129, 6.761207648051875e-07, -0.025655579101089454, 0.025514486714491417
flux1:, 1.2069236512240167, 0.0005937160039803811, 0.0005930713836531228, -4.5533307036711207e-05, -0.025903013565002922, 0.0257502288964188
flux1:, 1.2079060080946207, 0.0007594689196769442, 0.000758733751961933, 1.1654407079594853e-06, -0.02965795206052411, 0.02949676302914683
flux1:, 1.2088883649652247, 0.0006831728570990141, 0.0006831940035673093, -4.947079253261274e-05, -0.03006830891661529, 0.0298900880116094
flux1:, 1.2098707218358287, 0.0008613225037814969, 0.0008607131282079673, 1.079564388882127e-06, -0.034248160588032005, 0.0340633160861284
flux1:, 1.2108530787064324, 0.0007895572314801059, 0.0007904914653117121, -5.386738473781412e-05, -0.03484097526603901, 0.03463339662593945
flux1:, 1.2118354355770364, 0.0009779591157414885, 0.0009776705772410682, 1.9597372370300768e-08, -0.03949092207716595, 0.03927835145373422
flux1:, 1.2128177924476404, 0.0009111041226708573, 0.0009132795837383147, -5.883272308102455e-05, -0.04028656050526111, 0.040045221522742355
flux1:, 1.2138001493182444, 0.0011054062962022727, 0.0011057147842850935, -2.609793411393573e-06, -0.045451798717034184, 0.0452068076508735
flux1:, 1.2147825061888484, 0.0010438563413018684, 0.0010477098217840871, -6.455501462279751e-05, -0.04647357848450774, 0.04619361192853891
flux1:, 1.2157648630594522, 0.001237732831350536, 0.0012390397327029774, -7.60095066218776e-06, -0.05219871759106243, 0.05191586487467349
flux1:, 1.2167472199300562, 0.0011823811285396107, 0.0011885039806486019, -7.139407219657878e-05, -0.053476068715306774, 0.05315214519090529
flux1:, 1.2177295768006602, 0.0013685695388329516, 0.001371467631844355, -1.596074625411756e-05, -0.05980552089126163, 0.05947849557360261
flux1:, 1.2187119336712642, 0.0013216676442486793, 0.001330906862693418, -8.006077529462719e-05, -0.06137662519286615, 0.06100291118687249
flux1:, 1.2196942905418682, 0.0014932351899307977, 0.0014986356673557947, -2.9132474785925478e-05, -0.06835420312123512, 0.06797565904551311
flux1:, 1.220676647412472, 0.001459290505091688, 0.0014729752398083497, -9.199306721741117e-05, -0.07026535627348644, 0.06983538935862926
flux1:, 1.221659004283076, 0.0016096265162255884, 0.0016190288781135563, -4.9775739258388544e-05, -0.07792806717505467, 0.07748922762435709
flux1:, 1.22264136115368, 0.001595632714778703, 0.001616059971103211, -0.00011017767318692237, -0.08022740512146087, 0.0797338124311299
flux1:, 1.223623718024284, 0.0017147969695103002, 0.0017308690883113076, -8.388417534697046e-05, -0.08858354600700151, 0.08807301487542436
flux1:, 1.224606074894888, 0.0017282287726246934, 0.0017596479639854846, -0.0001412558982484865, -0.09130843807091278, 0.09074227011932844
flux1:, 1.2255884317654917, 0.0017924167594146015, 0.0018201143255584724, -0.00014558887039621681, -0.10028513434998214, 0.09968556632938765
flux1:, 1.2265707886360957, 0.0018330916410486296, 0.0018833258337952684, -0.0001994932837697572, -0.10345343281479236, 0.10280248282228283
flux1:, 1.2275531455066997, 0.0017903336909410126, 0.0018380406067558233, -0.00026200895683251306, -0.11283939640880926, 0.11212110800934981
flux1:, 1.2285355023773037, 0.0018398459987139777, 0.001919412307947669, -0.0003011377985759958, -0.11652278002665047, 0.11576918312190357
flux1:, 1.2295178592479077, 0.0016446333156992963, 0.0017164982415966994, -0.00042565603675464897, -0.12615387374854253, 0.12528489276036264
flux1:, 1.2305002161185117, 0.001706612501461968, 0.0017997107427243164, -0.00036238524938489046, -0.13071132153196835, 0.12984520336915523
flux1:, 1.2314825729891155, 0.0014415309875477375, 0.0015013537585959584, -0.00042167274645480974, -0.14093272211898417, 0.13995906589006374
flux1:, 1.2324649298597194, 0.0015645516987617977, 0.0016170993643511821, -0.00026107793157253967, -0.14676612650490634, 0.1458103005825018
flux1:, 1.2334472867303234, 0.0013435320551654017, 0.001371791056851219, -0.0003228652182463838, -0.15808621426573988, 0.15703666374359404
flux1:, 1.2344296436009274, 0.0015181197185871339, 0.001541519706683999, -0.00020757818458681958, -0.1650417055556491, 0.16399037621985277
flux1:, 1.2354120004715314, 0.0013710286717305445, 0.0013843260281633453, -0.0003002977250009251, -0.17759865685541337, 0.17644276073019194
flux1:, 1.2363943573421352, 0.0015729966776578186, 0.001584646941113748, -0.00020495049544045079, -0.18535349113305027, 0.18419214245621174
flux1:, 1.2373767142127392, 0.0014840443514453885, 0.001490625497278224, -0.0003102274741319577, -0.19914622893975165, 0.19786862240540354
flux1:, 1.2383590710833432, 0.0017034299388579083, 0.0017098330283280398, -0.00021780631077062643, -0.20754840085170928, 0.20626769300869238
flux1:, 1.2393414279539472, 0.0016544263047101242, 0.001657448002165933, -0.00033195587136766936, -0.222601926225313, 0.22119402767955013
flux1:, 1.2403237848245512, 0.001894278669329702, 0.0018980325849240036, -0.0002362090150016898, -0.23161353240207247, 0.2302065607265265
flux1:, 1.241306141695155, 0.0018739774071903936, 0.001874871661018123, -0.0003598284418211893, -0.24798913937057945, 0.24644414430269465
flux1:, 1.242288498565759, 0.0021437457748722253, 0.0021460929628332316, -0.00025705524656301, -0.25761873981451, 0.25607982731473145
flux1:, 1.243270855436363, 0.0021454437406252607, 0.002144994628081127, -0.0003914794527864589, -0.2754099936526098, 0.27372192752677527
flux1:, 1.244253212306967, 0.002458080035948567, 0.0024597368331425117, -0.0002785776300278263, -0.2856893736954708, 0.28401359036367757
flux1:, 1.245235569177571, 0.0024768906807765764, 0.0024756315247957982, -0.0004251618835302163, -0.30502536119950924, 0.30318877563809593
flux1:, 1.2462179260481747, 0.0028486455828839858, 0.0028501230394784023, -0.00029901233196509195, -0.3160071948266436, 0.3141900562466628
flux1:, 1.2472002829187787, 0.002879695245234906, 0.0028781186587762348, -0.00045884291889354876, -0.3370616829645379, 0.3350715103738793
flux1:, 1.2481826397893827, 0.003331859940020065, 0.0033336416848071065, -0.00031600693928311534, -0.3488257450791778, 0.34686303635874166
flux1:, 1.2491649966599867, 0.0033696095124466623, 0.0033683457573353646, -0.0004897526671905148, -0.37183386641886745, 0.3696854756730172
flux1:, 1.2501473535305907, 0.003933677592437891, 0.003936376732065504, -0.0003259628641257948, -0.3845001604310847, 0.3823880266831382
flux1:, 1.2511297104011945, 0.003974167529446682, 0.003974267033642372, -0.000513415832448913, -0.4097928315275084, 0.4074826839638217
flux1:, 1.2521120672717985, 0.004706731477223114, 0.004711347704906854, -0.0003224485832368821, -0.4235529548794726, 0.42128874642108455
flux1:, 1.2530944241424025, 0.004761316861204444, 0.004764943749149477, -0.0005216528906038199, -0.45163908904659994, 0.44916694084829606
flux1:, 1.2540767810130065, 0.005792060976561423, 0.005800623011544709, -0.0002917691276102299, -0.46684524030475233, 0.46443053489762964
flux1:, 1.2550591378836105, 0.00595624564197523, 0.005969010826338575, -0.000500034419271499, -0.4985689845933048, 0.4959431819322298
flux1:, 1.2560414947542144, 0.007647511676874321, 0.007664918791742054, -0.00020434276100435213, -0.5158360398386593, 0.5132847725685055
flux1:, 1.2570238516248182, 0.008380756912817366, 0.008419966646420345, -0.0004800242318855454, -0.5509298167150151, 0.5481521670848588
flux1:, 1.2580062084954222, 0.010540488626436629, 0.010569382844990214, -0.00017148587752875287, -0.5654922988702342, 0.5627820140340376
flux1:, 1.2589885653660262, 0.00978342895301141, 0.009832092385499955, -0.0010790399481906373, -0.5836366424396592, 0.5803595316294851
flux1:, 1.2599709222366302, 0.0072239813056377035, 0.007221354470459126, -0.0006997737198942292, -0.5972568387903132, 0.5941259338581683
flux1:, 1.2609532791072342, 0.006952533056871256, 0.006952742583365739, -0.0013534111251123483, -0.6278450628911457, 0.6241551386792332
flux1:, 1.261935635977838, 0.0061247659836932335, 0.006113854381310263, -0.0007776363074806199, -0.6540879623901046, 0.6506868921535168
flux1:, 1.262917992848442, 0.006686527855651656, 0.006676074969960116, -0.001330733948974914, -0.6920904006049181, 0.6881517555340723
flux1:, 1.263900349719046, 0.0065130302417274, 0.006502805421691113, -0.0007673260066583597, -0.7201092540833423, 0.7164565471016491
flux1:, 1.26488270658965, 0.007056215637896641, 0.0070440189497296525, -0.0013445899703642872, -0.7625572192810055, 0.7583305705172709
flux1:, 1.265865063460254, 0.007121297735678769, 0.007112488966040693, -0.000762475607817055, -0.7927918570474148, 0.7888562394887171
flux1:, 1.266847420330858, 0.007584751003755093, 0.007572743206819867, -0.0013879684926309704, -0.8400524485745958, 0.8354874292130358
flux1:, 1.2678297772014617, 0.007793861677271316, 0.007786402074556083, -0.0007635504305455328, -0.8735230057272744, 0.8692625313694049
flux1:, 1.2688121340720657, 0.008200238355704036, 0.00818901642231335, -0.0014483808632196284, -0.9263794624590218, 0.9214205573718436
flux1:, 1.2697944909426697, 0.008529045469481222, 0.008522829669924318, -0.000766118142021156, -0.9641117147598876, 0.9594741904145556
flux1:, 1.2707768478132737, 0.008907251809490382, 0.008897077942163562, -0.0015186031358183148, -1.0235667167333735, 1.0181487691549793
flux1:, 1.2717592046838777, 0.009354288620170416, 0.009349255201613761, -0.0007662117054506052, -1.066669189956469, 1.0615892927686665
flux1:, 1.2727415615544815, 0.009731491722250194, 0.009722537608347155, -0.0015939891202231813, -1.1339486032711636, 1.1279925819507473
flux1:, 1.2737239184250855, 0.010305909845899588, 0.010302045685196505, -0.0007602874604416068, -1.1836817796031331, 1.1780775844915563
flux1:, 1.2747062752956895, 0.010707784397317913, 0.01070021473389347, -0.0016709963382567645, -1.2602611557970083, 1.2536700807839072
flux1:, 1.2756886321662935, 0.011425416656340195, 0.0114227575172738, -0.0007448534869331557, -1.3180880387596727, 1.311857144070481
flux1:, 1.2766709890368975, 0.011877304566486594, 0.01187131242005419, -0.0017465426443162885, -1.4057237962551201, 1.3983785341257255
flux1:, 1.2776533459075012, 0.012759210080713254, 0.012757835766423926, -0.0007164062800114846, -1.4733499292198695, 1.4663651239459294
flux1:, 1.2786357027781052, 0.013287085977822148, 0.01328291579848749, -0.0018177306295467962, -1.574109304198102, 1.5658640846294811
flux1:, 1.2796180596487092, 0.014358774085037291, 0.014358812919575598, -0.0006713595390424577, -1.653512709790879, 1.6456172850517365
flux1:, 1.2806004165193132, 0.014989681551142291, 0.014987650207368936, -0.0018817856871488738, -1.7697953244019862, 1.7604730743905401
flux1:, 1.2815827733899172, 0.016280190553328647, 0.01628182008251759, -0.0006061239527661699, -1.8632407488472924, 1.8542435931345844
flux1:, 1.282565130260521, 0.017041923086208367, 0.017042429800878247, -0.0019361113409212104, -1.9977807935169678, 1.9871685810201696
flux1:, 1.283547487131125, 0.018582100931536984, 0.018585555548407625, -0.0005172152808905002, -2.107806753794259, 2.0974777257323143
flux1:, 1.284529844001729, 0.01950177682452172, 0.0195053200855949, -0.0019783891526055667, -2.263639537493364, 2.2514847140606182
flux1:, 1.285512200872333, 0.021321356486093335, 0.021326933791493082, -0.0004014993822680974, -2.3930008698286938, 2.381067177243781
flux1:, 1.286494557742937, 0.022422665263443525, 0.022429851286976648, -0.0020067749920177325, -2.573371874689172, 2.559379813875875
flux1:, 1.2874769146135407, 0.024545839977272176, 0.024553903561955612, -0.0002563439096502241, -2.7249152323855066, 2.711059942061475
flux1:, 1.2884592714841447, 0.025844976950235417, 0.02585652562219495, -0.0020199939066917433, -2.933106123737985, 2.9169408997188917
flux1:, 1.2894416283547487, 0.028284733961740922, 0.02829572202578964, -7.988036573392974e-05, -3.1095547107490393, 3.0934188224998747
flux1:, 1.2904239852253527, 0.0297856672610247, 0.029802404153597545, -0.0020174753277924506, -3.348603350746814, 3.329892765919195
flux1:, 1.2914063420959567, 0.032537967239668654, 0.03255238912455375, 0.00012889894030203124, -3.5522350405703125, 3.5334246824965856
flux1:, 1.2923886989665605, 0.0342284654908826, 0.034251299406047264, -0.0019992977164601023, -3.824541957898593, 3.8028884315098286
flux1:, 1.2933710558371645, 0.03726825013531566, 0.03728667385863341, 0.0003701791279532053, -4.056767819543333, 4.0348678279660835
flux1:, 1.2943534127077685, 0.03911878589158247, 0.03914866154226248, -0.001965936550917314, -4.3636133804675925, 4.338611395993384
flux1:, 1.2953357695783725, 0.04240022964504045, 0.04242323556889015, 0.0006436787202103358, -4.624500846054358, 4.599095084417971
flux1:, 1.2963181264489765, 0.04436725663343221, 0.04440504003192339, -0.0019180363944659076, -4.965543160889631, 4.936802910817113
flux1:, 1.2973004833195805, 0.04782875648429976, 0.047856845118623925, 0.0009481811171426421, -5.253384833580965, 5.224081942228991
flux1:, 1.2982828401901843, 0.04986266574571774, 0.049909109764259656, -0.0018573869788114164, -5.6262610078299655, 5.593435691778065
flux1:, 1.2992651970607882, 0.05343815461019046, 0.05347177617827684, 0.001281713444536984, -5.937294791572388, 5.903756813731394
flux1:, 1.3002475539313922, 0.05549492381076803, 0.055550596804188716, -0.0017860522429033864, -6.337429822538367, 6.300243895395108
flux1:, 1.3012299108019962, 0.05912562280260076, 0.05916506821763493, 0.0016415553940069593, -6.665844394211791, 6.627814442969799
flux1:, 1.3022122676726002, 0.06117651369382392, 0.06124172974666384, -0.0017081231002614265, -7.086606473883582, 7.04487974956662
flux1:, 1.303194624543204, 0.0648213220887632, 0.06486671403005503, 0.002022981020081121, -7.424897572958069, 7.382221841593765
flux1:, 1.304176981413808, 0.06685971357088669, 0.0669345379009558, -0.0016306380766898726, -7.858107567079183, 7.811771239575529
flux1:, 1.305159338284412, 0.07050127740125188, 0.07055257517929577, 0.0024189007738274863, -8.197761987179968, 8.150402292650838
flux1:, 1.306141695155016, 0.07254454217367139, 0.07262882362692963, -0.001564327342387017, -8.63450259366263, 8.583604172682215
flux1:, 1.30712405202562, 0.07619041633340368, 0.07624744931036795, 0.002819630282878186, -8.966899870874354, 8.914934527764961
flux1:, 1.308106408896224, 0.07827768902806918, 0.07837111191409228, -0.0015238207012359187, -9.398472530867814, 9.343168609042849
flux1:, 1.3090887657668278, 0.08195776160520454, 0.08202027124005645, 0.003213179157147701, -9.71582116212438, 9.65943374337661
flux1:, 1.3100711226374318, 0.08414520346457927, 0.08424734919500078, -0.001527300676775492, -10.13465119386643, 10.075189131685446
flux1:, 1.3110534795080357, 0.0879069168727327, 0.08797460325223759, 0.003585919249161365, -10.430761734425207, 10.370219650321326
flux1:, 1.3120358363786397, 0.0902619144121139, 0.09037232567676674, -0.0015958152322369228, -10.83106747842348, 10.767759152894095
flux1:, 1.3130181932492437, 0.09416445774446651, 0.09423703138589978, 0.0039233194768407646, -11.101815023579935, 11.037441587346693
flux1:, 1.3140005501198475, 0.09675961561354803, 0.0968778626089627, -0.0017527227978633743, -11.479931393701262, 11.413123306280943
flux1:, 1.3149829069904515, 0.10086771643433541, 0.10094494648981044, 0.004210325291543724, -11.7233532791979, 11.655497860103115
flux1:, 1.3159652638610555, 0.10377476238582901, 0.1039004788971809, -0.002023477677551018, -12.077696078960892, 12.007740642298002
flux1:, 1.3169476207316595, 0.10815180333642022, 0.10823352521954932, 0.004431704211365392, -12.293762722552756, 12.22277371749544
flux1:, 1.3179299776022635, 0.11143485728432123, 0.11156775167702175, -0.0024354316682086603, -12.624510079865344, 12.551741785076826
flux1:, 1.3189123344728673, 0.11613521500711137, 0.11622134505884145, 0.004572108870996034, -12.814685417875292, 12.74088876524384
flux1:, 1.3198946913434713, 0.11984344408663934, 0.11998331913509948, -0.003018446241894691, -13.123301445951126, 13.048019697214508
flux1:, 1.3208770482140753, 0.12490389017356097, 0.12499442887906394, 0.004615834723777841, -13.290016350233916, 13.21370134981443
flux1:, 1.3218594050846793, 0.1290630369698633, 0.12920976606293874, -0.0038052962086546436, -13.578731419899187, 13.501191015996634
flux1:, 1.3228417619552832, 0.1344930746801612, 0.1345880879649011, 0.004546761368397222, -13.724878162706128, 13.646290967611655
flux1:, 1.323824118825887, 0.1390961478242575, 0.13924964781959667, -0.004832737739497493, -13.996221133510394, 13.916630116362839
flux1:, 1.324806475696491, 0.14486817321779422, 0.14496775155880104, 0.004348696167673595, -14.124745211098258, 14.04408944750021
flux1:, 1.325788832567095, 0.14986672787158725, 0.15002690530049131, -0.006141139613096895, -14.381186503831069, 14.299709666390166
flux1:, 1.326771189437699, 0.1559081191497384, 0.15601233013661991, 0.004006633923891317, -14.494815360219526, 14.412258070061439
flux1:, 1.327753546308303, 0.16120676349870755, 0.1613734633777878, -0.007774887683635953, -14.738548764374475, 14.655315261657423
flux1:, 1.3287359031789068, 0.16739720444784045, 0.1675060434616286, 0.0035082837406002487, -14.839669873314765, 14.755351045436097
flux1:, 1.3297182600495108, 0.1728550747238761, 0.17302803885330295, -0.00978201636302125, -15.072537252180895, 14.987649891473753
flux1:, 1.3307006169201148, 0.17903301028414778, 0.17914635513146074, 0.0028460119425857827, -15.163215431192542, 15.077258332864428
flux1:, 1.3316829737907188, 0.18447572942169235, 0.18465459544794333, -0.012215568773433293, -15.386757276771991, 15.30030062781548
flux1:, 1.3326653306613228, 0.190456499516993, 0.19057410883316633, 0.0020182977989600982, -15.468856858267172, 15.381376713998813
flux1:, 1.3336476875319265, 0.1956997491099754, 0.19588410470814, -0.015136652296980128, -15.684448141917567, 15.596492862320527
flux1:, 1.3346300444025305, 0.20130439898303745, 0.2014259545230422, 0.0010294464004281419, -15.759804297322031, 15.670912374345908
flux1:, 1.3356124012731345, 0.20618564604970552, 0.20637515024400294, -0.018622510264649592, -15.96881378757478, 15.879414749082995
flux1:, 1.3365947581437385, 0.2112742995076362, 0.21139949136417913, -0.00011310824859238691, -16.039382006979253, 15.949183520645995
flux1:, 1.3375771150143425, 0.21568465149580843, 0.21587921205409233, -0.022781012772341715, -16.24328970140373, 16.15247661367227
flux1:, 1.3385594718849465, 0.22018491932246928, 0.2203135801640006, -0.001404203755302924, -16.311216093417833, 16.21980148939075
flux1:, 1.3395418287555503, 0.22409130631975402, 0.22429132290195383, -0.027774605469114873, -16.511644497348, 16.419404685752603
flux1:, 1.3405241856261543, 0.2280126046444135, 0.22814490220884093, -0.0028487180913039784, -16.57922995662262, 16.486660569709436
flux1:, 1.3415065424967583, 0.2314633966270907, 0.23167008740743386, -0.033858264585024264, -16.777878889763493, 16.684132452485247
flux1:, 1.3424888993673623, 0.23489342915811465, 0.23503011545351266, -0.00447132539551091, -16.84745477811827, 16.75374439159924
flux1:, 1.3434712562379663, 0.23800728598498175, 0.2382231050692751, -0.041442987743142395, -17.04597593077572, 16.950541280127762
flux1:, 1.34445361310857, 0.24109382946182858, 0.24123659745902826, -0.006328517326745886, -17.119743947505963, 17.024836173980596
flux1:, 1.345435969979174, 0.24403752324881312, 0.24426683423708595, -0.05120948725720505, -17.31960970594298, 17.222152325242913
flux1:, 1.346418326849778, 0.24696288769110178, 0.24711492047220932, -0.008527977520778298, -17.39949736244754, 17.303234386980886
flux1:, 1.347400683720382, 0.24992579740674045, 0.2501760515610299, -0.06434009482412609, -17.601912452636878, 17.501856149341478
flux1:, 1.348383040590986, 0.2528815818324208, 0.25304863355146623, -0.011264684643894157, -17.689472162499147, 17.591541318361166
flux1:, 1.34936539746159, 0.25605314049463856, 0.25633733626040156, -0.08304539023793868, -17.89536463131337, 17.791711808909803
flux1:, 1.3503477543321938, 0.25921996697802185, 0.25941271159331025, -0.01490691824505637, -17.99171414740373, 17.89153463977205
flux1:, 1.3513301112027978, 0.26277220770272997, 0.2631148816208907, -0.11196018754073037, -18.20186032132673, 18.09276354994766
flux1:, 1.3523124680734018, 0.26630545486690593, 0.26654567181795835, -0.02023516278732991, -18.30763361791793, 18.204063548459697
flux1:, 1.3532948249440058, 0.27037782454145015, 0.27083267057836785, -0.16270426965577786, -18.523129055060057, 18.404636954699733
flux1:, 1.3542771818146098, 0.274396666200953, 0.27473777790470294, -0.02927820156829475, -18.6383823006981, 18.52874750942456
flux1:, 1.3552595386852135, 0.27906499241173127, 0.279788032096819, -0.2750351418474896, -18.862726840686868, 18.723636560269913
flux1:, 1.3562418955558175, 0.28362737891221945, 0.2842626263160869, -0.04954324309976475, -18.986963223721773, 18.861999738097147
flux1:, 1.3572242524264215, 0.2886243268645398, 0.2905563938504848, -0.731655433810844, -19.246816150228803, 19.022201745191747
flux1:, 1.3582066092970255, 0.29282951817621933, 0.2966467949818968, 0.0938595969330607, -19.40652095950837, 19.150382298423754
flux1:, 1.3591889661676295, 0.3024544487237105, 0.29982656173397787, 1.3521331741620637, -19.42551507990849, 19.547649520144354
flux1:, 1.3601713230382333, 0.30728652850587285, 0.3062734090003905, 0.07662977672372123, -19.665462293193645, 19.61732756692124
flux1:, 1.3611536799088373, 0.31448960694420663, 0.31363291559178574, 0.3808930036630135, -19.860037693090852, 19.832654093726077
flux1:, 1.3621360367794413, 0.320435635396624, 0.31990889806717604, 0.024328950234750284, -20.051297678596672, 19.976919800942607
flux1:, 1.3631183936500453, 0.3285225929334845, 0.3279827993454102, 0.22819647057666653, -20.23912721253273, 20.185590149805627
flux1:, 1.3641007505206493, 0.33481846995291437, 0.334414937135449, 0.007648504630769326, -20.43478244687129, 20.35200674258297
flux1:, 1.365083107391253, 0.343614532361645, 0.34319625862285247, 0.16583398686015538, -20.613646904983657, 20.548869539203306
flux1:, 1.366065464261857, 0.34990148359650436, 0.349536869694498, -0.0027494009010812295, -20.82073287572329, 20.733369885800705
flux1:, 1.367047821132461, 0.35925195014384176, 0.35889100234119914, 0.13150916336911858, -20.98549422806074, 20.914192454152055
flux1:, 1.368030178003065, 0.3650873200851133, 0.36472438329962076, -0.011719866494849678, -21.208655816843304, 21.11810363668811
flux1:, 1.369012534873669, 0.3748015546262033, 0.37446800489376064, 0.10932736328659808, -21.352894091197825, 21.27713486325814
flux1:, 1.3699948917442728, 0.3796118610548111, 0.37922621277078816, -0.02110983192177258, -21.598521377845778, 21.505411779859198
flux1:, 1.3709772486148768, 0.38948822193778954, 0.38916439231045524, 0.09331120561685141, -21.713641388650085, 21.63447370358414
flux1:, 1.3719596054854808, 0.392549285399566, 0.3921191595524669, -0.03228916088316133, -21.992637567842664, 21.897262872252057
flux1:, 1.3729419623560848, 0.402434478514811, 0.40210686684474967, 0.08059922269993683, -22.065754081954438, 21.983700627708483
flux1:, 1.3739243192266888, 0.4028438086361537, 0.4023448148386073, -0.047067158168220505, -22.39814597414676, 22.300604637649407
flux1:, 1.3749066760972926, 0.412732704742022, 0.41238698982552546, 0.06942337135062261, -22.406954926613814, 22.32214090363944
flux1:, 1.3758890329678966, 0.40932428850322905, 0.40872558392035635, -0.0689087499676369, -22.832964290026528, 22.733265290749937
flux1:, 1.3768713898385005, 0.4195070770974053, 0.4191212191034323, 0.05808338083682897, -22.731571662903445, 22.64362413198756
flux1:, 1.3778537467091045, 0.41057756381832683, 0.40984539098536177, -0.10655292507531017, -23.348066654170072, 23.24656281305361
flux1:, 1.3788361035797085, 0.42178271619592167, 0.4213080612948283, 0.0432570224131223, -23.0175306312047, 22.924999808725985
flux1:, 1.3798184604503125, 0.4045401396380515, 0.40375557925494737, -0.1916259999017378, -24.172264661089848, 24.073723488487794
flux1:, 1.3808008173209163, 0.4167716441009643, 0.41603904321032287, 0.00933174042153799, -23.1467299049465, 23.043827866279845
flux1:, 1.3817831741915203, 0.42375465159008796, 0.42892713616881917, -0.5941180795751084, -29.34051458917373, 29.40072878434217
flux1:, 1.3827655310621243, 0.7273265132343506, 0.7538820260570831, -0.07719021545146088, -48.247718173631974, 48.981116485139985
flux1:, 1.3837478879327283, 0.6116618629141828, 0.6245537648954658, 0.6477334151443932, -26.28328133894726, 26.443760760268926
flux1:, 1.3847302448033323, 0.4335319137868073, 0.43407070455134195, 0.102898696783341, -25.2614891632104, 25.19810509649824
flux1:, 1.3857126016739363, 0.46747228585563566, 0.47016959563233707, 0.22639061462997426, -24.668818922473555, 24.6214547433666
flux1:, 1.38669495854454, 0.4214126775666533, 0.42159124965749945, 0.07776817444311242, -25.389788317562143, 25.313011838489263
flux1:, 1.387677315415144, 0.4402238221005785, 0.44157933808991795, 0.14035505513279495, -25.05578098476378, 24.98188979405968
flux1:, 1.388659672285748, 0.41334328036791557, 0.4134041418910452, 0.06689331453216975, -25.785175244673948, 25.70290698616573
flux1:, 1.389642029156352, 0.426186435987127, 0.42703706235305905, 0.10277125737090609, -25.568462737862898, 25.484165243544016
flux1:, 1.390624386026956, 0.4072824818344169, 0.40728046060191536, 0.0599445894502188, -26.26503110520617, 26.179108909043947
flux1:, 1.3916067428975598, 0.41745517044476765, 0.41803323773496937, 0.08128020455413534, -26.1206564765202, 26.030331425337895
flux1:, 1.3925890997681638, 0.40349681534340603, 0.4034511173824772, 0.054625238861537626, -26.790258704847595, 26.701425226699374
flux1:, 1.3935714566387678, 0.41262111499311205, 0.41301928355267903, 0.06703251752316991, -26.69537296582598, 26.600853314053424
flux1:, 1.3945538135093718, 0.40241515284775475, 0.40233388160816974, 0.050122074594097364, -27.343462146111392, 27.25217709866989
flux1:, 1.3955361703799758, 0.41139911198324125, 0.41166146558162503, 0.0566273673190448, -27.283674398543678, 27.186009138833704
flux1:, 1.3965185272505796, 0.4043131624232472, 0.40420070681707315, 0.04608604579789649, -27.912779810797765, 27.81945748798909
flux1:, 1.3975008841211836, 0.4136630448969629, 0.4138130128139405, 0.048503881778542424, -27.877760214824463, 27.77773946572099
flux1:, 1.3984832409917876, 0.40924248470393, 0.4091032290089388, 0.04237629849804689, -28.48838738261817, 28.393488131096692
flux1:, 1.3994655978623916, 0.4191914368572272, 0.4192436796726441, 0.04189051770142451, -28.470180537604584, 28.368532915195974
flux1:, 1.4004479547329955, 0.4170194640388074, 0.4168613216399966, 0.03898378160330674, -29.06181568556139, 28.9658823915682
flux1:, 1.4014303116035993, 0.4275929689022249, 0.42756128281011413, 0.036430645979826176, -29.054215230761148, 28.951687285380302
flux1:, 1.4024126684742033, 0.42723775868549074, 0.4270778503721967, 0.03601520981466965, -29.626156801124154, 29.52982040177038
flux1:, 1.4033950253448073, 0.4382996426222477, 0.43820643416750504, 0.03203741753155863, -29.624556310259237, 29.521934685124535
flux1:, 1.4043773822154113, 0.43930459522911863, 0.43918050782023144, 0.033699084940245524, -30.176565101848386, 30.080524895836547
flux1:, 1.4053597390860153, 0.45060570391426324, 0.4504988336745182, 0.028834452527268503, -30.17798172471258, 30.076079604137526
flux1:, 1.406342095956619, 0.4525101905953072, 0.45250404916808484, 0.03239432237257175, -30.710701654803568, 30.615684261913753
flux1:, 1.407324452827223, 0.463749602748835, 0.4637376661346075, 0.0271188688000863, -30.713758697216097, 30.613381352008435
flux1:, 1.408306809697827, 0.4661319495428359, 0.4664234611349477, 0.032570269128242395, -31.22883120684991, 31.13554340941524
flux1:, 1.409289166568431, 0.4770256842307005, 0.4773568506779718, 0.02727840296204198, -31.233547404593757, 31.13547160270151
flux1:, 1.410271523439035, 0.47955010033018336, 0.480536264360792, 0.03466771101930041, -31.73337472135997, 31.64251153394468
flux1:, 1.4112538803096388, 0.4898809102713779, 0.49112357058852046, 0.029491511445941906, -31.74070727403383, 31.64579455431476
flux1:, 1.4122362371802428, 0.49231327891376536, 0.49487621509131485, 0.03853627759183659, -32.22791382506164, 32.14044896671463
flux1:, 1.4132185940508468, 0.5019180238458915, 0.5053560480635491, 0.03267632941792342, -32.23911486122934, 32.14897572709098
flux1:, 1.4142009509214508, 0.5040869796721739, 0.5101107246299239, 0.04154497627931503, -32.71582446425205, 32.63432830086803
flux1:, 1.4151833077920548, 0.5128015486872924, 0.5210525423015191, 0.03150669146523316, -32.73170991609993, 32.65105710145944
flux1:, 1.4161656646626586, 0.5146997416456872, 0.5274120162420238, 0.03445027007290744, -33.198855529476006, 33.13122720469695
flux1:, 1.4171480215332626, 0.5227082717723358, 0.5392287583351355, 0.013461469126538318, -33.21974799471862, 33.160726965713074
flux1:, 1.4181303784038666, 0.5254051446676855, 0.5468574337562989, 0.004508601015261217, -33.67851208403561, 33.64045229775554
flux1:, 1.4191127352744706, 0.5342350029852997, 0.5585668520787795, -0.024618463562806822, -33.708244012423144, 33.685853673989236
flux1:, 1.4200950921450746, 0.5398475641194127, 0.5659620520404293, -0.03517470620347539, -34.16546886151335, 34.16623289843927
flux1:, 1.4210774490156786, 0.550612458264694, 0.5767592048051235, -0.05518532476088392, -34.213277339981786, 34.22719904072715
flux1:, 1.4220598058862823, 0.5591938405187244, 0.5842591853366907, -0.05572153523789214, -34.67744629860955, 34.70938392233094
flux1:, 1.4230421627568863, 0.5710767075429917, 0.5950543583842681, -0.06309376016355696, -34.748738395591396, 34.7886242207108
flux1:, 1.4240245196274903, 0.5816017575698218, 0.603856649059699, -0.05640222554167457, -35.22361402117838, 35.27723078070855
flux1:, 1.4250068764980943, 0.593914777868884, 0.6152840441436732, -0.056720812298396664, -35.31776071057985, 35.37675238514545
flux1:, 1.4259892333686983, 0.6059169250709473, 0.6258407850158473, -0.047305447032869624, -35.80290282828964, 35.8735263816514
flux1:, 1.4269715902393023, 0.6184793263928606, 0.6380076276784256, -0.04425583697423439, -35.91218777868295, 35.98743041060459
flux1:, 1.427953947109906, 0.6318223506681789, 0.6503493408470613, -0.034306499256813484, -36.40081520433793, 36.48670160323575
flux1:, 1.42893630398051, 0.6446714557424014, 0.6632909834608264, -0.02933506356437482, -36.50712754086764, 36.59760466231637
flux1:, 1.429918660851114, 0.6593331035448383, 0.6773941302756363, -0.01962009621177912, -36.98491047996971, 37.08562800870461
flux1:, 1.430901017721718, 0.672720587555642, 0.6913419293287356, -0.012812565163166506, -37.06208511347045, 37.16752278065038
flux1:, 1.431883374592322, 0.6889675574651396, 0.7074371946734691, -0.0029427618009019232, -37.51827982371566, 37.63367883436308
flux1:, 1.4328657314629258, 0.7037763603430681, 0.723165225373609, 0.007511380837370879, -37.563919864951345, 37.68300177593664
flux1:, 1.4338480883335298, 0.7232183996210624, 0.7425053569874759, 0.020533766978388164, -38.058867061481415, 38.184448588185866
flux1:, 1.4348304452041338, 0.7421895500698974, 0.7617134513215165, 0.041192657361058635, -38.25742328617977, 38.37669074053754
flux1:, 1.4358128020747378, 0.7699195860800094, 0.7870316340933727, 0.06496169293100221, -39.16020047284273, 39.261429953857345
flux1:, 1.4367951589453418, 0.7937737750813625, 0.8062396422450255, 0.0999481069440468, -40.11190685290376, 40.16666133454436
flux1:, 1.4377775158159456, 0.8244539555872646, 0.8293600015554872, 0.11766849954792728, -41.44458060458789, 41.434540855202656
flux1:, 1.4387598726865496, 0.8314445022298212, 0.8302112231487239, 0.12551479695841325, -42.1793090670628, 42.12218065032972
flux1:, 1.4397422295571536, 0.8485659870648493, 0.8439155904859097, 0.11137070845000774, -42.31923138153094, 42.229491460091765
flux1:, 1.4407245864277576, 0.8445624795355802, 0.8388432991465458, 0.10007830838449865, -42.08288530307023, 41.990774492856474
flux1:, 1.4417069432983616, 0.8593040796453967, 0.8534659441700374, 0.08427619314431196, -41.65591186239616, 41.556045372654204
flux1:, 1.4426893001689653, 0.8565171030400849, 0.8511237591766495, 0.0740850408433728, -41.16465783914616, 41.072355153235655
flux1:, 1.4436716570395693, 0.8717991995385149, 0.8667619266841108, 0.06260056156667776, -40.68736661116105, 40.59130793628362
flux1:, 1.4446540139101733, 0.8710146864952418, 0.8665472418406109, 0.05429916737319469, -40.152227103979705, 40.06292555023017
flux1:, 1.4456363707807773, 0.8864839033116156, 0.882276667843531, 0.045667883011641944, -39.72143121820489, 39.62892930738882
flux1:, 1.4466187276513813, 0.887227414321847, 0.8834924467932319, 0.03828370527369339, -39.19421993749984, 39.10676266232842
flux1:, 1.447601084521985, 0.9026819783764898, 0.8990631802986301, 0.03161181546003617, -38.83686878290049, 38.74678822675279
flux1:, 1.448583441392589, 0.9046509901685463, 0.9013975019199171, 0.024706730511843696, -38.34495254955158, 38.25863543791396
flux1:, 1.449565798263193, 0.9199826150980583, 0.9167296029491424, 0.0196714616636582, -38.07448086843377, 37.98636695496963
flux1:, 1.450548155133797, 0.9228559261418227, 0.9198824531623062, 0.013105788297974916, -37.63312914836086, 37.54787822547371
flux1:, 1.451530512004401, 0.9377924561007388, 0.9347358103941557, 0.009596259351960526, -37.451723902919205, 37.36558596662524
flux1:, 1.4525128688750049, 0.9410251453594158, 0.9381851790626673, 0.0033271966257467644, -37.06233220578326, 36.97839313263871
flux1:, 1.4534952257456089, 0.9549718674294438, 0.9519924711062466, 0.0013069867760654719, -36.959019668945444, 36.875088300125576
flux1:, 1.4544775826162128, 0.9576967303073447, 0.9548922277509551, -0.0046711724655282075, -36.607821960080116, 36.52561249137273
flux1:, 1.4554599394868168, 0.9696911018554981, 0.9667139898205568, -0.005165597196257199, -36.5578375787174, 36.476532802268686
flux1:, 1.4564422963574208, 0.9707555045476849, 0.9679293179953802, -0.01079399852021759, -36.21656291915681, 36.136737425726494
flux1:, 1.4574246532280246, 0.979577280305826, 0.9765631184217303, -0.009596166058206117, -36.18312676200445, 36.105203660888414
flux1:, 1.4584070100986286, 0.97776205865907, 0.9748861214918713, -0.01468347606169288, -35.81300344918624, 35.73664855518274
flux1:, 1.4593893669692326, 0.9822347546909137, 0.9791648282923158, -0.011446794080233913, -35.75311942866025, 35.67987272481299
flux1:, 1.4603717238398366, 0.9766492967464008, 0.9737051986724572, -0.015618217844733842, -35.31359337900638, 35.242404910128364
flux1:, 1.4613540807104406, 0.9760706055463391, 0.9729241543981543, -0.009846968933213206, -35.18834262641745, 35.12169782768406
flux1:, 1.4623364375810444, 0.9665803759627447, 0.9635342790817457, -0.01257740879352743, -34.6494151605044, 34.585678683149716
flux1:, 1.4633187944516486, 0.9610741687870636, 0.9578036497517294, -0.0037835930786425387, -34.43558096668454, 34.37791587639042
flux1:, 1.4643011513222524, 0.9485042990293885, 0.9452850200636812, -0.004546058705758804, -33.78853185007192, 33.73479725762957
flux1:, 1.4652835081928564, 0.9390512740501508, 0.9355665538148066, 0.007493927594147055, -33.48557333751685, 33.439241318303395
flux1:, 1.4662658650634603, 0.9249862261101967, 0.9214779498473276, 0.009010943459066528, -32.7461028876224, 32.704611609521194
flux1:, 1.4672482219340643, 0.9130696940036392, 0.909240999215402, 0.024015718479085235, -32.374144813629734, 32.340846120239526
flux1:, 1.4682305788046683, 0.8993241927010596, 0.8953803656514024, 0.027715295109978312, -31.576234609135387, 31.548304870292416
flux1:, 1.4692129356752721, 0.8863852931669883, 0.8820671474172619, 0.04478113531191528, -31.16672408549871, 31.146960928881676
flux1:, 1.470195292545876, 0.8744238814811404, 0.8698998967017207, 0.050074076788373556, -30.351272300955976, 30.33686475121815
flux1:, 1.47117764941648, 0.8614172260160179, 0.8564866962047212, 0.06772694352931, -29.935906507285356, 29.928708084942627
flux1:, 1.472160006287084, 0.8519830261835263, 0.8467779303359236, 0.0735827759567356, -29.14005239776133, 29.137648439913786
flux1:, 1.473142363157688, 0.8392166263692643, 0.8336137872044475, 0.0900054203046739, -28.7428936214978, 28.745890789102834
flux1:, 1.4741247200282919, 0.8322790647107404, 0.8263725816490813, 0.09515245003209173, -27.993391859223376, 28.000219530831465
flux1:, 1.4751070768988959, 0.8195581854038883, 0.8133140099276318, 0.10857004468789028, -27.627864079578845, 27.637708778479556
flux1:, 1.4760894337694999, 0.814546699590164, 0.8080162184619218, 0.11182951750012673, -26.938972402285582, 26.951542156150264
flux1:, 1.4770717906401039, 0.8015095521921566, 0.7947473063562953, 0.12096147876243896, -26.60904408837871, 26.622087042097064
flux1:, 1.4780541475107078, 0.797691509906615, 0.7906982236391613, 0.12162514884892624, -25.98399422286653, 25.998817895181904
flux1:, 1.4790365043813116, 0.7841334187336951, 0.7770391571583336, 0.12604579100226648, -25.68756242932047, 25.700591348773337
flux1:, 1.4800188612519156, 0.780919734251418, 0.7736669441775329, 0.1240752030896817, -25.121928120703274, 25.136184886760578
flux1:, 1.4810012181225196, 0.7668986465010765, 0.7596728139302061, 0.12423016091451466, -24.854379408355513, 24.865150355864344
flux1:, 1.4819835749931236, 0.7639029218739203, 0.7565859867019241, 0.1201576525834707, -24.339505548022714, 24.351416453290337
flux1:, 1.4829659318637276, 0.7495690200601552, 0.7423827300259597, 0.11704501002303822, -24.09549120434717, 24.102883193859544
flux1:, 1.4839482887343314, 0.746426615460241, 0.7391981955486439, 0.11164740460487518, -23.620333857655115, 23.629162601883117
flux1:, 1.4849306456049354, 0.7317203866342247, 0.7246947836802249, 0.10637407461409569, -23.393356918440137, 23.397189303013143
flux1:, 1.4859130024755394, 0.7278431884426289, 0.7208050618146736, 0.10034763226360184, -22.944519164818832, 22.95031464501933
flux1:, 1.4868953593461434, 0.7122846965805483, 0.7054954987923, 0.09381506694247299, -22.725471345022903, 22.726172353811258
flux1:, 1.4878777162167474, 0.7067538822179785, 0.6999700562788399, 0.08761337323563054, -22.28665146916974, 22.289924675122972
flux1:, 1.4888600730873511, 0.689478292102179, 0.68297460283788, 0.08042785693038514, -22.06318874547981, 22.061494390056577
flux1:, 1.4898424299579551, 0.6811928735186673, 0.6747102676852331, 0.07427284917517715, -21.61584853798247, 21.61731873786715
flux1:, 1.4908247868285591, 0.6612637394885207, 0.6550870933835358, 0.06682095583608458, -21.37412982007232, 21.370892446438997
flux1:, 1.4918071436991631, 0.6493295702176372, 0.6431932984571895, 0.060805975979593065, -20.90057894613778, 20.901025895375682
flux1:, 1.4927895005697671, 0.6262139382258313, 0.6204076434617707, 0.05338054686862722, -20.62948050121118, 20.625575209146778
flux1:, 1.4937718574403709, 0.6103921942581189, 0.6046488054922433, 0.04757310191520604, -20.11773641405169, 20.117930569515124
flux1:, 1.4947542143109749, 0.5843382358199765, 0.5789445393465799, 0.040456145615192715, -19.813557051516177, 19.80983693199626
flux1:, 1.4957365711815789, 0.56526610558087, 0.5599561569034183, 0.034943587855800304, -19.26127671628509, 19.261944244839302
flux1:, 1.4967189280521829, 0.5373249038002009, 0.5323749275653533, 0.028413588440080958, -18.92980635795574, 18.927067061379113
flux1:, 1.4977012849227869, 0.5163347496870558, 0.5114820843119255, 0.023290080261162156, -18.344503231253203, 18.346298482391536
flux1:, 1.4986836417933906, 0.48800233823682315, 0.48350703615796436, 0.017583401058059497, -17.998895364502836, 17.997837321986545
flux1:, 1.4996659986639946, 0.4666579702912698, 0.46226347527784967, 0.012916079512585776, -17.394280773321203, 17.397759671740644
flux1:, 1.5006483555345986, 0.43938489158132354, 0.43533261456503525, 0.008193332064987034, -17.05028723268657, 17.05148178625797
flux1:, 1.5016307124052026, 0.41903186430675715, 0.41507463420207436, 0.004004059687769408, -16.44127342994998, 16.446870575866434
flux1:, 1.5026130692758066, 0.3938799780728965, 0.3902406611664163, 0.0003477491636148626, -16.11282592252878, 16.116691900879648
flux1:, 1.5035954261464104, 0.37541409310890067, 0.3718577465566444, -0.0033807412862683454, -15.511850674365398, 15.519861825510551
flux1:, 1.5045777830170146, 0.35295806492812193, 0.3496904345747853, -0.005943977578639216, -15.208774125083673, 15.21556410802821
flux1:, 1.5055601398876184, 0.33681617103109884, 0.3336162783690147, -0.009249479532601669, -14.62434298491122, 14.634911848731514
flux1:, 1.5065424967582224, 0.3172185374367963, 0.3142767355309852, -0.010723632067616416, -14.352121620707559, 14.361914189877243
flux1:, 1.5075248536288264, 0.3034877089032696, 0.3005974636535647, -0.01364975021038857, -13.788986090417657, 13.80209632915305
flux1:, 1.5085072104994304, 0.2866349274704566, 0.2839727396238593, -0.014058682465178034, -13.549631185225849, 13.562330650668766
flux1:, 1.5094895673700344, 0.2751827896379254, 0.27255604676996326, -0.016653261369202435, -13.009662058155001, 13.02514195150895
flux1:, 1.5104719242406381, 0.2608085073270023, 0.25838117345186984, -0.01604797033541231, -12.802833133342908, 12.818186021604689
flux1:, 1.5114542811112421, 0.25138573355099564, 0.24897800821792576, -0.018371706064131403, -12.285944673555582, 12.303495099729588
flux1:, 1.5124366379818461, 0.2391548786704385, 0.23691947030906416, -0.01684368551849051, -12.109889365158047, 12.1275268242118
flux1:, 1.5134189948524501, 0.23145880576475994, 0.22922740015852625, -0.018976997646130596, -11.614745187992263, 11.633993529484648
flux1:, 1.5144013517230541, 0.22101343023224113, 0.2189288953597035, -0.0166602230891544, -11.466942143452206, 11.486444511707216
flux1:, 1.515383708593658, 0.21471932900705892, 0.21262351768930618, -0.018698194708928022, -10.991403932243673, 11.011970229539783
flux1:, 1.516366065464262, 0.20569696376934682, 0.20372445043575668, -0.01575215832507658, -10.868946967708107, 10.889910836331302
flux1:, 1.5173484223348659, 0.2004686472846252, 0.19847018125586618, -0.01778896891742565, -10.410322892968065, 10.431874898544075
flux1:, 1.5183307792054699, 0.19250593723171341, 0.19060931823653673, -0.01437159934120383, -10.310135577473565, 10.33222080669894
flux1:, 1.5193131360760739, 0.18799867237900034, 0.18606228789319743, -0.01648511016112526, -9.865318157419852, 9.88759905805678
flux1:, 1.5202954929466777, 0.18073403714802522, 0.17888020808232344, -0.012731112554298436, -9.784305670547138, 9.807252901260549
flux1:, 1.5212778498172816, 0.17660428021438834, 0.17469774737390578, -0.014976401270224185, -9.349912744999097, 9.372742141789335
flux1:, 1.5222602066878856, 0.16969491644595672, 0.16785348413087892, -0.010989145668875712, -9.28517325829084, 9.308799028782506
flux1:, 1.5232425635584896, 0.16563204717895988, 0.16372548961826291, -0.0134016389927033, -8.857825629841203, 8.881086933557556
flux1:, 1.5242249204290936, 0.15879832804259045, 0.15694056414348334, -0.009256837912031862, -8.807036047064635, 8.831220636680042
flux1:, 1.5252072772996974, 0.15458600871694006, 0.15265050685308768, -0.011859733507545222, -8.383870688556343, 8.407499903981451
flux1:, 1.5261896341703014, 0.14768158744126547, 0.14577878197989255, -0.0076138964597186175, -8.34586522796144, 8.370546316191291
flux1:, 1.5271719910409054, 0.1432730127632879, 0.14127876109105555, -0.010424068698808967, -7.92522030527397, 7.949205326331956
flux1:, 1.5281543479115094, 0.13634979066511246, 0.13437138002681842, -0.0061205590942552904, -7.900566365054668, 7.925743307676102
flux1:, 1.5291367047821134, 0.13191164612482414, 0.12982611725158658, -0.009149694137968768, -7.482520902419632, 7.50691100896791
flux1:, 1.5301190616527172, 0.1252286837950231, 0.12314060240544376, -0.004819210483892293, -7.4737148537499465, 7.499459626130094
flux1:, 1.5311014185233212, 0.12110821549716487, 0.11889474699912052, -0.008071103971591767, -7.0600804490585745, 7.084998660995995
flux1:, 1.5320837753939252, 0.11505918034970666, 0.1128226825948974, -0.003728783251179219, -7.071123924464375, 7.097590650838575
flux1:, 1.5330661322645291, 0.11167981119001323, 0.10929663559636985, -0.007197009432953106, -6.664806321107044, 6.690457313833712
flux1:, 1.5340484891351331, 0.1066771096431782, 0.10424785588996037, -0.0028400081060912102, -6.700388739977267, 6.72781780727053
flux1:, 1.535030846005737, 0.10442677818664296, 0.10182603033270855, -0.006509330627717566, -6.304527277684576, 6.331200299780085
flux1:, 1.536013202876341, 0.10081538821332574, 0.0981421395392445, -0.002117961781195733, -6.369364507605622, 6.398084943538446
flux1:, 1.536995559746945, 0.0999934567383698, 0.09711941373509135, -0.005968616766320054, -5.986792139463015, 6.014865724435554
flux1:, 1.537977916617549, 0.09803781060563932, 0.09505999823028602, -0.0015092962511560814, -6.085517674162106, 6.115956413110381
flux1:, 1.538960273488153, 0.0988768018127919, 0.09566264244441461, -0.005521233817327216, -5.718785798686517, 5.748743302066097
flux1:, 1.5399426303587567, 0.09881289604240381, 0.09545641217588453, -0.0009485456721857544, -5.85641854996945, 5.8891249895614415
flux1:, 1.5409249872293607, 0.10155144433079259, 0.09791390782404143, -0.005103679509345814, -5.50831259841364, 5.540776049664827
flux1:, 1.5419073440999647, 0.10367626819023083, 0.09984680485135529, -0.0003599042304131333, -5.691147404059709, 5.726839734883014
flux1:, 1.5428897009705687, 0.10865862748474914, 0.10448976447838407, -0.004641517651726899, -5.3655621006686784, 5.4013509512308
flux1:, 1.5438720578411727, 0.11344286814498677, 0.10901572064316417, 0.0003473413123605239, -5.602419281752987, 5.642060539959183
flux1:, 1.5448544147117764, 0.12124272137208579, 0.11639728311443726, -0.004041857408807918, -5.3056178726417915, 5.345842724833127
flux1:, 1.5458367715823806, 0.12947889258133116, 0.12428326221620782, 0.0012902358310488008, -5.609609889319454, 5.654527491145262
flux1:, 1.5468191284529844, 0.141072231034469, 0.13534810967281807, -0.0031782732441585134, -5.352136971945397, 5.398347189725331
flux1:, 1.5478014853235884, 0.15409831237375476, 0.147892648369621, 0.002633228925062071, -5.743384832880533, 5.795459487228862
flux1:, 1.5487838421941924, 0.1711399246835629, 0.16424708359935392, -0.0018637245799757625, -5.543225899330369, 5.5976450431105
flux1:, 1.5497661990647964, 0.19121396528135257, 0.18364629918059228, 0.004624339160589424, -6.053324664483183, 6.115294808858708
flux1:, 1.5507485559354004, 0.21651447302811, 0.20802453215635028, 0.00019780042478121946, -5.9414002336799845, 6.007309834227599
flux1:, 1.5517309128060042, 0.24746980606878013, 0.2380128756796557, 0.00765965481369925, -6.620964081718376, 6.696925330002196
flux1:, 1.5527132696766082, 0.28583330678803587, 0.2750969734911045, 0.003499594003422461, -6.650782269839148, 6.733154468567414
flux1:, 1.5536956265472122, 0.3342129341956219, 0.32205831158839565, 0.012397957647081353, -7.581920563747302, 7.678145159127603
flux1:, 1.5546779834178162, 0.39384249252053555, 0.3798571105151242, 0.008891502342300267, -7.8457511690939095, 7.9522738388731185
flux1:, 1.5556603402884202, 0.4706792831990951, 0.4545731453693987, 0.01995393430758181, -9.16019896055054, 9.2864181581096
flux1:, 1.556642697159024, 0.565100714172378, 0.5463190082324959, 0.017841317538307273, -9.811125643116362, 9.953709415886868
flux1:, 1.557625054029628, 0.6877113948515109, 0.6657479371497707, 0.03215324826542532, -11.703633418767259, 11.87468154284029
flux1:, 1.558607410900232, 0.8362170251722326, 0.8103751096593342, 0.0327114538165017, -12.960317166185218, 13.156535246871382
flux1:, 1.559589767770836, 1.0250988454017766, 0.994680579430402, 0.05150793136245034, -15.63414975572663, 15.870396848544322
flux1:, 1.56057212464144, 1.2416238580928436, 1.2060449882623112, 0.05629239579333972, -17.652910179625255, 17.923944667625726
flux1:, 1.5615544815120437, 1.4944145089075238, 1.4532356666364068, 0.07934395689295852, -20.9859113404251, 21.305884147404214
flux1:, 1.5625368383826477, 1.740706167258361, 1.6943933965384055, 0.08797856648290617, -23.331717184923484, 23.686638393661383
flux1:, 1.5635191952532517, 1.9666867541146573, 1.9161882723275614, 0.10936520335422609, -26.118612773310392, 26.51230830530069
flux1:, 1.5645015521238557, 2.099519782589129, 2.0473822381662585, 0.11577219618016373, -27.20437216209615, 27.607238357554735
flux1:, 1.5654839089944597, 2.1363716949647076, 2.084895919533624, 0.12414711036586956, -27.49554037089571, 27.899119733197868
flux1:, 1.5664662658650634, 2.0462286897432937, 1.998401662898298, 0.12183048916262783, -26.198208811229225, 26.571411215768904
flux1:, 1.5674486227356674, 1.8848158873617842, 1.8417964517349317, 0.11466850179726334, -24.015808421137997, 24.355500752726304
flux1:, 1.5684309796062714, 1.6674762085327774, 1.6304220231335989, 0.10676649501948478, -21.492285748178997, 21.78446545409417
flux1:, 1.5694133364768754, 1.448832906431023, 1.4171863499870214, 0.09257009501673646, -18.614032275164348, 18.86583722198793
flux1:, 1.5703956933474794, 1.2350624668032426, 1.2087044984906457, 0.0849199088019038, -16.28197361135572, 16.49192080771175
flux1:, 1.5713780502180832, 1.0485712496349067, 1.026444045776127, 0.07050447306829982, -13.796576536512145, 13.973907434983984
flux1:, 1.5723604070886872, 0.8846364399811586, 0.866346242506269, 0.06521812286651565, -12.088546959434915, 12.235530542736038
flux1:, 1.5733427639592912, 0.7474262313634911, 0.7320737462200513, 0.05286154015363415, -10.202687326560314, 10.32646453794193
flux1:, 1.5743251208298952, 0.6319742473396033, 0.6192338088236967, 0.049803378627735706, -9.048843380151897, 9.15195420022192
flux1:, 1.5753074777004992, 0.5356136076311031, 0.5248513926518921, 0.03970310304585663, -7.663066224966607, 7.750215904477203
flux1:, 1.576289834571103, 0.4564086051622414, 0.4474021099188311, 0.038250832677128366, -6.90271664690785, 6.975972854046968
flux1:, 1.577272191441707, 0.38933015419046, 0.3816595723106788, 0.030048160036958427, -5.8803675747761925, 5.94264249055547
flux1:, 1.578254548312311, 0.33518632976427387, 0.328702575838743, 0.029659040018571656, -5.381433673279757, 5.434321346342861
flux1:, 1.579236905182915, 0.28820524282767745, 0.28263774520352936, 0.022942949680383153, -4.613887349775059, 4.659120012448038
flux1:, 1.580219262053519, 0.2509853420443682, 0.2462294845186045, 0.023234043472978406, -4.285675593574386, 4.32449676882784
flux1:, 1.5812016189241227, 0.21767146383210345, 0.213556878493817, 0.017662324260726094, -3.6965849287272063, 3.7299714029964064
flux1:, 1.5821839757947267, 0.19184042028440518, 0.1882880832246855, 0.018379216041057585, -3.4800339172074395, 3.508989219430751
flux1:, 1.5831663326653307, 0.16786101006796184, 0.16476742204348727, 0.013690000757315003, -3.017580890052704, 3.0425969755223843
flux1:, 1.5841486895359347, 0.14972944085795814, 0.14703016787724488, 0.01466657442974521, -2.87473479029161, 2.8966553414162353
flux1:, 1.5851310464065387, 0.13218885627662044, 0.1298251826004065, 0.010664523391823494, -2.503905899462391, 2.522906814600082
flux1:, 1.5861134032771425, 0.11930322054158458, 0.1172191692661525, 0.011792818012954915, -2.4103049678311925, 2.4271253362541243
flux1:, 1.5870957601477467, 0.10625730090430446, 0.10442432707464945, 0.008332780739175087, -2.107225584741225, 2.1218305349729243
flux1:, 1.5880781170183504, 0.09697602039774383, 0.09534323569839052, 0.00954274126522352, -2.0469373874945305, 2.059999110967601
flux1:, 1.5890604738889544, 0.08710490204936804, 0.08566420747857331, 0.006516399310506783, -1.7950574144434719, 1.8063966718518019
flux1:, 1.5900428307595584, 0.08031780417570046, 0.07902153661328294, 0.00776266973545572, -1.757538330679377, 1.7677859771988993
flux1:, 1.5910251876301624, 0.07271198228902623, 0.07156597401285437, 0.005088586994534223, -1.5451367456271605, 1.5540119959646665
flux1:, 1.5920075445007664, 0.06765763937200986, 0.06661638324989892, 0.006341925857944115, -1.523266267582936, 1.53137558485452
flux1:, 1.5929899013713702, 0.06167939198720643, 0.06075828195507908, 0.003958622578369374, -1.3418312702307613, 1.348821011204183
flux1:, 1.5939722582419742, 0.057826925838522815, 0.05698195984538325, 0.005200123635821348, -1.3306795875107846, 1.3371423432794176
flux1:, 1.5949546151125782, 0.05302101424590617, 0.052274209192105354, 0.003061154715855069, -1.1738592100655174, 1.179389022140284
flux1:, 1.5959369719831822, 0.0499942349055297, 0.0493026520388749, 0.004278355337690682, -1.1699146041845323, 1.1750955243491792
flux1:, 1.5969193288537862, 0.04603108777721116, 0.04542138918387265, 0.002348877577035653, -1.0328438647539828, 1.0372337411493693
flux1:, 1.59790168572439, 0.04356083082314082, 0.04299081650629237, 0.0035329676312704558, -1.033536323217191, 1.0377115704297086
flux1:, 1.598884042594994, 0.04020150753006656, 0.039701142207685156, 0.0017871009217939166, -0.9124209384681085, 0.9159171736531071
flux1:, 1.599866399465598, 0.038096903696860585, 0.0376244940624322, 0.0029309234051064967, -0.9158444151007373, 0.9192274276951484
flux1:, 1.600848756336202, 0.03517242193753983, 0.03476029945460307, 0.0013494168571691779, -0.8077224662836308, 0.8105185937332695
flux1:, 1.601831113206806, 0.033304221872977616, 0.032911064546305005, 0.002446103468621851, -0.8124908629447799, 0.8152491267881926
flux1:, 1.6028134700774097, 0.030703136442481144, 0.03036294523519905, 0.0010140100373688043, -0.7151081072433002, 0.7173578034400243
flux1:, 1.6037958269480137, 0.028993054101203897, 0.028664870897572022, 0.0020564162006146266, -0.7202885220806132, 0.7225538001836301
flux1:, 1.6047781838186177, 0.026651694836912734, 0.026370604771663416, 0.0007609245059798763, -0.632022080446854, 0.6338464468572569
flux1:, 1.6057605406892217, 0.025062581357914452, 0.024788129083016825, 0.0017420045101322263, -0.6370886721316859, 0.6389630721963301
flux1:, 1.6067428975598257, 0.02295378345051334, 0.022721570742592963, 0.0005708812645906975, -0.5568583564851496, 0.5583502076212644
flux1:, 1.6077252544304295, 0.021477654102372866, 0.021248011567354, 0.0014848608096382655, -0.5616214193476142, 0.5631817308070157
flux1:, 1.6087076113010335, 0.019596845329072896, 0.019405289329854396, 0.0004259004474567237, -0.4887559049057095, 0.4899835876025989
flux1:, 1.6096899681716375, 0.018241217164216967, 0.018049264928640205, 0.0012696231048473657, -0.4932527060762703, 0.49455492513451305
flux1:, 1.6106723250422414, 0.016592138844703473, 0.01643457966303641, 0.0003110265307740409, -0.42732284065856696, 0.42833509970771677
flux1:, 1.6116546819128454, 0.015367745585116437, 0.01520775338393828, 0.0010846731423459074, -0.431693386409561, 0.43277808572995147
flux1:, 1.6126370387834492, 0.013951458766658393, 0.013822445533515441, 0.00021581264266142398, -0.37235673754191306, 0.3731885675022739
flux1:, 1.6136193956540532, 0.012864326198180284, 0.012731600794528244, 0.0009226008408683289, -0.3767420839184315, 0.37763999766624456
flux1:, 1.6146017525246572, 0.011673655958860255, 0.011568652801640064, 0.00013459212368050377, -0.3236389370621115, 0.3243172278654575
flux1:, 1.6155841093952612, 0.010722275700385132, 0.010612868191557243, 0.0007796567561494881, -0.32812510514847415, 0.32886176543003487
flux1:, 1.6165664662658652, 0.009741255188047226, 0.009656407877841293, 6.540798918483042e-05, -0.28083690201532463, 0.2813846471000611
flux1:, 1.617548823136469, 0.008917450775524518, 0.008827937811450769, 0.0006544521855199228, -0.285442498891013, 0.286041153792578
flux1:, 1.618531180007073, 0.008123711134126204, 0.008055685106488379, 8.285816555746216e-06, -0.24349680175090024, 0.24393535189449903
flux1:, 1.619513536877677, 0.007415088674405966, 0.0073424368868307876, 0.0005465567472904238, -0.2481872813442535, 0.2486700568400724
flux1:, 1.620495893748281, 0.0067831014429569104, 0.006728985558468674, -3.6339992977025616e-05, -0.21108425064514585, 0.2114338942719431
flux1:, 1.621478250618885, 0.006175507848052434, 0.006117005206037575, 0.0004554745411483178, -0.21579493772818475, 0.2161827501096905
flux1:, 1.6224606074894887, 0.0056793979791259835, 0.005636655804244606, -6.859631433522506e-05, -0.18303588143180421, 0.1833154183070542
flux1:, 1.6234429643600927, 0.005158698719159307, 0.005111932132010095, 0.0003801533328519797, -0.187692578033931, 0.18800448563928135
flux1:, 1.6244253212306967, 0.004774168829237803, 0.004740609213001322, -8.950891212826769e-05, -0.15880107972301055, 0.15902710775345305
flux1:, 1.6254076781013007, 0.004327245262737072, 0.0042900918516904935, 0.0003189207794466193, -0.1633340298519056, 0.16358656991998546
flux1:, 1.6263900349719047, 0.004032631481406367, 0.004006388381880214, -0.00010087497914751468, -0.13786793544921772, 0.13805429895676066
flux1:, 1.6273723918425085, 0.0036478146583786026, 0.0036184394282877314, 0.00026966196137213666, -0.14221924538134637, 0.14242606237247585
flux1:, 1.6283547487131127, 0.0034244891644569808, 0.003404002410899467, -0.0001049459965366091, -0.11977545644500144, 0.11993304412154196
flux1:, 1.6293371055837165, 0.0030916427488514885, 0.0030684950359618386, 0.00023010078126324324, -0.12390166194357388, 0.12407346803542897
flux1:, 1.6303194624543205, 0.0029240055849403825, 0.0029079965143283355, -0.00010402764171350723, -0.10411655481093686, 0.10425343658806073
flux1:, 1.6313018193249245, 0.0026344436205693097, 0.002616241380582371, 0.00019807438894537855, -0.10798821149828736, 0.10813305755613306
flux1:, 1.6322841761955285, 0.0025096789915155576, 0.0024971182247030045, -0.00010019205235528697, -0.09053599094486316, 0.09065781081688139
flux1:, 1.6332665330661325, 0.002256021215298745, 0.002241724879978204, 0.0001716892568476982, -0.09413580716154603, 0.09425952674265983
flux1:, 1.6342488899367362, 0.0021637496960212814, 0.002153822452431916, -9.512528335072574e-05, -0.07872624914682812, 0.0788367269705897
flux1:, 1.6352312468073402, 0.001939775789688735, 0.0019285587111394868, 0.0001493915779867787, -0.0820467709866768, 0.08215347554931496
flux1:, 1.6362136036779442, 0.0018716948640506317, 0.0018637678359648452, -9.006473241946906e-05, -0.06842310619418042, 0.06852454007032831
flux1:, 1.6371959605485482, 0.001672228494503896, 0.0016634448899713248, 0.00012998772459963656, -0.0714645757436125, 0.07155711523928067
flux1:, 1.6381783174191522, 0.0016217901158927916, 0.0016153789498344526, -8.579558588727264e-05, -0.05940180668828756, 0.05949552363479859
flux1:, 1.639160674289756, 0.0014426218986558664, 0.001435773859403944, 0.00011262129935171231, -0.06217053791091336, 0.062250904315280846
flux1:, 1.64014303116036, 0.0014047719396605386, 0.0013995134975329656, -8.270229731307395e-05, -0.05147416145074526, 0.051560897179019
flux1:, 1.641125388030964, 0.0012426175617296364, 0.001237326333697789, 9.673891044843033e-05, -0.05398151919324583, 0.05405116838595348
flux1:, 1.642107744901568, 0.0012135970633799845, 0.001209223930335578, -8.081694546036199e-05, -0.04448632868489047, 0.04456651294418205
flux1:, 1.643090101772172, 0.0010660707528194894, 0.0010620462462184173, 8.203614348974389e-05, -0.04674809722993191, 0.04680817820141412
flux1:, 1.6440724586427757, 0.0010432514278273435, 0.0010395686868398485, -7.991648784841679e-05, -0.03831648954083258, 0.03839044956220664
flux1:, 1.6450548155133797, 0.0009088132458573149, 0.0009058296165559575, 6.840005079294549e-05, -0.0403522385681293, 0.040403748119693765
flux1:, 1.6460371723839837, 0.0008905261739180407, 0.000887392919669387, -7.961592078360499e-05, -0.032871376322646986, 0.03293946042688335
flux1:, 1.6470195292545877, 0.0007683638672663893, 0.0007662394291293233, 5.584864958636825e-05, -0.034703356554809356, 0.03474722714091739
flux1:, 1.6480018861251917, 0.000753684064534476, 0.0007509982606994028, -7.947132963886727e-05, -0.028080790636073404, 0.028143424143561822
flux1:, 1.6489842429957955, 0.0006435087392486627, 0.0006420915293891576, 4.4469588345951416e-05, -0.0297321535981112, 0.029769290593674707
flux1:, 1.6499665998663995, 0.0006319903497766703, 0.0006296763954238209, -7.907417731608511e-05, -0.0238901880817435, 0.023947880573710726
flux1:, 1.6509489567370035, 0.0005337682624586449, 0.0005329256001984844, 3.4360823776372084e-05, -0.025382801792877673, 0.025414092805668118
flux1:, 1.6519313136076075, 0.0005251702675891955, 0.0005231701767293523, -7.81263383339958e-05, -0.020252661646679538, 0.020305983990143894
flux1:, 1.6529136704782115, 0.00043885735322234484, 0.0004384709942174601, 2.5579383652653747e-05, -0.021605227008890643, 0.0216315352572139
flux1:, 1.6538960273488152, 0.00043292541299086315, 0.0004311932703286921, -7.64699214745578e-05, -0.01712238660200393, 0.017171935267617087
flux1:, 1.6548783842194192, 0.0003582750587393313, 0.00035823946414915574, 1.811915952143886e-05, -0.018349511269193187, 0.018371663038125048
flux1:, 1.6558607410900232, 0.00035462777395110583, 0.00035312596072742836, -7.408122683449849e-05, -0.014451089177295278, 0.014497449662541847
flux1:, 1.6568430979606272, 0.0002911101459539042, 0.00029133222239883497, 1.1905208064029661e-05, -0.015563513642772506, 0.015582282825094931
flux1:, 1.6578254548312312, 0.00028923291919953, 0.0002879300040280355, -7.104542628389351e-05, -0.012187740003890448, 0.01223145402576053
flux1:, 1.658807811701835, 0.000236053903115263, 0.00023645367052638555, 6.809939659473446e-06, -0.013193371017294966, 0.013209460447205782
flux1:, 1.659790168572439, 0.00023536258845810988, 0.00023423164711780785, -6.751441249340718e-05, -0.010280417656123038, 0.010321958726540134
flux1:, 1.660772525443043, 0.00019154014920492166, 0.00019205101843694668, 2.6790210240508365e-06, -0.011185590033935737, 0.011199617514196012
flux1:, 1.661754882313647, 0.00019146517022824134, 0.0001904830742849621, -6.367286222194076e-05, -0.008678876424253364, 0.008718634552287517
flux1:, 1.662737239184251, 0.00015592138463380278, 0.0001564898542049605, -6.477968245732993e-07, -0.009489392467518204, 0.009501882122213505
flux1:, 1.6637195960548548, 0.0001559755765784532, 0.0001551218986558792, -5.970729612165787e-05, -0.0073367124792770065, 0.007374991106459304
flux1:, 1.6647019529254587, 0.0001276159941495834, 0.00012820071930583882, -3.324549786361967e-06, -0.00805846357731134, 0.008069845675186567
flux1:, 1.6656843097960627, 0.00012743124871712882, 0.00012668782099196235, -5.5789219427053564e-05, -0.006212655425629741, 0.006249676479678509
flux1:, 1.6666666666666667, 0.00010520223517928799, 0.00010577258873993455, -5.4864117210588605e-06, -0.006851858676683914, 0.006862473527244244
