flux1:, 0.6289308176100629, 0.00047807074776432814, 0.0004591489439155286
flux1:, 0.628980244370848, 0.0004962611326164287, 0.0004927273693414481
flux1:, 0.6290296711316331, 0.0005152405611902243, 0.0005265591920737424
flux1:, 0.6290790978924182, 0.0005349008961549222, 0.0005602752810115379
flux1:, 0.6291285246532032, 0.0005551156472668857, 0.0005934799903500127
flux1:, 0.6291779514139884, 0.0005757405874750485, 0.0006257559201109936
flux1:, 0.6292273781747735, 0.0005966147468735449, 0.0006566695039353492
flux1:, 0.6292768049355586, 0.0006175618020721635, 0.0006857773978184373
flux1:, 0.6293262316963437, 0.0006383918729698558, 0.0007126336264853334
flux1:, 0.6293756584571288, 0.0006589037327446785, 0.000736797426569607
flux1:, 0.629425085217914, 0.0006788874298350158, 0.0007578417076174113
flux1:, 0.629474511978699, 0.0006981273132790285, 0.0007753620339026835
flux1:, 0.6295239387394841, 0.0007164054446337743, 0.0007889860120330222
flux1:, 0.6295733655002692, 0.0007335053713323478, 0.0007983829520162335
flux1:, 0.6296227922610543, 0.0007492162275270212, 0.000803273653041828
flux1:, 0.6296722190218395, 0.0007633371196049058, 0.000803440150115574
flux1:, 0.6297216457826246, 0.0007756817446292022, 0.0007987352443738263
flux1:, 0.6297710725434097, 0.0007860831812375385, 0.0007890916286313393
flux1:, 0.6298204993041947, 0.000794398784086941, 0.0007745304110090464
flux1:, 0.6298699260649798, 0.000800515105056041, 0.0007551688336128689
flux1:, 0.6299193528257649, 0.0008043527572192052, 0.0007312269806528712
flux1:, 0.6299687795865501, 0.0008058711313236636, 0.0007030332713050286
flux1:, 0.6300182063473352, 0.0008050728692991766, 0.0006710285373846921
flux1:, 0.6300676331081203, 0.0008020079954347559, 0.0006357684947528073
flux1:, 0.6301170598689054, 0.0007967776034091137, 0.0005979244304099803
flux1:, 0.6301664866296904, 0.0007895369965555913, 0.0005582819446804964
flux1:, 0.6302159133904756, 0.0007804981797386512, 0.0005177376096449661
flux1:, 0.6302653401512607, 0.0007699316041169885, 0.00047729343111928995
flux1:, 0.6303147669120458, 0.0007581670710301843, 0.00043804903182832435
flux1:, 0.6303641936728309, 0.0007455937082854753, 0.00040119150770200014
flux1:, 0.630413620433616, 0.0007326589413760271, 0.0003679829473284136
flux1:, 0.6304630471944012, 0.0007198663935194952, 0.0003397456457599377
flux1:, 0.6305124739551862, 0.0007077726620049006, 0.0003178450880882249
flux1:, 0.6305619007159713, 0.0006969829339146778, 0.00030367082438533997
flux1:, 0.6306113274767564, 0.0006881454219341335, 0.00029861540547382597
flux1:, 0.6306607542375415, 0.0006819446203188358, 0.00030405159753653735
flux1:, 0.6307101809983267, 0.0006790934021563689, 0.0003213081421205501
flux1:, 0.6307596077591118, 0.0006803240013585288, 0.0003516443756329644
flux1:, 0.6308090345198969, 0.0006863779463074927, 0.00039622406807709033
flux1:, 0.6308584612806819, 0.000697995036163004, 0.00045608888358223375
flux1:, 0.630907888041467, 0.0007159014753490175, 0.0005321319041136594
flux1:, 0.6309573148022521, 0.0007407973061046277, 0.000625071691704638
flux1:, 0.6310067415630373, 0.0007733433028623362, 0.0007354273926041
flux1:, 0.6310561683238224, 0.0008141475150563929, 0.0008634954078257801
flux1:, 0.6311055950846075, 0.0008637516663259512, 0.0010093281679531957
flux1:, 0.6311550218453926, 0.0009226176373985181, 0.0011727155546369967
flux1:, 0.6312044486061776, 0.000991114276764336, 0.0013531695065084914
flux1:, 0.6312538753669628, 0.001069504797041844, 0.0015499123323750269
flux1:, 0.6313033021277479, 0.0011579350251809766, 0.001761869229157356
flux1:, 0.631352728888533, 0.0012564227809580759, 0.0019876654657653655
flux1:, 0.6314021556493181, 0.0013648486600754588, 0.0022256286467182613
flux1:, 0.6314515824101032, 0.0014829484952522919, 0.0024737964108195467
flux1:, 0.6315010091708883, 0.0016103077606644653, 0.002729929851002784
flux1:, 0.6315504359316734, 0.0017463581716867847, 0.002991532861687771
flux1:, 0.6315998626924585, 0.001890376712901957, 0.003255877530570366
flux1:, 0.6316492894532436, 0.002041487302807721, 0.0035200355934377607
flux1:, 0.6316987162140287, 0.0021986652733279326, 0.0037809158645589827
flux1:, 0.6317481429748139, 0.0023607448065829846, 0.004035307442651675
flux1:, 0.631797569735599, 0.0025264294302396674, 0.004279928375096113
flux1:, 0.631846996496384, 0.002694305626761631, 0.004511479342555069
flux1:, 0.6318964232571691, 0.0028628595613152657, 0.00472670180448134
flux1:, 0.6319458500179542, 0.003030496878542633, 0.004922439925225918
flux1:, 0.6319952767787393, 0.0031955654606313894, 0.005095705482834092
flux1:, 0.6320447035395245, 0.003356380978749693, 0.00524374485049994
flux1:, 0.6320941303003096, 0.0035112550080771306, 0.005364107036399119
flux1:, 0.6321435570610947, 0.003658525414044587, 0.005454711673718665
flux1:, 0.6321929838218797, 0.0037965886554106967, 0.005513915771607417
flux1:, 0.6322424105826648, 0.003923933589341539, 0.005540577971793617
flux1:, 0.63229183734345, 0.004039176306021821, 0.005534119007027312
flux1:, 0.6323412641042351, 0.004141095466815018, 0.005494577028548683
flux1:, 0.6323906908650202, 0.0042286675717894354, 0.005422656462254487
flux1:, 0.6324401176258053, 0.004301101540818933, 0.005319769068814198
flux1:, 0.6324895443865904, 0.004357871958773457, 0.005188065923199655
flux1:, 0.6325389711473755, 0.004398750310617045, 0.005030459094812951
flux1:, 0.6325883979081606, 0.0044238335177538175, 0.004850631901402219
flux1:, 0.6326378246689457, 0.004433569083666988, 0.004653036728438774
flux1:, 0.6326872514297308, 0.004428776165700294, 0.004442879550443016
flux1:, 0.6327366781905159, 0.00441066191158387, 0.004226090461105825
flux1:, 0.632786104951301, 0.004380832434329376, 0.004009279713923779
flux1:, 0.6328355317120862, 0.004341297848202211, 0.0037996789926698937
flux1:, 0.6328849584728712, 0.004294470851360684, 0.00360506786904427
flux1:, 0.6329343852336563, 0.004243158417712539, 0.003433685661000579
flux1:, 0.6329838119944414, 0.004190546251075762, 0.0032941291756685784
flux1:, 0.6330332387552265, 0.004140175758304096, 0.003195237102456057
flux1:, 0.6330826655160117, 0.0040959134138615245, 0.003145962110318196
flux1:, 0.6331320922767968, 0.004061912515218232, 0.0031552319939492615
flux1:, 0.6331815190375819, 0.0040425674650101445, 0.0032318015019197175
flux1:, 0.6332309457983669, 0.00404246086053309, 0.003384096760491177
flux1:, 0.633280372559152, 0.00406630382187776, 0.0036200544746300936
flux1:, 0.6333297993199372, 0.004118870144599055, 0.003946958337054218
flux1:, 0.6333792260807223, 0.004204925019217984, 0.004371275301886769
flux1:, 0.6334286528415074, 0.004329149214833283, 0.004898494575593066
flux1:, 0.6334780796022925, 0.00449605977574685, 0.0055329723398174924
flux1:, 0.6335275063630776, 0.004709928424696907, 0.0062777853427959385
flux1:, 0.6335769331238627, 0.0049746990015308405, 0.007134596574112499
flux1:, 0.6336263598846478, 0.005293905388729333, 0.008103536267013666
flux1:, 0.6336757866454329, 0.0056705914821558465, 0.009183101449965543
flux1:, 0.633725213406218, 0.006107234853889236, 0.010370077191474992
flux1:, 0.6337746401670031, 0.006605675821031064, 0.011659482547129023
flux1:, 0.6338240669277883, 0.00716705367743173, 0.013044544023982562
flux1:, 0.6338734936885734, 0.007791751861869385, 0.014516699124199117
flux1:, 0.6339229204493584, 0.00847935382415069, 0.016065632217741797
flux1:, 0.6339723472101435, 0.009228611308115168, 0.017679344624210724
flux1:, 0.6340217739709286, 0.010037426696114083, 0.019344260359181343
flux1:, 0.6340712007317137, 0.01090285095231887, 0.021045368524246547
flux1:, 0.6341206274924989, 0.01182109856146657, 0.022766402796640908
flux1:, 0.634170054253284, 0.012787580685567616, 0.02449005790983615
flux1:, 0.6342194810140691, 0.013796957554108692, 0.02619824241725533
flux1:, 0.6342689077748541, 0.014843210864535604, 0.027872366404905667
flux1:, 0.6343183345356392, 0.015919736700994586, 0.029493662173688196
flux1:, 0.6343677612964244, 0.017019459182843397, 0.031043535257835694
flux1:, 0.6344171880572095, 0.01813496473296875, 0.03250394249183802
flux1:, 0.6344666148179946, 0.019258656513471126, 0.03385779319557135
flux1:, 0.6345160415787797, 0.020382928216203952, 0.0350893689260952
flux1:, 0.6345654683395648, 0.021500356023202785, 0.036184756656603555
flux1:, 0.6346148951003499, 0.022603907171875413, 0.03713228969908846
flux1:, 0.634664321861135, 0.023687163177774494, 0.03792299019866527
flux1:, 0.6347137486219201, 0.024744555389328807, 0.038551006604732686
flux1:, 0.6347631753827052, 0.025771610181015432, 0.0390140391781165
flux1:, 0.6348126021434903, 0.026765200739444012, 0.03931374633276468
flux1:, 0.6348620289042755, 0.02772380206835914, 0.03945612444516485
flux1:, 0.6349114556650606, 0.0286477455393671, 0.039451853701405436
flux1:, 0.6349608824258456, 0.029539469052177823, 0.03931660259759047
flux1:, 0.6350103091866307, 0.030403758647494585, 0.03907128386897799
flux1:, 0.6350597359474158, 0.03124797724336084, 0.038742254900523604
flux1:, 0.635109162708201, 0.03208227604741462, 0.03836145606797747
flux1:, 0.6351585894689861, 0.032919784138137814, 0.03796648097472983
flux1:, 0.6352080162297712, 0.03377677171236886, 0.03760057318324234
flux1:, 0.6352574429905563, 0.03467278256755684, 0.03731254478729019
flux1:, 0.6353068697513413, 0.035630731528542646, 0.037156613026955866
flux1:, 0.6353562965121264, 0.03667696274208744, 0.037192152104591064
flux1:, 0.6354057232729116, 0.03784126504844978, 0.037483358407071746
flux1:, 0.6354551500336967, 0.039156840998595746, 0.038098828466485275
flux1:, 0.6355045767944818, 0.04066022651619777, 0.03911105018455887
flux1:, 0.6355540035552669, 0.04239115870362166, 0.04059580909090129
flux1:, 0.635603430316052, 0.04439238985667972, 0.04263151268533553
flux1:, 0.635652857076837, 0.04670944637949828, 0.04529843721263616
flux1:, 0.6357022838376222, 0.04939033197244742, 0.04867790251543513
flux1:, 0.6357517105984073, 0.052485175195598546, 0.05285138188855258
flux1:, 0.6358011373591924, 0.05604582227975842, 0.057899555095782144
flux1:, 0.6358505641199775, 0.060125376857272476, 0.06390131388817939
flux1:, 0.6358999908807627, 0.06477768910580281, 0.07093273046104191
flux1:, 0.6359494176415478, 0.07005679762932523, 0.07906600028606987
flux1:, 0.6359988444023328, 0.07601632822979502, 0.08836837163587533
flux1:, 0.6360482711631179, 0.08270885453896323, 0.09890107486345072
flux1:, 0.636097697923903, 0.09018522626937203, 0.11071826509194567
flux1:, 0.6361471246846881, 0.09849387159531141, 0.12386599239656824
flux1:, 0.6361965514454733, 0.10768008087445041, 0.1383812138065565
flux1:, 0.6362459782062584, 0.11778527955769255, 0.15429086151161547
flux1:, 0.6362954049670435, 0.1288462986958223, 0.17161098151523166
flux1:, 0.6363448317278285, 0.1408946519262506, 0.19034595663224413
flux1:, 0.6363942584886136, 0.15395582819914913, 0.21048782717653539
flux1:, 0.6364436852493988, 0.16804860977111197, 0.23201572192688386
flux1:, 0.6364931120101839, 0.18318442514883826, 0.25489541100254015
flux1:, 0.636542538770969, 0.19936674669368565, 0.27907899112386336
flux1:, 0.6365919655317541, 0.21659054250019008, 0.3045047123964816
flux1:, 0.6366413922925391, 0.23484179192799104, 0.3310969542445051
flux1:, 0.6366908190533243, 0.25409707380060564, 0.3587663564531185
flux1:, 0.6367402458141094, 0.27432323577808165, 0.38741010947314175
flux1:, 0.6367896725748945, 0.2954771527755464, 0.4169124062237466
flux1:, 0.6368390993356796, 0.3175055815257413, 0.4471450556114155
flux1:, 0.6368885260964647, 0.34034511749196134, 0.4779682559088401
flux1:, 0.6369379528572499, 0.3639222593212745, 0.509231524016626
flux1:, 0.6369873796180349, 0.38815358490492974, 0.5407747745029979
flux1:, 0.63703680637882, 0.4129460418943324, 0.5724295402124504
flux1:, 0.6370862331396051, 0.4381973542116158, 0.6040203241728926
flux1:, 0.6371356599003902, 0.4637965447218786, 0.6353660705596205
flux1:, 0.6371850866611753, 0.4896245728034005, 0.6662817406089813
flux1:, 0.6372345134219605, 0.5155550840854752, 0.6965799776494758
flux1:, 0.6372839401827456, 0.541455268144586, 0.7260728438680634
flux1:, 0.6373333669435306, 0.5671868184632927, 0.7545736100638477
flux1:, 0.6373827937043157, 0.5926069875040727, 0.7818985785064124
flux1:, 0.6374322204651008, 0.617569728328857, 0.8078689181104515
flux1:, 0.637481647225886, 0.6419269128459156, 0.8323124904986631
flux1:, 0.6375310739866711, 0.6655296154956921, 0.8550656451553114
flux1:, 0.6375805007474562, 0.6882294500214935, 0.8759749617873406
flux1:, 0.6376299275082413, 0.7098799459255262, 0.8948989182168979
flux1:, 0.6376793542690263, 0.7303379503103211, 0.9117094626324801
flux1:, 0.6377287810298115, 0.7494650400534134, 0.9262934698186918
flux1:, 0.6377782077905966, 0.7671289286884968, 0.9385540620705255
flux1:, 0.6378276345513817, 0.783204851971403, 0.9484117768595488
flux1:, 0.6378770613121668, 0.7975769159064134, 0.9558055649445178
flux1:, 0.6379264880729519, 0.810139391012082, 0.9606936044943337
flux1:, 0.6379759148337371, 0.8207979368087398, 0.9630539188848086
flux1:, 0.6380253415945221, 0.8294707409301411, 0.9628847881293476
flux1:, 0.6380747683553072, 0.836089557883638, 0.9602049463649454
flux1:, 0.6381241951160923, 0.8406006333154991, 0.9550535604189523
flux1:, 0.6381736218768774, 0.8429655006694389, 0.947489987185141
flux1:, 0.6382230486376625, 0.843161638345935, 0.937593310309137
flux1:, 0.6382724753984477, 0.8411829768714254, 0.9254616594811426
flux1:, 0.6383219021592328, 0.8370402471500255, 0.9112113184225247
flux1:, 0.6383713289200178, 0.8307611625820966, 0.8949756303908118
flux1:, 0.6384207556808029, 0.8223904296722598, 0.8769037126749235
flux1:, 0.638470182441588, 0.8119895836945492, 0.8571589940754134
flux1:, 0.6385196092023732, 0.7996366480082129, 0.8359175917200032
flux1:, 0.6385690359631583, 0.7854256177010814, 0.8133665457222333
flux1:, 0.6386184627239434, 0.7694657703515626, 0.78970193211847
flux1:, 0.6386678894847285, 0.7518808088156999, 0.7651268761828214
flux1:, 0.6387173162455135, 0.7328078430387157, 0.7398494896003904
flux1:, 0.6387667430062987, 0.7123962199268141, 0.7140807560485062
flux1:, 0.6388161697670838, 0.6908062122744695, 0.6880323904848422
flux1:, 0.6388655965278689, 0.6682075795905768, 0.6619146978474741
flux1:, 0.638915023288654, 0.6447780153815079, 0.635934456934704
flux1:, 0.6389644500494391, 0.6207014970063763, 0.6102928549476405
flux1:, 0.6390138768102243, 0.5961665555943504, 0.5851834975464305
flux1:, 0.6390633035710093, 0.5713644846839365, 0.5607905182985045
flux1:, 0.6391127303317944, 0.546487507198537, 0.5372868101030603
flux1:, 0.6391621570925795, 0.5217269210859967, 0.5148323995684548
flux1:, 0.6392115838533646, 0.4972712444170153, 0.4935729834264835
flux1:, 0.6392610106141497, 0.47330438094895816, 0.47363864391701277
flux1:, 0.6393104373749349, 0.45000382710541303, 0.45514275768956314
flux1:, 0.63935986413572, 0.4275389410063414, 0.4381811101930162
flux1:, 0.639409290896505, 0.40606929359839294, 0.42283122478187785
flux1:, 0.6394587176572901, 0.3857431210960302, 0.40915191291018815
flux1:, 0.6395081444180752, 0.3666958968541897, 0.39718304884524
flux1:, 0.6395575711788604, 0.3490490394615297, 0.38694556935492047
flux1:, 0.6396069979396455, 0.33290877229680954, 0.37844169585482373
flux1:, 0.6396564247004306, 0.3183651480359987, 0.3716553735778508
flux1:, 0.6397058514612157, 0.30549124966173213, 0.3665529194972134
flux1:, 0.6397552782220007, 0.2943425774372829, 0.36308386803430326
flux1:, 0.6398047049827859, 0.2849566290821286, 0.3611820010507634
flux1:, 0.639854131743571, 0.2773526780644452, 0.3607665462996461
flux1:, 0.6399035585043561, 0.2715317525287483, 0.36174352642273433
flux1:, 0.6399529852651412, 0.26747681494169073, 0.3640072387621355
flux1:, 0.6400024120259263, 0.26515314009567903, 0.36744184472665475
flux1:, 0.6400518387867115, 0.2645088866895763, 0.371923046239443
flux1:, 0.6401012655474965, 0.26547585534362783, 0.3773198259081688
flux1:, 0.6401506923082816, 0.26797042362978357, 0.38349622701225317
flux1:, 0.6402001190690667, 0.27189464654197865, 0.39031314920069243
flux1:, 0.6402495458298518, 0.2771375088209195, 0.39763013593788293
flux1:, 0.640298972590637, 0.28357631371152214, 0.4053071302176794
flux1:, 0.6403483993514221, 0.2910781910939803, 0.41320617588079583
flux1:, 0.6403978261122072, 0.29950170651104696, 0.4211930429976962
flux1:, 0.6404472528729922, 0.3086985514364592, 0.42913875720390476
flux1:, 0.6404966796337773, 0.31851529420434277, 0.43692101456799404
flux1:, 0.6405461063945624, 0.32879517036224526, 0.44442546551049217
flux1:, 0.6405955331553476, 0.33937989082772524, 0.4515468534405591
flux1:, 0.6406449599161327, 0.3501114461237299, 0.4581899961021492
flux1:, 0.6406943866769178, 0.3608338851457361, 0.46427060008787074
flux1:, 0.6407438134377029, 0.37139504736551654, 0.4697159015443843
flux1:, 0.6407932401984879, 0.381648228099456, 0.474465128721863
flux1:, 0.640842666959273, 0.3914537574521559, 0.4784697846692896
flux1:, 0.6408920937200582, 0.4006804747706427, 0.48169375100625433
flux1:, 0.6409415204808433, 0.40920708190115734, 0.4841132162740138
flux1:, 0.6409909472416284, 0.41692336019824117, 0.48571643484148086
flux1:, 0.6410403740024135, 0.4237312380812005, 0.4865033246829588
flux1:, 0.6410898007631987, 0.4295456979335387, 0.48648491451803655
flux1:, 0.6411392275239837, 0.4342955132709006, 0.4856826527799058
flux1:, 0.6411886542847688, 0.4379238093345815, 0.4841275926298853
flux1:, 0.6412380810455539, 0.44038844256625215, 0.48185946873840724
flux1:, 0.641287507806339, 0.4416621967582926, 0.47892568278897046
flux1:, 0.6413369345671242, 0.44173279601743753, 0.4753802156146115
flux1:, 0.6413863613279093, 0.44060273699787356, 0.4712824845386225
flux1:, 0.6414357880886943, 0.43828894512225136, 0.46669616485510435
flux1:, 0.6414852148494794, 0.4348222616844325, 0.4616879944514984
flux1:, 0.6415346416102645, 0.4302467707890806, 0.4563265803484768
flux1:, 0.6415840683710496, 0.42461897700202517, 0.4506812254194018
flux1:, 0.6416334951318348, 0.41800684633993973, 0.4448207927688913
flux1:, 0.6416829218926199, 0.41048872479312903, 0.4388126242110286
flux1:, 0.641732348653405, 0.40215214993458037, 0.43272152801568053
flux1:, 0.64178177541419, 0.3930925723062108, 0.4266088496114256
flux1:, 0.6418312021749751, 0.38341200417336807, 0.42053163726986426
flux1:, 0.6418806289357603, 0.37321761389740177, 0.41454191298239684
flux1:, 0.6419300556965454, 0.3626202845819475, 0.4086860568050945
flux1:, 0.6419794824573305, 0.35173315580414316, 0.4030043109253281
flux1:, 0.6420289092181156, 0.3406701671460255, 0.3975304076287064
flux1:, 0.6420783359789007, 0.3295446218988624, 0.39229132324969157
flux1:, 0.6421277627396857, 0.3184677887341813, 0.3873071581097996
flux1:, 0.6421771895004709, 0.30754755832936864, 0.38259114041477527
flux1:, 0.642226616261256, 0.29688717091786543, 0.3781497501288659
flux1:, 0.6422760430220411, 0.28658402952192324, 0.3739829570002749
flux1:, 0.6423254697828262, 0.27672861223960643, 0.37008456520418465
flux1:, 0.6423748965436114, 0.2674034954164903, 0.36644265552245453
flux1:, 0.6424243233043965, 0.258682497864568, 0.3630401146156135
flux1:, 0.6424737500651815, 0.2506299545153588, 0.3598552397785575
flux1:, 0.6425231768259666, 0.2433001260435831, 0.35686240662400126
flux1:, 0.6425726035867517, 0.2367367490928132, 0.35403278641552277
flux1:, 0.6426220303475368, 0.23097272980637748, 0.35133509928314616
flux1:, 0.642671457108322, 0.22602998144098344, 0.3487363893018486
flux1:, 0.6427208838691071, 0.22191940494211493, 0.34620280739515763
flux1:, 0.6427703106298922, 0.21864100951694013, 0.34370038823860705
flux1:, 0.6428197373906772, 0.21618416847500535, 0.34119580777187597
flux1:, 0.6428691641514623, 0.21452800394159352, 0.3386571085722443
flux1:, 0.6429185909122475, 0.21364189250606289, 0.3360543811809023
flux1:, 0.6429680176730326, 0.21348608246362222, 0.33336039048911553
flux1:, 0.6430174444338177, 0.2140124120627709, 0.3305511374627936
flux1:, 0.6430668711946028, 0.21516511709367409, 0.3276063477899872
flux1:, 0.6431162979553879, 0.216881715257456, 0.32450988045013324
flux1:, 0.643165724716173, 0.21909395405015586, 0.3212500507031708
flux1:, 0.6432151514769581, 0.2217288083839628, 0.3178198635519801
flux1:, 0.6432645782377432, 0.224709513854235, 0.3142171553191726
flux1:, 0.6433140049985283, 0.22795662144375814, 0.31044464256916127
flux1:, 0.6433634317593134, 0.23138905953272806, 0.30650987917541184
flux1:, 0.6434128585200986, 0.2349251893477636, 0.3024251238537193
flux1:, 0.6434622852808837, 0.23848384042793125, 0.29820712193249227
flux1:, 0.6435117120416687, 0.24198531330018666, 0.2938768064870993
flux1:, 0.6435611388024538, 0.24535233732656503, 0.2894589252092308
flux1:, 0.6436105655632389, 0.24851097259805435, 0.2849816004934563
flux1:, 0.643659992324024, 0.25139144578782563, 0.28047583118891956
flux1:, 0.6437094190848092, 0.25392891102188614, 0.27597494527107097
flux1:, 0.6437588458455943, 0.2560641280604475, 0.27151401332599007
flux1:, 0.6438082726063794, 0.25774405138738266, 0.267129233203804
flux1:, 0.6438576993671644, 0.25892232515979346, 0.2628572964819301
flux1:, 0.6439071261279495, 0.25955968035348104, 0.25873474748522746
flux1:, 0.6439565528887347, 0.2596242318336146, 0.254797345538995
flux1:, 0.6440059796495198, 0.2590916744640067, 0.25107944088868434
flux1:, 0.6440554064103049, 0.2579453787231223, 0.2476133743150151
flux1:, 0.64410483317109, 0.2561763876036456, 0.24442890991425403
flux1:, 0.6441542599318751, 0.25378331781733976, 0.2415527098148339
flux1:, 0.6442036866926601, 0.25077216949364506, 0.23900785877696765
flux1:, 0.6442531134534453, 0.24715604963411256, 0.2368134456876137
flux1:, 0.6443025402142304, 0.24295481555468781, 0.23498420793779307
flux1:, 0.6443519669750155, 0.2381946454025745, 0.2335302435700887
flux1:, 0.6444013937358006, 0.23290754356620488, 0.2324567949319763
flux1:, 0.6444508204965858, 0.22713078940041984, 0.23176410638426753
flux1:, 0.6445002472573709, 0.2209063381574317, 0.23144735741355807
flux1:, 0.6445496740181559, 0.21428018334970764, 0.23149667130298537
flux1:, 0.644599100778941, 0.20730168996744205, 0.23189719834467773
flux1:, 0.6446485275397261, 0.20002290803965916, 0.23262927144982498
flux1:, 0.6446979543005112, 0.19249787596079412, 0.23366863094277618
flux1:, 0.6447473810612964, 0.1847819228142471, 0.2349867143321205
flux1:, 0.6447968078220815, 0.17693097861566878, 0.23655100594475265
flux1:, 0.6448462345828666, 0.16900090098021942, 0.23832544050483875
flux1:, 0.6448956613436516, 0.16104682619900998, 0.24027085404328682
flux1:, 0.6449450881044367, 0.15312255210297268, 0.2423454749475637
flux1:, 0.6449945148652219, 0.1452799594063019, 0.24450544750860775
flux1:, 0.645043941626007, 0.13756847747087533, 0.24670537999750383
flux1:, 0.6450933683867921, 0.13003459963047473, 0.24889890910897455
flux1:, 0.6451427951475772, 0.12272145236968447, 0.2510392725430023
flux1:, 0.6451922219083623, 0.11566842178480817, 0.25307988155527206
flux1:, 0.6452416486691473, 0.10891083987056091, 0.2549748854893737
flux1:, 0.6452910754299325, 0.10247973229450358, 0.2566797206002928
flux1:, 0.6453405021907176, 0.09640162845048325, 0.2581516358833053
flux1:, 0.6453899289515027, 0.090698433733864, 0.25935018912511076
flux1:, 0.6454393557122878, 0.08538736316940138, 0.26023770698319515
flux1:, 0.645488782473073, 0.08048093475332974, 0.26077970356536556
flux1:, 0.6455382092338581, 0.07598702015504417, 0.2609452527093987
flux1:, 0.6455876359946431, 0.0719089497699572, 0.260707309941492
flux1:, 0.6456370627554282, 0.06824566852676293, 0.2600429809069254
flux1:, 0.6456864895162133, 0.06499193833913282, 0.258933733904338
flux1:, 0.6457359162769984, 0.0621385826539828, 0.25736555500264635
flux1:, 0.6457853430377836, 0.059672768191363516, 0.25532904506271853
flux1:, 0.6458347697985687, 0.057578318695458465, 0.2528194588141861
flux1:, 0.6458841965593538, 0.05583605532202556, 0.24983668693595212
flux1:, 0.6459336233201388, 0.05442415817486412, 0.24638518284930813
flux1:, 0.6459830500809239, 0.05331854347027179, 0.2424738366426132
flux1:, 0.6460324768417091, 0.052493250850555256, 0.23811579919833165
flux1:, 0.6460819036024942, 0.05192083548232659, 0.23332826017915775
flux1:, 0.6461313303632793, 0.05157275975718872, 0.22813218404320876
flux1:, 0.6461807571240644, 0.05141977965582489, 0.22255200869401948
flux1:, 0.6462301838848494, 0.05143232113596673, 0.21661531172603354
flux1:, 0.6462796106456346, 0.05158084225257293, 0.21035244949705245
flux1:, 0.6463290374064197, 0.05183617710857632, 0.20379617444662587
flux1:, 0.6463784641672048, 0.05216985815868796, 0.19698123618236543
flux1:, 0.6464278909279899, 0.05255441383998316, 0.18994397187687448
flux1:, 0.646477317688775, 0.05296363897336252, 0.18272189146093964
flux1:, 0.6465267444495602, 0.053372835862449106, 0.17535326296418166
flux1:, 0.6465761712103453, 0.053759024503041396, 0.16787670315213238
flux1:, 0.6466255979711303, 0.05410112080100917, 0.16033077834064394
flux1:, 0.6466750247319154, 0.054380082171555835, 0.1527536199428715
flux1:, 0.6467244514927005, 0.05457902035296748, 0.1451825589297024
flux1:, 0.6467738782534856, 0.054683281707002346, 0.13765378296406772
flux1:, 0.6468233050142708, 0.05468049569126965, 0.13020201951780025
flux1:, 0.6468727317750559, 0.054560592571658295, 0.12286024779919119
flux1:, 0.6469221585358409, 0.05431579179105851, 0.11565944182027568
flux1:, 0.646971585296626, 0.053940562722068854, 0.10862834642488954
flux1:, 0.6470210120574111, 0.05343155980238553, 0.1017932875865403
flux1:, 0.6470704388181963, 0.052787534281602884, 0.09517801777862078
flux1:, 0.6471198655789814, 0.05200922499531821, 0.08880359672618594
flux1:, 0.6471692923397665, 0.05109923072709655, 0.08268830737178223
flux1:, 0.6472187191005516, 0.050061866820582855, 0.07684760643850594
flux1:, 0.6472681458613366, 0.04890300876401173, 0.0712941085520304
flux1:, 0.6473175726221218, 0.04762992548948275, 0.06603760249779768
flux1:, 0.6473669993829069, 0.0462511051105356, 0.06108509784293424
flux1:, 0.647416426143692, 0.04477607576688416, 0.05644089984581312
flux1:, 0.6474658529044771, 0.04321522415745495, 0.05210671031557397
flux1:, 0.6475152796652622, 0.041579614224686, 0.048081751867775066
flux1:, 0.6475647064260474, 0.03988080830813836, 0.04436291285162445
flux1:, 0.6476141331868324, 0.03813069291741283, 0.04094491010203889
flux1:, 0.6476635599476175, 0.036341311086449266, 0.037820466590521296
flux1:, 0.6477129867084026, 0.03452470306786479, 0.034980501015970195
flux1:, 0.6477624134691877, 0.032692756910290076, 0.03241432638465234
flux1:, 0.6478118402299728, 0.03085707023763472, 0.030109854677086444
flux1:, 0.647861266990758, 0.02902882432075153, 0.028053804785184433
flux1:, 0.6479106937515431, 0.027218671301948497, 0.026231911021713787
flux1:, 0.6479601205123281, 0.02543663520517625, 0.024629129653440787
flux1:, 0.6480095472731132, 0.023692027142186513, 0.023229841084440428
flux1:, 0.6480589740338983, 0.02199337491039952, 0.022018045513334705
flux1:, 0.6481084007946835, 0.020348366974154042, 0.020977550103555374
flux1:, 0.6481578275554686, 0.01876381063003004, 0.020092145934836034
flux1:, 0.6482072543162537, 0.017245603980087662, 0.019345773243021495
flux1:, 0.6482566810770388, 0.015798721176977348, 0.01872267369968994
flux1:, 0.6483061078378238, 0.014427210261731818, 0.018207528729547433
flux1:, 0.648355534598609, 0.013134202791123725, 0.017785583108071868
flux1:, 0.6484049613593941, 0.01192193434594177, 0.017442753321263493
flux1:, 0.6484543881201792, 0.010791774925596645, 0.017165720400407078
flux1:, 0.6485038148809643, 0.009744268167940615, 0.016942007164792605
flux1:, 0.6485532416417494, 0.008779178285264267, 0.016760040011822512
flux1:, 0.6486026684025346, 0.007895543578359757, 0.01660919558483307
flux1:, 0.6486520951633196, 0.007091735378886415, 0.016479832822638936
flux1:, 0.6487015219241047, 0.006365521275280046, 0.01636331104979198
flux1:, 0.6487509486848898, 0.005714131498112817, 0.016251994901993683
flux1:, 0.6488003754456749, 0.005134327375454852, 0.016139246996327995
flux1:, 0.64884980220646, 0.004622470816266023, 0.016019409350819303
flux1:, 0.6488992289672452, 0.0041745938385704595, 0.015887774632114156
flux1:, 0.6489486557280303, 0.003786467227352458, 0.015740548364541973
flux1:, 0.6489980824888153, 0.003453667483493072, 0.015574803268710493
flux1:, 0.6490475092496004, 0.003171641307580586, 0.015388426914236123
flux1:, 0.6490969360103855, 0.002935766949906117, 0.01518006387024374
flux1:, 0.6491463627711707, 0.0027414118484173893, 0.014949053520100902
flux1:, 0.6491957895319558, 0.002583986068623445, 0.014695364675187492
flux1:, 0.6492452162927409, 0.0024589911518741424, 0.014419528077083889
flux1:, 0.649294643053526, 0.0023620640697231015, 0.014122567821561237
flux1:, 0.649344069814311, 0.0022890160710315704, 0.013805932670829699
flux1:, 0.6493934965750962, 0.0022358662940137495, 0.013471428146174746
flux1:, 0.6494429233358813, 0.002198870096455662, 0.013121150211980319
flux1:, 0.6494923500966664, 0.0021745421331940836, 0.012757421276146668
flux1:, 0.6495417768574515, 0.0021596742797137408, 0.012382729142962897
flux1:, 0.6495912036182366, 0.002151348564015584, 0.011999669463535095
flux1:, 0.6496406303790218, 0.002146945325188704, 0.011610892137963045
flux1:, 0.6496900571398068, 0.002144146866106195, 0.011219052033331229
flux1:, 0.6497394839005919, 0.0021409369092204584, 0.010826764294003552
flux1:, 0.649788910661377, 0.0021355961984761847, 0.01043656443627324
flux1:, 0.6498383374221621, 0.0021266946169510538, 0.010050873339267661
flux1:, 0.6498877641829472, 0.002113080209233703, 0.00967196716912224
flux1:, 0.6499371909437324, 0.002093865509823602, 0.009301952203988502
flux1:, 0.6499866177045175, 0.0020684115846024793, 0.008942744464424945
flux1:, 0.6500360444653025, 0.0020363101918748783, 0.008596053997281208
flux1:, 0.6500854712260876, 0.0019973644631987126, 0.008263373611524039
flux1:, 0.6501348979868727, 0.001951568492771213, 0.007945971821875016
flux1:, 0.6501843247476579, 0.0018990862079675897, 0.007644889720484661
flux1:, 0.650233751508443, 0.0018402298734815404, 0.007360941468115601
flux1:, 0.6502831782692281, 0.0017754385578712581, 0.0070947180743446666
flux1:, 0.6503326050300132, 0.0017052568648545775, 0.006846594120629202
flux1:, 0.6503820317907982, 0.0016303142030221246, 0.006616737070660551
flux1:, 0.6504314585515834, 0.0015513048373245362, 0.006405118808597229
flux1:, 0.6504808853123685, 0.0014689689343018344, 0.0062115290472484425
flux1:, 0.6505303120731536, 0.0013840747811698808, 0.006035590254451798
flux1:, 0.6505797388339387, 0.0012974023269494068, 0.005876773756382115
flux1:, 0.6506291655947238, 0.0012097281624214602, 0.005734416690692739
flux1:, 0.650678592355509, 0.001121812025140236, 0.005607739499760856
flux1:, 0.650728019116294, 0.0010343848864516466, 0.005495863674313827
flux1:, 0.6507774458770791, 0.0009481386497958852, 0.0053978294799275186
flux1:, 0.6508268726378642, 0.0008637174637509109, 0.00531261342262969
flux1:, 0.6508762993986493, 0.0007817106295648384, 0.005239145234860699
flux1:, 0.6509257261594344, 0.0007026470615126958, 0.005176324188690035
flux1:, 0.6509751529202196, 0.0006269912393715307, 0.0051230345691739365
flux1:, 0.6510245796810046, 0.0005551405758093654, 0.00507816016661826
flux1:, 0.6510740064417897, 0.0004874241074753899, 0.005040597671991157
flux1:, 0.6511234332025748, 0.0004241024071322646, 0.005009268884422155
flux1:, 0.6511728599633599, 0.0003653686052032617, 0.004983131663493901
flux1:, 0.6512222867241451, 0.000311350402552023, 0.004961189581515674
flux1:, 0.6512717134849302, 0.00026211295208729187, 0.004942500252079506
flux1:, 0.6513211402457153, 0.00021766248472513273, 0.004926182330720048
flux1:, 0.6513705670065004, 0.00017795055521772725, 0.0049114212014315225
flux1:, 0.6514199937672854, 0.00014287878519739976, 0.004897473378830487
flux1:, 0.6514694205280706, 0.00011230398428688072, 0.004883669670153236
flux1:, 0.6515188472888557, 8.604353511906212e-05, 0.00486941715375693
flux1:, 0.6515682740496408, 6.388093437462054e-05, 0.0048542000414659005
flux1:, 0.6516177008104259, 4.557138928305732e-05, 0.004837579501051461
flux1:, 0.651667127571211, 3.084737725231944e-05, 0.004819192522304027
flux1:, 0.651716554331996, 1.9424085170011322e-05, 0.0047987499156451445
flux1:, 0.6517659810927812, 1.1004654294125703e-05, 0.004776033536167098
flux1:, 0.6518154078535663, 5.285166312455399e-06, 0.0047508928284373305
flux1:, 0.6518648346143514, 1.959315940762242e-06, 0.004723240788401517
flux1:, 0.6519142613751365, 7.227251850659362e-07, 0.004693049438515094
flux1:, 0.6519636881359216, 1.2768639763524648e-06, 0.004660344910788126
flux1:, 0.6520131148967068, 3.332551141618633e-06, 0.004625202230021771
flux1:, 0.6520625416574918, 6.6130185313510075e-06, 0.004587739886043777
flux1:, 0.6521119684182769, 1.0856529432954196e-05, 0.004548114279632406
flux1:, 0.652161395179062, 1.5818550117262155e-05, 0.004506514121848929
flux1:, 0.6522108219398471, 2.1273480422261456e-05, 0.0044631548610514485
flux1:, 0.6522602487006323, 2.7015955586957753e-05, 0.004418273205911234
flux1:, 0.6523096754614174, 3.286173714029371e-05, 0.004372121806424895
flux1:, 0.6523591022222025, 3.8648215439117135e-05, 0.004324964148324425
flux1:, 0.6524085289829875, 4.423455047887743e-05, 0.004277069709582664
flux1:, 0.6524579557437726, 4.950148084520433e-05, 0.004228709420810481
flux1:, 0.6525073825045578, 5.435083317664005e-05, 0.004180151464603054
flux1:, 0.6525568092653429, 5.870476627089528e-05, 0.0041316574420720625
flux1:, 0.652606236026128, 6.250478504967461e-05, 0.0040834789282562615
flux1:, 0.6526556627869131, 6.571056003262668e-05, 0.004035854431700828
flux1:, 0.6527050895476982, 6.829858780678709e-05, 0.00398900676738325
flux1:, 0.6527545163084832, 7.026072727668161e-05, 0.003943140846388214
flux1:, 0.6528039430692684, 7.160264529908635e-05, 0.003898441880255124
flux1:, 0.6528533698300535, 7.234220370581637e-05, 0.0038550739929731907
flux1:, 0.6529027965908386, 7.250781775352247e-05, 0.0038131792288788875
flux1:, 0.6529522233516237, 7.213681378817949e-05, 0.0037728769406600365
flux1:, 0.6530016501124088, 7.127381142137243e-05, 0.003734263537922127
flux1:, 0.653051076873194, 6.996915285109306e-05, 0.0036974125735763468
flux1:, 0.653100503633979, 6.82773991846778e-05, 0.0036623751426292316
flux1:, 0.6531499303947641, 6.625591077284753e-05, 0.0036291805656604934
flux1:, 0.6531993571555492, 6.396352571385119e-05, 0.0035978373275874546
flux1:, 0.6532487839163343, 6.145934786408295e-05, 0.0035683342410088863
flux1:, 0.6532982106771195, 5.8801652944025394e-05, 0.0035406418026318375
flux1:, 0.6533476374379046, 5.60469186961514e-05, 0.003514713710891248
flux1:, 0.6533970641986897, 5.324898255718915e-05, 0.0034904885129628705
flux1:, 0.6534464909594747, 5.0458327991114287e-05, 0.003467891349780294
flux1:, 0.6534959177202598, 4.7721498489428425e-05, 0.0034468357685242665
flux1:, 0.653545344481045, 4.508063633499296e-05, 0.003427225573169314
flux1:, 0.6535947712418301, 4.2573141514106986e-05, 0.0034089566851551916
