flux1:, 1.1764705882352942, -2.23986344981623e-06, 0.00012086778210227878
flux1:, 1.1774529451058982, -0.00011479084625729437, 8.187072331137534e-05
flux1:, 1.1784353019765021, 9.420199703486136e-05, 6.93257316762868e-05
flux1:, 1.179417658847106, 8.447608196627153e-05, 0.00011456826137737967
flux1:, 1.18040001571771, -0.00013578775413365855, 0.00010427378590842893
flux1:, 1.181382372588314, 3.5656232374634494e-05, 7.264740841724907e-05
flux1:, 1.182364729458918, 0.0001796533243130786, 0.00010091619316793917
flux1:, 1.183347086329522, -0.00010202779408396047, 0.00011454980355606779
flux1:, 1.1843294432001257, -6.048939693334849e-05, 8.88582745730171e-05
flux1:, 1.1853118000707297, 0.00025284270500975926, 9.539545298891708e-05
flux1:, 1.1862941569413337, 1.1820433001421967e-05, 0.00010913178156068509
flux1:, 1.1872765138119377, -0.00016738363554396403, 0.0001021501649529053
flux1:, 1.1882588706825417, 0.00026009135114911586, 0.00010941549919635969
flux1:, 1.1892412275531457, 0.0002150864660036657, 0.00010168914684981987
flux1:, 1.1902235844237494, -0.00022275104287814977, 9.190485478729094e-05
flux1:, 1.1912059412943534, 0.00015739084058206737, 0.00013512098174235011
flux1:, 1.1921882981649574, 0.00047412141759998496, 0.00012390183647883844
flux1:, 1.1931706550355614, -0.00012574841124381373, 5.454377992581649e-05
flux1:, 1.1941530119061654, -6.071978594075493e-05, 0.00013066624515933688
flux1:, 1.1951353687767692, 0.0006780111580686956, 0.00020395169625856682
flux1:, 1.1961177256473732, 0.0002257697297656273, 4.394450750041726e-05
flux1:, 1.1971000825179772, -0.00028790040787243917, 3.572111607835648e-05
flux1:, 1.1980824393885812, 0.0006382065644771437, 0.00029697070750054315
flux1:, 1.1990647962591852, 0.0007988276414553374, 0.00018958096323884983
flux1:, 1.200047153129789, -0.0002613556024864512, -0.00010550705719392905
flux1:, 1.201029510000393, 0.00025012019520388447, 0.00021964463422965205
flux1:, 1.202011866870997, 0.0012645539936861374, 0.000519185071952707
flux1:, 1.202994223741601, 0.00022531257316261972, 1.5447653119850133e-05
flux1:, 1.203976580612205, -0.00023388836371249406, -9.541380866873362e-05
flux1:, 1.2049589374828087, 0.0012669999266352908, 0.0006589795029737711
flux1:, 1.2059412943534127, 0.001030475697618513, 0.0005934134035819571
flux1:, 1.2069236512240167, -0.00039763850185899475, -0.00018066733696995449
flux1:, 1.2079060080946207, 0.0007769300415424699, 0.00027776162323220647
flux1:, 1.2088883649652247, 0.0018346015879759248, 0.0010797052913601763
flux1:, 1.2098707218358287, 6.600438677571063e-05, 0.00038758886698675525
flux1:, 1.2108530787064324, -8.293523397115208e-05, -0.0001336310601151286
flux1:, 1.2118354355770364, 0.001958819406704469, 0.0008226025968198754
flux1:, 1.2128177924476404, 0.0010868053231543901, 0.0010261012654639895
flux1:, 1.2138001493182444, -0.0006386275710002691, 4.685291188352204e-05
flux1:, 1.2147825061888484, 0.0010819236774893331, 0.00026675900775817056
flux1:, 1.2157648630594522, 0.0018599467277774682, 0.0010936265322153986
flux1:, 1.2167472199300562, -0.00038274306994373104, 0.0005174182128445915
flux1:, 1.2177295768006602, -2.8212337585243532e-05, 3.2309824017821843e-05
flux1:, 1.2187119336712642, 0.0019468258287436094, 0.0008128993799960851
flux1:, 1.2196942905418682, 0.0003849714914722313, 0.0008702653254881124
flux1:, 1.220676647412472, -0.0007535512758914033, 0.0001328226837851703
flux1:, 1.221659004283076, 0.0014811248310922609, 0.0005068660748680446
flux1:, 1.22264136115368, 0.00126085063216855, 0.0010135340383500523
flux1:, 1.223623718024284, -0.0009272895158330916, 0.00040556251903466094
flux1:, 1.224606074894888, 0.000693857905690401, 0.0003228834203483914
flux1:, 1.2255884317654917, 0.002003450269549268, 0.0009809284473949436
flux1:, 1.2265707886360957, -0.0005319592202410843, 0.0007024105487175191
flux1:, 1.2275531455066997, -0.0002241709262356991, 0.0003085481337368953
flux1:, 1.2285355023773037, 0.0024638234822080265, 0.0008554151151707529
flux1:, 1.2295178592479077, 0.00047161155340202617, 0.0008940052422130533
flux1:, 1.2305002161185117, -0.0010754755912366085, 0.0004183436459668047
flux1:, 1.2314825729891155, 0.0024873894689365875, 0.000764339454469562
flux1:, 1.2324649298597194, 0.0022407491067671296, 0.0009021617264422206
flux1:, 1.2334472867303234, -0.001458860491439219, 0.0004359071800542754
flux1:, 1.2344296436009274, 0.001814526279581731, 0.0008301411221004982
flux1:, 1.2354120004715314, 0.005144002862446043, 0.0008999398651530474
flux1:, 1.2363943573421352, 2.4460583153322248e-05, -0.00011131879509102747
flux1:, 1.2373767142127392, 0.00014867765626311148, 0.0008213268735325983
flux1:, 1.2383590710833432, 0.00891434640550581, 0.0024537355260086506
flux1:, 1.2393414279539472, 0.007629105054476296, 0.0005136790731325072
flux1:, 1.2403237848245512, -2.749878186862285e-05, 8.187540361730776e-05
flux1:, 1.241306141695155, 0.005386934397226491, 0.006693705559329176
flux1:, 1.242288498565759, 0.011755597157893843, 0.01121438273046378
flux1:, 1.243270855436363, 0.003578223463815905, 0.007163129713264136
flux1:, 1.244253212306967, 0.001637638809049233, 0.005602795795384259
flux1:, 1.245235569177571, 0.014689493895787048, 0.011215058119652621
flux1:, 1.2462179260481747, 0.015770414133936844, 0.011641217518956444
flux1:, 1.2472002829187787, 0.003282283892057082, 0.004780762235644989
flux1:, 1.2481826397893827, 0.004177932476914848, 0.0025676903937909843
flux1:, 1.2491649966599867, 0.01231781968709357, 0.005025371866291345
flux1:, 1.2501473535305907, 0.006667365478703004, 0.003981550905377155
flux1:, 1.2511297104011945, 0.0009015236530197643, 0.002381549587283922
flux1:, 1.2521120672717985, 0.007403870378229219, 0.00406526055344801
flux1:, 1.2530944241424025, 0.00854991615641981, 0.004241297024842965
flux1:, 1.2540767810130065, 0.0018881332457257338, 0.002889784549301524
flux1:, 1.2550591378836105, 0.004316170308116818, 0.0042146317774296605
flux1:, 1.2560414947542144, 0.009146270054745808, 0.005103064258854769
flux1:, 1.2570238516248182, 0.004412923310866986, 0.0036544969259363273
flux1:, 1.2580062084954222, 0.002869343372733371, 0.004424940750933084
flux1:, 1.2589885653660262, 0.00867583578966843, 0.0061477783323670866
flux1:, 1.2599709222366302, 0.007360021352712019, 0.004887134123897401
flux1:, 1.2609532791072342, 0.003131669538463357, 0.004692793536364073
flux1:, 1.261935635977838, 0.007579636736036094, 0.007043951759178856
flux1:, 1.262917992848442, 0.009938676145489649, 0.006609974298966087
flux1:, 1.263900349719046, 0.005058871417897216, 0.005311160969480953
flux1:, 1.26488270658965, 0.006553546468637097, 0.007632235829080434
flux1:, 1.265865063460254, 0.011609264273754631, 0.008610114931084071
flux1:, 1.266847420330858, 0.008288691243633706, 0.00660634125287761
flux1:, 1.2678297772014617, 0.006406053813697201, 0.008010356044824267
flux1:, 1.2688121340720657, 0.012223961800355607, 0.010531306922682346
flux1:, 1.2697944909426697, 0.01213737013845598, 0.008745608137837757
flux1:, 1.2707768478132737, 0.007812569660856215, 0.008536986186594249
flux1:, 1.2717592046838777, 0.012130852927694936, 0.01204818359970961
flux1:, 1.2727415615544815, 0.015774225479719885, 0.011612649604160077
flux1:, 1.2737239184250855, 0.01105736275640376, 0.009718231503740633
flux1:, 1.2747062752956895, 0.012129970145734477, 0.013061616799763956
flux1:, 1.2756886321662935, 0.018518830798360277, 0.014804925241006284
flux1:, 1.2766709890368975, 0.015876209215565533, 0.011998682509088058
flux1:, 1.2776533459075012, 0.013245959290237965, 0.013827640558427418
flux1:, 1.2786357027781052, 0.020152973734472536, 0.017777896287419347
flux1:, 1.2796180596487092, 0.021494462104021526, 0.015533688822715077
flux1:, 1.2806004165193132, 0.01636474354842698, 0.014940655221331088
flux1:, 1.2815827733899172, 0.02111116748011422, 0.020100082060982682
flux1:, 1.282565130260521, 0.02689213753094207, 0.02005075965061607
flux1:, 1.283547487131125, 0.021858442395423568, 0.01714257728082974
flux1:, 1.284529844001729, 0.02243533530699478, 0.021719200416587047
flux1:, 1.285512200872333, 0.031232948190506878, 0.024892126681700648
flux1:, 1.286494557742937, 0.02936083100418382, 0.021008906771450137
flux1:, 1.2874769146135407, 0.025458372885727876, 0.023108343526416344
flux1:, 1.2884592714841447, 0.034303963156727776, 0.0292639099479662
flux1:, 1.2894416283547487, 0.03782775369917064, 0.026637759516395756
flux1:, 1.2904239852253527, 0.031296737581832684, 0.025187350072436655
flux1:, 1.2914063420959567, 0.03677041846507888, 0.032620019255051265
flux1:, 1.2923886989665605, 0.04591908539379161, 0.03349923042922578
flux1:, 1.2933710558371645, 0.04033921715227862, 0.029000657295519656
flux1:, 1.2943534127077685, 0.040088728140635126, 0.03502237563028896
flux1:, 1.2953357695783725, 0.05259962371744791, 0.04056227762045128
flux1:, 1.2963181264489765, 0.051964780799767754, 0.035250868243072025
flux1:, 1.2973004833195805, 0.046041975505308426, 0.037290268176037714
flux1:, 1.2982828401901843, 0.057731375960149545, 0.04670656195176441
flux1:, 1.2992651970607882, 0.06467001714881344, 0.04388531407946976
flux1:, 1.3002475539313922, 0.05602879375801445, 0.04081025472421114
flux1:, 1.3012299108019962, 0.06238193218442656, 0.05128546206661402
flux1:, 1.3022122676726002, 0.0766377268946241, 0.05395597987105539
flux1:, 1.303194624543204, 0.07038051443881835, 0.04701560764202315
flux1:, 1.304176981413808, 0.06864355720363086, 0.05459715819966659
flux1:, 1.305159338284412, 0.08658084338915392, 0.06389153948980204
flux1:, 1.306141695155016, 0.08802979086850414, 0.05671161177332387
flux1:, 1.30712405202562, 0.07893855297012566, 0.05800664166509672
flux1:, 1.308106408896224, 0.09453115269617446, 0.07214989365043165
flux1:, 1.3090887657668278, 0.10676268304976651, 0.06954240443011032
flux1:, 1.3100711226374318, 0.09501853051466005, 0.06357036997518163
flux1:, 1.3110534795080357, 0.10219445535118647, 0.07802384573897121
flux1:, 1.3120358363786397, 0.12406843452047543, 0.08389800775511362
flux1:, 1.3130181932492437, 0.11705287679236584, 0.07322360414189077
flux1:, 1.3140005501198475, 0.1126094540953246, 0.0822419575974503
flux1:, 1.3149829069904515, 0.13832876751977516, 0.09741787094879978
flux1:, 1.3159652638610555, 0.14324854046516222, 0.08781793481989658
flux1:, 1.3169476207316595, 0.12910838376297248, 0.08701808093219864
flux1:, 1.3179299776022635, 0.14987467248354008, 0.10799618966090156
flux1:, 1.3189123344728673, 0.17029936377766702, 0.10643976056729816
flux1:, 1.3198946913434713, 0.1538961290812283, 0.09538314677267451
flux1:, 1.3208770482140753, 0.16139162845681565, 0.11492888876807314
flux1:, 1.3218594050846793, 0.1946526648824132, 0.12641295577763978
flux1:, 1.3228417619552832, 0.1868109960287486, 0.10993457888093017
flux1:, 1.323824118825887, 0.1773304828487938, 0.11968284876371174
flux1:, 1.324806475696491, 0.21420600961559214, 0.14416475027096487
flux1:, 1.325788832567095, 0.2248791427475956, 0.13145036705066185
flux1:, 1.326771189437699, 0.20235134636704105, 0.12581309156928028
flux1:, 1.327753546308303, 0.22976052777683584, 0.15677151477817827
flux1:, 1.3287359031789068, 0.26306109924800464, 0.15799648246320064
flux1:, 1.3297182600495108, 0.23927127158712183, 0.13782908686702633
flux1:, 1.3307006169201148, 0.24550471664162998, 0.1636298312895892
flux1:, 1.3316829737907188, 0.2961478511529251, 0.18509389895104353
flux1:, 1.3326653306613228, 0.28732482232090883, 0.159251755883065
flux1:, 1.3336476875319265, 0.2680615281822942, 0.1674871915351112
flux1:, 1.3346300444025305, 0.3212374096845246, 0.20717375196519236
flux1:, 1.3356124012731345, 0.3416066167917628, 0.19054951158999572
flux1:, 1.3365947581437385, 0.30416142974243543, 0.17414666901479867
flux1:, 1.3375771150143425, 0.3398235687941084, 0.2200135257468535
flux1:, 1.3385594718849465, 0.39425394742888564, 0.22789953121347234
flux1:, 1.3395418287555503, 0.3576359776459059, 0.1905778674563157
flux1:, 1.3405241856261543, 0.35846580298223224, 0.2233021527452738
flux1:, 1.3415065424967583, 0.43729492398789843, 0.2636211635347477
flux1:, 1.3424888993673623, 0.42690422411225837, 0.2218267448366902
flux1:, 1.3434712562379663, 0.3873965333692369, 0.2221695695185571
flux1:, 1.34445361310857, 0.46634159779581297, 0.28861682704088354
flux1:, 1.345435969979174, 0.5041955488708584, 0.2677922774085707
flux1:, 1.346418326849778, 0.43719968224755273, 0.22664875613366825
flux1:, 1.347400683720382, 0.48376774558587693, 0.29634884716101456
flux1:, 1.348383040590986, 0.5772871592128996, 0.3213236618226039
flux1:, 1.34936539746159, 0.51461319431714, 0.24868959924853978
flux1:, 1.3503477543321938, 0.5000019599535546, 0.2870763661586199
flux1:, 1.3513301112027978, 0.6336243757728691, 0.3689242471555386
flux1:, 1.3523124680734018, 0.619199441201647, 0.29737295096522015
flux1:, 1.3532948249440058, 0.5322932375753656, 0.27069394201777514
flux1:, 1.3542771818146098, 0.6656848071147704, 0.39455125376767347
flux1:, 1.3552595386852135, 0.7427913025047358, 0.3740264408071018
flux1:, 1.3562418955558175, 0.6018482699518966, 0.2669956498631082
flux1:, 1.3572242524264215, 0.6758960082614411, 0.3858108825520355
flux1:, 1.3582066092970255, 0.8733685821985704, 0.46962844639965856
flux1:, 1.3591889661676295, 0.7331080237411491, 0.3041310809996839
flux1:, 1.3601713230382333, 0.6800953894115082, 0.34091139278877974
flux1:, 1.3611536799088373, 1.0059569441554435, 0.5674327206412377
flux1:, 1.3621360367794413, 0.9681415233517591, 0.4223079614768282
flux1:, 1.3631183936500453, 0.7127495999142823, 0.2756323989854791
flux1:, 1.3641007505206493, 1.1773944547070747, 0.6601461957118134
flux1:, 1.365083107391253, 1.4799381289643656, 0.7338551948823026
flux1:, 1.366065464261857, 0.8688142969781129, 0.24426844418573093
flux1:, 1.367047821132461, 1.805746779408899, 0.9553989379732927
flux1:, 1.368030178003065, 5.1907016667186685, 3.299451840008242
flux1:, 1.369012534873669, 6.387723548404303, 4.775954444798733
flux1:, 1.3699948917442728, 2.9360777723425753, 3.9989826740550174
flux1:, 1.3709772486148768, 0.19159254596530634, 2.517542663981667
flux1:, 1.3719596054854808, 2.2098986356627424, 1.456424349786448
flux1:, 1.3729419623560848, 4.681061662248688, 0.4880169838075638
flux1:, 1.3739243192266888, 3.321061502010466, -0.0031620329290234046
flux1:, 1.3749066760972926, 0.8246828054679097, 0.407964360257882
flux1:, 1.3758890329678966, 0.4509146323788977, 0.6699286457690985
flux1:, 1.3768713898385005, 0.8845243742286563, 0.21415680135930812
flux1:, 1.3778537467091045, 0.628662852170265, 0.04282483553455896
flux1:, 1.3788361035797085, 0.529849048928338, 0.3988869667496106
flux1:, 1.3798184604503125, 0.8089442256783334, 0.38780234904624294
flux1:, 1.3808008173209163, 0.7358417708456627, 0.11388894073560706
flux1:, 1.3817831741915203, 0.5892743739986211, 0.24862388773951571
flux1:, 1.3827655310621243, 0.7714829418669015, 0.4105464543327592
flux1:, 1.3837478879327283, 0.8163216324412935, 0.21296795988733555
flux1:, 1.3847302448033323, 0.6611547812127176, 0.1675242297163567
flux1:, 1.3857126016739363, 0.7387070887485147, 0.3568840581387312
flux1:, 1.38669495854454, 0.8540283901048037, 0.29051811604715627
flux1:, 1.387677315415144, 0.740449000707392, 0.14575218901307216
flux1:, 1.388659672285748, 0.7219443740163786, 0.2701802160934713
flux1:, 1.389642029156352, 0.8527930682646299, 0.32238772383396624
flux1:, 1.390624386026956, 0.8116295627840996, 0.16592370009957755
flux1:, 1.3916067428975598, 0.7300268069646475, 0.1854667206058778
flux1:, 1.3925890997681638, 0.8266174739053037, 0.30196083534234713
flux1:, 1.3935714566387678, 0.8591664694321732, 0.20170326000435632
flux1:, 1.3945538135093718, 0.7616319063962947, 0.12643602481349692
flux1:, 1.3955361703799758, 0.7943004628586628, 0.23908409122039895
flux1:, 1.3965185272505796, 0.8744824850574574, 0.2250554978958716
flux1:, 1.3975008841211836, 0.8055551352804773, 0.10091128501467846
flux1:, 1.3984832409917876, 0.7729207646451811, 0.15486673802357168
flux1:, 1.3994655978623916, 0.859355433899216, 0.21499897522033554
flux1:, 1.4004479547329955, 0.8451814499407833, 0.10035382721604999
flux1:, 1.4014303116035993, 0.771946730382784, 0.07303628005291725
flux1:, 1.4024126684742033, 0.8251937558329637, 0.16383294912177276
flux1:, 1.4033950253448073, 0.8650095511968717, 0.10445945413064067
flux1:, 1.4043773822154113, 0.7900370393291036, 0.010725705591865038
flux1:, 1.4053597390860153, 0.7885553419178079, 0.07846411622225175
flux1:, 1.406342095956619, 0.8568452720256692, 0.08947128033405029
flux1:, 1.407324452827223, 0.8158351496189088, -0.02812164895056825
flux1:, 1.408306809697827, 0.7644298940912555, -0.023655713556609757
flux1:, 1.409289166568431, 0.8233221166952197, 0.037434808515489235
flux1:, 1.410271523439035, 0.8328149545229061, -0.05435246203205666
flux1:, 1.4112538803096388, 0.7597190910785486, -0.12259198216378123
flux1:, 1.4122362371802428, 0.7770724455418649, -0.05677181153189132
flux1:, 1.4132185940508468, 0.8267544792660343, -0.08933992638702089
flux1:, 1.4142009509214508, 0.769707194059522, -0.20512305264019748
flux1:, 1.4151833077920548, 0.7352390477707424, -0.18324402234076537
flux1:, 1.4161656646626586, 0.7930048183120775, -0.15581380524094351
flux1:, 1.4171480215332626, 0.7797663387024967, -0.2714019583064256
flux1:, 1.4181303784038666, 0.7110103486371708, -0.32094380967632874
flux1:, 1.4191127352744706, 0.7399126856254065, -0.2666296667362632
flux1:, 1.4200950921450746, 0.7727023036766038, -0.33555232508725524
flux1:, 1.4210774490156786, 0.7060289897931201, -0.44684768568066485
flux1:, 1.4220598058862823, 0.6854416756806841, -0.416016014943466
flux1:, 1.4230421627568863, 0.7389716175080833, -0.4182528230904696
flux1:, 1.4240245196274903, 0.7085999951995411, -0.546843493640641
flux1:, 1.4250068764980943, 0.6471647978528826, -0.5785282138749104
flux1:, 1.4259892333686983, 0.6837106550926594, -0.5330658313600386
flux1:, 1.4269715902393023, 0.7005664961310563, -0.6224790804242581
flux1:, 1.427953947109906, 0.6309114077065913, -0.7188145904397338
flux1:, 1.42893630398051, 0.6243359201979671, -0.673493195111323
flux1:, 1.429918660851114, 0.6696525909763954, -0.6879833348787897
flux1:, 1.430901017721718, 0.6266242088025231, -0.8089881316262947
flux1:, 1.431883374592322, 0.578462821270915, -0.8105350022823802
flux1:, 1.4328657314629258, 0.6178920455162878, -0.7574650767193913
flux1:, 1.4338480883335298, 0.6159290458152937, -0.8429518620499284
flux1:, 1.4348304452041338, 0.551052427899318, -0.905341674779626
flux1:, 1.4358128020747378, 0.558295890374151, -0.8304936676454321
flux1:, 1.4367951589453418, 0.585427058605869, -0.8365715646408518
flux1:, 1.4377775158159456, 0.5318954669303088, -0.9296191305759729
flux1:, 1.4387598726865496, 0.5026356146210091, -0.8870575067808937
flux1:, 1.4397422295571536, 0.5337817976018521, -0.8127719704548544
flux1:, 1.4407245864277576, 0.5049239600145086, -0.8791360261381059
flux1:, 1.4417069432983616, 0.45194950125119293, -0.8955927175618383
flux1:, 1.4426893001689653, 0.4673272362141846, -0.7822602583514258
flux1:, 1.4436716570395693, 0.4597184278261257, -0.7711814805941843
flux1:, 1.4446540139101733, 0.3979008995980501, -0.8274627874112257
flux1:, 1.4456363707807773, 0.3905763224077287, -0.7320482246711398
flux1:, 1.4466187276513813, 0.39541513457070565, -0.6284693608443611
flux1:, 1.447601084521985, 0.3326277401075919, -0.6675825793467446
flux1:, 1.448583441392589, 0.30223523008670283, -0.6260657327380358
flux1:, 1.449565798263193, 0.3164210821092661, -0.45838340576268954
flux1:, 1.450548155133797, 0.25899122770660055, -0.4142543449773792
flux1:, 1.451530512004401, 0.202800262972551, -0.41387802270891044
flux1:, 1.4525128688750049, 0.22829221266222036, -0.23525963870429153
flux1:, 1.4534952257456089, 0.19583769699119788, -0.06622660053834699
flux1:, 1.4544775826162128, 0.11331824872594079, -0.039841393350257735
flux1:, 1.4554599394868168, 0.14618118349270173, 0.11048637436171449
flux1:, 1.4564422963574208, 0.18046948753719463, 0.4011176599816216
flux1:, 1.4574246532280246, 0.10025082519198317, 0.5536380072391134
flux1:, 1.4584070100986286, 0.12718273810350103, 0.6930895753371487
flux1:, 1.4593893669692326, 0.27879417224488195, 1.0619593514033425
flux1:, 1.4603717238398366, 0.29501921269053993, 1.4253843771718133
flux1:, 1.4613540807104406, 0.32327759520622973, 1.6456461407719618
flux1:, 1.4623364375810444, 0.612231087384529, 2.0374279690010106
flux1:, 1.4633187944516486, 0.8757349271623575, 2.6057625033192644
flux1:, 1.4643011513222524, 0.9897727066543626, 3.013045890860183
flux1:, 1.4652835081928564, 1.3609946082670934, 3.380668244189248
flux1:, 1.4662658650634603, 1.9369696635545948, 3.976437028449838
flux1:, 1.4672482219340643, 2.270469023342863, 4.52340930731044
flux1:, 1.4682305788046683, 2.594646108403684, 4.807218019609229
flux1:, 1.4692129356752721, 3.2518199849569553, 5.133535415048879
flux1:, 1.470195292545876, 3.7864979168504287, 5.5449285914557045
flux1:, 1.47117764941648, 3.9720095985700974, 5.685613252980346
flux1:, 1.472160006287084, 4.326986063659006, 5.629028165018023
flux1:, 1.473142363157688, 4.827343707367439, 5.688598120916513
flux1:, 1.4741247200282919, 4.937689931280322, 5.693402395785241
flux1:, 1.4751070768988959, 4.903473144231103, 5.444679445784489
flux1:, 1.4760894337694999, 5.1557039918384175, 5.2140213290128345
flux1:, 1.4770717906401039, 5.286699717090348, 5.114400973117657
flux1:, 1.4780541475107078, 5.079670613730682, 4.883392856134043
flux1:, 1.4790365043813116, 5.043778546309688, 4.549586602936184
flux1:, 1.4800188612519156, 5.177984831584742, 4.361062356777652
flux1:, 1.4810012181225196, 5.017422687413379, 4.204260868911533
flux1:, 1.4819835749931236, 4.792117386081457, 3.9112805336452348
flux1:, 1.4829659318637276, 4.845449617980514, 3.6626967623049262
flux1:, 1.4839482887343314, 4.808122655994053, 3.5380765862508756
flux1:, 1.4849306456049354, 4.539612006233231, 3.3410133407102784
flux1:, 1.4859130024755394, 4.459373683266822, 3.0843689799345655
flux1:, 1.4868953593461434, 4.500112091749544, 2.9410483876599383
flux1:, 1.4878777162167474, 4.303141223654502, 2.8231703867818023
flux1:, 1.4888600730873511, 4.1084909293937555, 2.6100623726828593
flux1:, 1.4898424299579551, 4.135322943192929, 2.4333596060923592
flux1:, 1.4908247868285591, 4.050721669170891, 2.3444699756460974
flux1:, 1.4918071436991631, 3.8140589258578355, 2.199100520653497
flux1:, 1.4927895005697671, 3.7569196679107946, 2.011954940394879
flux1:, 1.4937718574403709, 3.7519235221692964, 1.9078735791601191
flux1:, 1.4947542143109749, 3.552001898729559, 1.8181573619238132
flux1:, 1.4957365711815789, 3.398831297402807, 1.6572764977867467
flux1:, 1.4967189280521829, 3.401771969996349, 1.5248321150704653
flux1:, 1.4977012849227869, 3.2807224158870043, 1.4561391716153704
flux1:, 1.4986836417933906, 3.073726870637422, 1.344243489080266
flux1:, 1.4996659986639946, 3.021785016095475, 1.2024401987499351
flux1:, 1.5006483555345986, 2.969314101794045, 1.1235572877230973
flux1:, 1.5016307124052026, 2.771597140219904, 1.05604034322252
flux1:, 1.5026130692758066, 2.6451093787282733, 0.9365634791637771
flux1:, 1.5035954261464104, 2.615478456722329, 0.8396901753545315
flux1:, 1.5045777830170146, 2.471971372607793, 0.7925465730176852
flux1:, 1.5055601398876184, 2.297683749886224, 0.7152735380629226
flux1:, 1.5065424967582224, 2.2445445954104337, 0.616736149818142
flux1:, 1.5075248536288264, 2.1616855945138638, 0.5669536669187872
flux1:, 1.5085072104994304, 1.9880268802768088, 0.5282919396972695
flux1:, 1.5094895673700344, 1.8921389655706387, 0.4519831684947565
flux1:, 1.5104719242406381, 1.8451180943218717, 0.39323052275707904
flux1:, 1.5114542811112421, 1.710485517074376, 0.37340444799726086
flux1:, 1.5124366379818461, 1.5842328519194913, 0.33203736760900554
flux1:, 1.5134189948524501, 1.540531322533682, 0.2747823857008371
flux1:, 1.5144013517230541, 1.456038749337094, 0.254673495611989
flux1:, 1.515383708593658, 1.3280518288384595, 0.24299263817184977
flux1:, 1.516366065464262, 1.2680528365163073, 0.20246356310039726
flux1:, 1.5173484223348659, 1.220923389721503, 0.17543845927214027
flux1:, 1.5183307792054699, 1.1163006963769893, 0.17721878682812925
flux1:, 1.5193131360760739, 1.0396053275474666, 0.16098436164473648
flux1:, 1.5202954929466777, 1.0081775231860766, 0.1328308871476714
flux1:, 1.5212778498172816, 0.9372544549234267, 0.13298338688791977
flux1:, 1.5222602066878856, 0.8561768706185411, 0.13683129364144359
flux1:, 1.5232425635584896, 0.8237279538020799, 0.11754253835722646
flux1:, 1.5242249204290936, 0.7823339491242909, 0.10993956396879753
flux1:, 1.5252072772996974, 0.7110308347822203, 0.12231314057817386
flux1:, 1.5261896341703014, 0.6714459509063386, 0.11768946813311677
flux1:, 1.5271719910409054, 0.6480060972297016, 0.10534026934733547
flux1:, 1.5281543479115094, 0.5948130262904172, 0.11501387304462657
flux1:, 1.5291367047821134, 0.5506152339901214, 0.12332074829718324
flux1:, 1.5301190616527172, 0.5337412423195963, 0.11332670005613737
flux1:, 1.5311014185233212, 0.49942174025910163, 0.11486999572456348
flux1:, 1.5320837753939252, 0.45656590858986423, 0.12890113786067253
flux1:, 1.5330661322645291, 0.4392178047526887, 0.12669479069533066
flux1:, 1.5340484891351331, 0.41946258263110525, 0.12137052994742169
flux1:, 1.535030846005737, 0.3830164506131474, 0.13312224869544645
flux1:, 1.536013202876341, 0.36281755973731655, 0.13933035118102438
flux1:, 1.536995559746945, 0.3517733266348672, 0.1322908488286635
flux1:, 1.537977916617549, 0.32419826613219055, 0.1369826297791439
flux1:, 1.538960273488153, 0.30171311346691176, 0.14780131214475817
flux1:, 1.5399426303587567, 0.2942846286629233, 0.14408595874022923
flux1:, 1.5409249872293607, 0.2757534687462899, 0.1416004194952519
flux1:, 1.5419073440999647, 0.25275310573700593, 0.15150607704598984
flux1:, 1.5428897009705687, 0.2452784987913623, 0.15320100140683923
flux1:, 1.5438720578411727, 0.23456504190441188, 0.14687040455586922
flux1:, 1.5448544147117764, 0.21318209640509458, 0.15164852322658595
flux1:, 1.5458367715823806, 0.20334058560958757, 0.15732636478261788
flux1:, 1.5468191284529844, 0.19829292398340198, 0.15133731007629136
flux1:, 1.5478014853235884, 0.18073513667752042, 0.14979993028362043
flux1:, 1.5487838421941924, 0.16760681845695016, 0.15592912110742535
flux1:, 1.5497661990647964, 0.1652581508338328, 0.15297469774679714
flux1:, 1.5507485559354004, 0.1533275870525693, 0.14681740993299383
flux1:, 1.5517309128060042, 0.1377285004979277, 0.14993946722403304
flux1:, 1.5527132696766082, 0.13472100857318445, 0.15021796881112143
flux1:, 1.5536956265472122, 0.12891449844511962, 0.14253591208887678
flux1:, 1.5546779834178162, 0.1133679219203172, 0.14093362081456418
flux1:, 1.5556603402884202, 0.10706888667714458, 0.14265050240269214
flux1:, 1.556642697159024, 0.10586889945014251, 0.13617242771942512
flux1:, 1.557625054029628, 0.09360861045532941, 0.13032884273758602
flux1:, 1.558607410900232, 0.08341938024197633, 0.13107082056832148
flux1:, 1.559589767770836, 0.08362966686386832, 0.1270379998123498
flux1:, 1.56057212464144, 0.07687649659579557, 0.11896521991922249
flux1:, 1.5615544815120437, 0.0646826581100794, 0.11704538200417221
flux1:, 1.5625368383826477, 0.0629617963854118, 0.11509322583672041
flux1:, 1.5635191952532517, 0.06156739345236405, 0.10714095572047581
flux1:, 1.5645015521238557, 0.050717616308496354, 0.10227261268865048
flux1:, 1.5654839089944597, 0.045403629298218284, 0.10108153912717358
flux1:, 1.5664662658650634, 0.04690727394030626, 0.09491087988076576
flux1:, 1.5674486227356674, 0.04024737842770034, 0.0880780231575544
flux1:, 1.5684309796062714, 0.03218308537649216, 0.08626721625043658
flux1:, 1.5694133364768754, 0.03330736119392078, 0.08239027856345507
flux1:, 1.5703956933474794, 0.03158884662927932, 0.0751954738157829
flux1:, 1.5713780502180832, 0.023378037522997303, 0.07199332635597559
flux1:, 1.5723604070886872, 0.02190521126730132, 0.06990512615854583
flux1:, 1.5733427639592912, 0.023589990742840697, 0.06381718098226351
flux1:, 1.5743251208298952, 0.017886957948088953, 0.05929216957204798
flux1:, 1.5753074777004992, 0.01366967262142541, 0.057969545445056704
flux1:, 1.576289834571103, 0.01608244399137742, 0.05380059106102056
flux1:, 1.577272191441707, 0.0141116412173939, 0.04868161040390733
flux1:, 1.578254548312311, 0.008734062933477503, 0.04715306144727207
flux1:, 1.579236905182915, 0.009638211759648508, 0.04490755733102687
flux1:, 1.580219262053519, 0.010781508787854535, 0.04016792119218119
flux1:, 1.5812016189241227, 0.006338252148299557, 0.037916625069653355
flux1:, 1.5821839757947267, 0.004944853531247771, 0.03698075599543443
flux1:, 1.5831663326653307, 0.007399793170142727, 0.033401537464125865
flux1:, 1.5841486895359347, 0.005276837726221373, 0.030483919888558822
flux1:, 1.5851310464065387, 0.0022707660339545, 0.030008329538664773
flux1:, 1.5861134032771425, 0.004169256392559464, 0.02789845798887017
flux1:, 1.5870957601477467, 0.004478531093237906, 0.024793416446658476
flux1:, 1.5880781170183504, 0.0012982141318931243, 0.024080251104675578
flux1:, 1.5890604738889544, 0.0015913482197080211, 0.023237650718128413
flux1:, 1.5900428307595584, 0.0033818877804181672, 0.020545617904267326
flux1:, 1.5910251876301624, 0.0013128804214644267, 0.01928504666963894
flux1:, 1.5920075445007664, 4.166195902620994e-05, 0.019170555982006024
flux1:, 1.5929899013713702, 0.0019796698835974538, 0.017321484710007832
flux1:, 1.5939722582419742, 0.0015569646189607996, 0.015613865005603411
flux1:, 1.5949546151125782, -0.00046082467172294146, 0.015624939216051287
flux1:, 1.5959369719831822, 0.0006039987386286587, 0.014719248729732402
flux1:, 1.5969193288537862, 0.0015288571505957312, 0.012922326469551923
flux1:, 1.59790168572439, -0.00023447143863011507, 0.012632360424525957
flux1:, 1.598884042594994, -0.0003749575769087592, 0.01245473649904287
flux1:, 1.599866399465598, 0.00109913830093727, 0.010961399691077116
flux1:, 1.600848756336202, 0.0002546061129873875, 0.01023378095481972
flux1:, 1.601831113206806, -0.0007732840498918689, 0.010395062079173647
flux1:, 1.6028134700774097, 0.00043460072039463603, 0.009451642325234462
flux1:, 1.6037958269480137, 0.0006139916438456648, 0.008412325546779911
flux1:, 1.6047781838186177, -0.0006582062424229291, 0.008530331617448312
flux1:, 1.6057605406892217, -0.00018550577256355535, 0.008159882056322908
flux1:, 1.6067428975598257, 0.0006617259827104017, 0.007075328004532145
flux1:, 1.6077252544304295, -0.0002682068845934045, 0.006912382290933679
flux1:, 1.6087076113010335, -0.0005471660114821181, 0.006946346535132113
flux1:, 1.6096899681716375, 0.00043299848437887867, 0.006078600156482196
flux1:, 1.6106723250422414, 0.0001312755813656635, 0.005593444014138675
flux1:, 1.6116546819128454, -0.000591073536492542, 0.005771605988412832
flux1:, 1.6126370387834492, 8.786951155035662e-05, 0.005270202027537961
flux1:, 1.6136193956540532, 0.0003654274863661006, 0.004585771850875616
flux1:, 1.6146017525246572, -0.0003975697278411453, 0.004670990261540211
flux1:, 1.6155841093952612, -0.00020586264319943473, 0.004531747167206852
flux1:, 1.6165664662658652, 0.0003896180033362191, 0.00384863714476413
flux1:, 1.617548823136469, -0.00011008447115280552, 0.0037118115912842943
flux1:, 1.618531180007073, -0.00034931644072617844, 0.0038038042212387864
flux1:, 1.619513536877677, 0.0002584174774956701, 0.0033002764799808953
flux1:, 1.620495893748281, 0.00014161978423268384, 0.0029491777860632205
flux1:, 1.621478250618885, -0.0003284514382724287, 0.003089104064682225
flux1:, 1.6224606074894887, 6.717379692357486e-05, 0.0028474622225582308
flux1:, 1.6234429643600927, 0.00028229825553208177, 0.0023951601441814427
flux1:, 1.6244253212306967, -0.0001899113595655712, 0.0024330248199257495
flux1:, 1.6254076781013007, -9.613227764408583e-05, 0.0024195777696429522
flux1:, 1.6263900349719047, 0.0002964425113483974, 0.0020124845349715295
flux1:, 1.6273723918425085, -6.4367170151088625e-06, 0.0018892920893239854
flux1:, 1.6283547487131127, -0.0001767558259059652, 0.001990397797192326
flux1:, 1.6293371055837165, 0.00021428678218315484, 0.0017336810599172018
flux1:, 1.6303194624543205, 0.00015241863560654556, 0.0014872993492003833
flux1:, 1.6313018193249245, -0.00016112209725735926, 0.001576412830202054
flux1:, 1.6322841761955285, 9.061742797053496e-05, 0.001493124284780843
flux1:, 1.6332665330661325, 0.00024074762597413904, 0.0012173392426811918
flux1:, 1.6342488899367362, -7.19261786392417e-05, 0.0012146854833683528
flux1:, 1.6352312468073402, -1.8216511604001316e-05, 0.001252911907216787
flux1:, 1.6362136036779442, 0.00024624421972486104, 0.0010388501172297596
flux1:, 1.6371959605485482, 4.677108927745487e-05, 0.0009352956550387612
flux1:, 1.6381783174191522, -7.378670798695354e-05, 0.0010097427102526671
flux1:, 1.639160674289756, 0.000187677325010704, 0.0009028375001610425
flux1:, 1.64014303116036, 0.00014930884714823602, 0.0007441975405566831
flux1:, 1.641125388030964, -6.54184006795517e-05, 0.0007833681537876429
flux1:, 1.642107744901568, 0.00010177462392858048, 0.000773440455112765
flux1:, 1.643090101772172, 0.00020512729017670294, 0.0006229549440673723
flux1:, 1.6440724586427757, -7.875863745077688e-06, 0.0005972816763364358
flux1:, 1.6450548155133797, 2.6235249972483748e-05, 0.0006378215102536286
flux1:, 1.6460371723839837, 0.000206306450033191, 0.0005409530593091333
flux1:, 1.6470195292545877, 6.976728228142414e-05, 0.0004635090583715413
flux1:, 1.6480018861251917, -1.3632793948014296e-05, 0.0005027306958641278
flux1:, 1.6489842429957955, 0.00016512711513310367, 0.0004704516511090858
flux1:, 1.6499665998663995, 0.00013760284036373806, 0.0003777078067655717
flux1:, 1.6509489567370035, -1.0573483599238097e-05, 0.0003832936183084132
flux1:, 1.6519313136076075, 0.00010525217980670878, 0.0003963709670969529
flux1:, 1.6529136704782115, 0.00017518490768834305, 0.00032377725629138604
flux1:, 1.6538960273488152, 2.6443587338655383e-05, 0.0002915868728729748
flux1:, 1.6548783842194192, 5.139934267894267e-05, 0.0003177608501402015
flux1:, 1.6558607410900232, 0.00017614080845886868, 0.0002829329993956704
flux1:, 1.6568430979606272, 7.875635549136965e-05, 0.00023027300358356286
flux1:, 1.6578254548312312, 2.1197643885481073e-05, 0.00024270291407051976
flux1:, 1.658807811701835, 0.00014730862862242204, 0.0002417467193202499
flux1:, 1.659790168572439, 0.00012598842228377487, 0.00019264030226604441
flux1:, 1.660772525443043, 2.1001937308706488e-05, 0.00018079361551191856
flux1:, 1.661754882313647, 0.00010407548134125362, 0.00019579191341804228
flux1:, 1.662737239184251, 0.00015289959601721772, 0.00016717403307142775
flux1:, 1.6637195960548548, 4.587913039610498e-05, 0.00013718634959835954
flux1:, 1.6647019529254587, 6.400852335947021e-05, 0.0001484260546010426
flux1:, 1.6656843097960627, 0.00015350874658239232, 0.00014337221351570426
flux1:, 1.6666666666666667, 8.299861700638478e-05, 0.00011039838094420128
