flux1:, 1.1764705882352942, 0.00038434796172384466, 0.0003641788054090552
flux1:, 1.1774529451058982, 9.455079063569394e-05, 0.00042439065801479686
flux1:, 1.1784353019765021, 0.0001303513413631287, 1.4677734765220374e-05
flux1:, 1.179417658847106, 0.0004716474176907236, 0.0002217343875164252
flux1:, 1.18040001571771, 0.00024065127704606115, 0.0005741810634884474
flux1:, 1.181382372588314, 2.6535318081173772e-05, 0.00016510820500644684
flux1:, 1.182364729458918, 0.00046832390914342844, 5.2704115705855727e-05
flux1:, 1.183347086329522, 0.00048254821565041453, 0.0005924357072466083
flux1:, 1.1843294432001257, 1.1540339056797488e-05, 0.0004262624389554855
flux1:, 1.1853118000707297, 0.00033488065193541165, -2.6890875512245616e-05
flux1:, 1.1862941569413337, 0.000732965127161319, 0.0004427849315304716
flux1:, 1.1872765138119377, 0.00018559986891987764, 0.0006767671909685999
flux1:, 1.1882588706825417, 0.00012497635488577203, 7.120497739750204e-05
flux1:, 1.1892412275531457, 0.0008442940682215809, 0.00020212730241692578
flux1:, 1.1902235844237494, 0.0005586265205884501, 0.0007751776980868871
flux1:, 1.1912059412943534, -1.4045428420647854e-06, 0.00032118761337896417
flux1:, 1.1921882981649574, 0.0007202622567226679, 1.7759282187986727e-05
flux1:, 1.1931706550355614, 0.0009957732796453136, 0.0006765906852694367
flux1:, 1.1941530119061654, 0.00012358721012292476, 0.000597911259961986
flux1:, 1.1951353687767692, 0.0004194027130069078, -1.1069952148777405e-05
flux1:, 1.1961177256473732, 0.001290983533646183, 0.00045981632643864114
flux1:, 1.1971000825179772, 0.0005514776026031652, 0.0007886079577315663
flux1:, 1.1980824393885812, 0.00013868386945873847, 0.00010968720812971479
flux1:, 1.1990647962591852, 0.0012987323611321933, 0.00024038792635865182
flux1:, 1.200047153129789, 0.0011823961884440007, 0.0008719016524446112
flux1:, 1.201029510000393, 0.00011400027107843707, 0.00032616848246538703
flux1:, 1.202011866870997, 0.0010128672718335034, 8.391654394717226e-05
flux1:, 1.202994223741601, 0.0018071508501593231, 0.0008969717795970413
flux1:, 1.203976580612205, 0.0005271940594057331, 0.0006354706915593198
flux1:, 1.2049589374828087, 0.000587323273471146, 1.019351701510154e-05
flux1:, 1.2059412943534127, 0.0021567788379325665, 0.0008990496003552632
flux1:, 1.2069236512240167, 0.001412952836020322, 0.0011386692980631125
flux1:, 1.2079060080946207, 0.00034107126808076795, 0.00011401383523455609
flux1:, 1.2088883649652247, 0.0019654481301638136, 0.000820640949401221
flux1:, 1.2098707218358287, 0.0024642276853518675, 0.0019239280784743836
flux1:, 1.2108530787064324, 0.0006604075195893, 0.0007372682208856342
flux1:, 1.2118354355770364, 0.0012066118252708903, 0.0006065040156019837
flux1:, 1.2128177924476404, 0.0028687410992764904, 0.002630749232169381
flux1:, 1.2138001493182444, 0.0014894938863451097, 0.00216679558944905
flux1:, 1.2147825061888484, 0.0004511073492545198, 0.0006104742967296607
flux1:, 1.2157648630594522, 0.002137913889093656, 0.0024761488277011984
flux1:, 1.2167472199300562, 0.002037392585102266, 0.0036596081249056136
flux1:, 1.2177295768006602, 0.00027991120200515087, 0.0013777091849195501
flux1:, 1.2187119336712642, 0.001075602493002691, 0.0016311433582679117
flux1:, 1.2196942905418682, 0.001966956251403623, 0.004166270349590615
flux1:, 1.220676647412472, 0.0004901714418104624, 0.002734456058994964
flux1:, 1.221659004283076, 0.0004203511991477732, 0.0010750508713097968
flux1:, 1.22264136115368, 0.0016803308330946374, 0.0036876568883373886
flux1:, 1.223623718024284, 0.0007712255387349936, 0.004115656955720485
flux1:, 1.224606074894888, 0.00014963045557554158, 0.0013583630069420526
flux1:, 1.2255884317654917, 0.0014881815140086279, 0.0027756111179104703
flux1:, 1.2265707886360957, 0.0011220804711287577, 0.005115650153947748
flux1:, 1.2275531455066997, 7.974768066619011e-05, 0.002556677667635578
flux1:, 1.2285355023773037, 0.0014296649118226586, 0.0020151457486065946
flux1:, 1.2295178592479077, 0.0017048837279226826, 0.005544249464289762
flux1:, 1.2305002161185117, 0.00021094443948761513, 0.004537831341115071
flux1:, 1.2314825729891155, 0.0014225359171950156, 0.0019958341430745875
flux1:, 1.2324649298597194, 0.00271169149017606, 0.0054227735330696384
flux1:, 1.2334472867303234, 0.0008487815261191301, 0.0070681108987485555
flux1:, 1.2344296436009274, 0.001441416663917746, 0.0034023806104196285
flux1:, 1.2354120004715314, 0.004309532697034809, 0.005089345974715234
flux1:, 1.2363943573421352, 0.0027806422994929966, 0.009810672891676326
flux1:, 1.2373767142127392, 0.0018656323848742647, 0.007089422206095843
flux1:, 1.2383590710833432, 0.006583768830797128, 0.0055026443668437005
flux1:, 1.2393414279539472, 0.007501321115100114, 0.01211173539789829
flux1:, 1.2403237848245512, 0.004371276124581706, 0.013540882945830427
flux1:, 1.241306141695155, 0.009216226639939831, 0.008555135051442377
flux1:, 1.242288498565759, 0.015581480963585238, 0.01222320883198886
flux1:, 1.243270855436363, 0.011839090457428229, 0.018608539555559925
flux1:, 1.244253212306967, 0.010578822274552048, 0.013658949873942417
flux1:, 1.245235569177571, 0.018616708618462888, 0.008597690082077029
flux1:, 1.2462179260481747, 0.018464759450518915, 0.012939574390026862
flux1:, 1.2472002829187787, 0.010083160965585288, 0.012858066851298425
flux1:, 1.2481826397893827, 0.011768297350676088, 0.005543323757388541
flux1:, 1.2491649966599867, 0.016368967318894572, 0.004869720285905807
flux1:, 1.2501473535305907, 0.009941332803845859, 0.007981408915537976
flux1:, 1.2511297104011945, 0.006044262780871643, 0.004591806986082585
flux1:, 1.2521120672717985, 0.011400056695130776, 0.0016635735768730732
flux1:, 1.2530944241424025, 0.010064277062584684, 0.0042546081989958354
flux1:, 1.2540767810130065, 0.004062863955127338, 0.004084120812648608
flux1:, 1.2550591378836105, 0.007133077629025737, 0.0011993234832119812
flux1:, 1.2560414947542144, 0.009747500522528913, 0.002264768170618873
flux1:, 1.2570238516248182, 0.00432822713346939, 0.003525239312946892
flux1:, 1.2580062084954222, 0.004211887055370103, 0.0016017478823549623
flux1:, 1.2589885653660262, 0.008759398887683125, 0.0015044119352456329
flux1:, 1.2599709222366302, 0.00557800512619821, 0.0030124847846800806
flux1:, 1.2609532791072342, 0.002707605042843047, 0.0021171514715324627
flux1:, 1.261935635977838, 0.007217194501946455, 0.0014837929708087915
flux1:, 1.262917992848442, 0.006967633426392086, 0.0027137693433848527
flux1:, 1.263900349719046, 0.0025478609718603503, 0.002543690561878705
flux1:, 1.26488270658965, 0.005458126256650269, 0.0018356575735081527
flux1:, 1.265865063460254, 0.007935467743552476, 0.0027148437355077244
flux1:, 1.266847420330858, 0.0035118852268723566, 0.002923835327401178
flux1:, 1.2678297772014617, 0.003931983448251459, 0.002326081114445814
flux1:, 1.2688121340720657, 0.008179739864072387, 0.00299477137744511
flux1:, 1.2697944909426697, 0.0052179351927229825, 0.003382170937437494
flux1:, 1.2707768478132737, 0.003081758031610975, 0.0028612818818092626
flux1:, 1.2717592046838777, 0.007675176245579099, 0.0034587860960070735
flux1:, 1.2727415615544815, 0.007170499138822342, 0.00402338354911436
flux1:, 1.2737239184250855, 0.0032211931577282773, 0.0034736962337464433
flux1:, 1.2747062752956895, 0.006665378613356903, 0.004000895142725151
flux1:, 1.2756886321662935, 0.008862919275455582, 0.004874193348829025
flux1:, 1.2766709890368975, 0.004437608991720674, 0.004276732356466587
flux1:, 1.2776533459075012, 0.0056003576339119805, 0.004570935969491155
flux1:, 1.2786357027781052, 0.009907460803865814, 0.005872897436007008
flux1:, 1.2796180596487092, 0.006550938134969519, 0.0053951723511751265
flux1:, 1.2806004165193132, 0.005017241693567646, 0.005219753816975286
flux1:, 1.2815827733899172, 0.010153067293331541, 0.006906326481948844
flux1:, 1.282565130260521, 0.009149240761101799, 0.006892714871966657
flux1:, 1.283547487131125, 0.005386979597473668, 0.00610187280057455
flux1:, 1.284529844001729, 0.009749955930404291, 0.007880662051262402
flux1:, 1.285512200872333, 0.011700506598005127, 0.008724657119250192
flux1:, 1.286494557742937, 0.006967664072990983, 0.007429023048726312
flux1:, 1.2874769146135407, 0.00913168385387756, 0.00879888750000168
flux1:, 1.2884592714841447, 0.01371599567516019, 0.010739250990388683
flux1:, 1.2894416283547487, 0.009710975073872904, 0.009386943372700723
flux1:, 1.2904239852253527, 0.008908230724153775, 0.009810960604575425
flux1:, 1.2914063420959567, 0.01491955081942038, 0.01273590518380534
flux1:, 1.2923886989665605, 0.013258769402976388, 0.01204569804241392
flux1:, 1.2933710558371645, 0.00969254624352971, 0.011208046987320973
flux1:, 1.2943534127077685, 0.015368223749000797, 0.014566186750748838
flux1:, 1.2953357695783725, 0.017042714873349882, 0.015302874213876981
flux1:, 1.2963181264489765, 0.011909133053114664, 0.013350216744350598
flux1:, 1.2973004833195805, 0.015477706471716176, 0.01624216059625786
flux1:, 1.2982828401901843, 0.02046692939273883, 0.018893700639474223
flux1:, 1.2992651970607882, 0.015646870389744806, 0.016543572524630783
flux1:, 1.3002475539313922, 0.015931879222168793, 0.018005161598913525
flux1:, 1.3012299108019962, 0.023122004201171092, 0.022481066926223526
flux1:, 1.3022122676726002, 0.02061218757004509, 0.020908789323251624
flux1:, 1.303194624543204, 0.017493301287761144, 0.02031394188856999
flux1:, 1.304176981413808, 0.024960306070366353, 0.025806681133537998
flux1:, 1.305159338284412, 0.02621140894439924, 0.026297326426422997
flux1:, 1.306141695155016, 0.020769186357267842, 0.02373611889832709
flux1:, 1.30712405202562, 0.026366389390170615, 0.028853114539606158
flux1:, 1.308106408896224, 0.031748736556821415, 0.0323050674497595
flux1:, 1.3090887657668278, 0.02601127196212405, 0.028765051469691626
flux1:, 1.3100711226374318, 0.028085465262513862, 0.03194885496347753
flux1:, 1.3110534795080357, 0.03668211336278599, 0.03840338664390966
flux1:, 1.3120358363786397, 0.033026373497382425, 0.03562258010409319
flux1:, 1.3130181932492437, 0.031020788168112476, 0.035755917755196626
flux1:, 1.3140005501198475, 0.04084980044476215, 0.04416156249420414
flux1:, 1.3149829069904515, 0.0412432084611307, 0.044129919268785824
flux1:, 1.3159652638610555, 0.03596246708846938, 0.041115336895748276
flux1:, 1.3169476207316595, 0.04458017468254799, 0.04948788248552128
flux1:, 1.3179299776022635, 0.049927029330434476, 0.05372063970550339
flux1:, 1.3189123344728673, 0.043346062243519924, 0.04878185870987666
flux1:, 1.3198946913434713, 0.04863172235530458, 0.054789825387080125
flux1:, 1.3208770482140753, 0.05847390693092591, 0.06362687156663308
flux1:, 1.3218594050846793, 0.053142299312470734, 0.05913656925122151
flux1:, 1.3228417619552832, 0.05397261304778103, 0.0609633016780241
flux1:, 1.323824118825887, 0.06667407765418697, 0.07320198179526576
flux1:, 1.324806475696491, 0.06494210686373839, 0.0720009929123849
flux1:, 1.325788832567095, 0.06148052866523627, 0.06917303800493527
flux1:, 1.326771189437699, 0.07482906745574493, 0.08227223577763443
flux1:, 1.327753546308303, 0.07823158468753667, 0.08666815572576574
flux1:, 1.3287359031789068, 0.07169849903619294, 0.0804712998256692
flux1:, 1.3297182600495108, 0.0836500143561583, 0.09136494513833145
flux1:, 1.3307006169201148, 0.09277163570333237, 0.10220790933645632
flux1:, 1.3316829737907188, 0.08480060305242461, 0.09539725857102696
flux1:, 1.3326653306613228, 0.09394838763518475, 0.10166642043447552
flux1:, 1.3336476875319265, 0.10893709484652797, 0.1180067602232461
flux1:, 1.3346300444025305, 0.10089937686230681, 0.11377816406047946
flux1:, 1.3356124012731345, 0.1062358107710388, 0.11463196799210953
flux1:, 1.3365947581437385, 0.1278582953066426, 0.1343952630196171
flux1:, 1.3375771150143425, 0.12079559228153942, 0.13500747566874993
flux1:, 1.3385594718849465, 0.12046011445272102, 0.13130083294510786
flux1:, 1.3395418287555503, 0.15125911626077201, 0.15313646097132624
flux1:, 1.3405241856261543, 0.1473313827065502, 0.15915842496167962
flux1:, 1.3415065424967583, 0.13625261019664597, 0.1515721845420103
flux1:, 1.3424888993673623, 0.18099889426116275, 0.17753152418369955
flux1:, 1.3434712562379663, 0.18797520853180702, 0.18967037526697023
flux1:, 1.34445361310857, 0.15450744544901734, 0.1741324118705615
flux1:, 1.345435969979174, 0.2185063472694212, 0.21196939868512382
flux1:, 1.346418326849778, 0.26145336583485795, 0.24024243743966606
flux1:, 1.347400683720382, 0.18335612085969835, 0.1995211975765594
flux1:, 1.348383040590986, 0.2647107551885664, 0.260986444819102
flux1:, 1.34936539746159, 0.42295704190585903, 0.35938998533289396
flux1:, 1.3503477543321938, 0.2668346783373666, 0.25135503619280947
flux1:, 1.3513301112027978, 0.323589405831375, 0.3293652613110347
flux1:, 1.3523124680734018, 0.9192535566687982, 0.7783737894293585
flux1:, 1.3532948249440058, 0.732208017784962, 0.588023071390928
flux1:, 1.3542771818146098, 0.45360736175749783, 0.4538688218091673
flux1:, 1.3552595386852135, 4.8471319666695765, 4.4970435319569635
flux1:, 1.3562418955558175, 14.557376842578524, 13.604580765838119
flux1:, 1.3572242524264215, 20.549850823837325, 20.02451345920229
flux1:, 1.3582066092970255, 15.562394534353887, 16.307615230307665
flux1:, 1.3591889661676295, 5.598977436083907, 6.682110044406012
flux1:, 1.3601713230382333, 0.738890175511537, 1.0833926822385167
flux1:, 1.3611536799088373, 1.2048048700998126, 1.3348410876549035
flux1:, 1.3621360367794413, 1.4636754038723354, 1.9962992555075185
flux1:, 1.3631183936500453, 0.6119834522284927, 1.0161642686945282
flux1:, 1.3641007505206493, 0.5969734437173361, 0.6819014861043277
flux1:, 1.365083107391253, 0.8927555523076444, 1.2445168564795055
flux1:, 1.366065464261857, 0.6060386559630415, 1.09635464859734
flux1:, 1.367047821132461, 0.507052153190696, 0.6554579559862769
flux1:, 1.368030178003065, 0.7231815143242505, 0.9517816897761012
flux1:, 1.369012534873669, 0.6210290678398449, 1.1895463353019198
flux1:, 1.3699948917442728, 0.5114363278440271, 0.8203578361661995
flux1:, 1.3709772486148768, 0.6737407024430054, 0.8195758391298182
flux1:, 1.3719596054854808, 0.6515070518281415, 1.2739427455458676
flux1:, 1.3729419623560848, 0.5390386964279041, 1.1388805211845878
flux1:, 1.3739243192266888, 0.6692929977541906, 0.8178304823929504
flux1:, 1.3749066760972926, 0.7081374129709808, 1.3621402262313964
flux1:, 1.3758890329678966, 0.612275455377105, 1.7733043895270733
flux1:, 1.3768713898385005, 0.6846089201547014, 1.0977720847034502
flux1:, 1.3778537467091045, 0.8360637352979249, 1.589218418855268
flux1:, 1.3788361035797085, 1.8754814397068533, 5.098353412000889
flux1:, 1.3798184604503125, 4.935828707488666, 8.414185420777128
flux1:, 1.3808008173209163, 7.807986761854035, 7.396724760834736
flux1:, 1.3817831741915203, 6.743488813990102, 3.4998264393150555
flux1:, 1.3827655310621243, 2.958157938247392, 1.1095732457976275
flux1:, 1.3837478879327283, 1.1098691850762916, 0.998577467585373
flux1:, 1.3847302448033323, 1.7310404275314026, 1.1051939984498844
flux1:, 1.3857126016739363, 1.8787185669639446, 0.9269234160242841
flux1:, 1.38669495854454, 1.257599653025029, 1.0948291575880391
flux1:, 1.387677315415144, 1.3806865469016054, 1.2643769599556265
flux1:, 1.388659672285748, 1.7247626002714778, 1.1370322748602661
flux1:, 1.389642029156352, 1.4563212549546811, 1.199277658706094
flux1:, 1.390624386026956, 1.372810065518871, 1.4231454316458811
flux1:, 1.3916067428975598, 1.6994573111389328, 1.3853567858357232
flux1:, 1.3925890997681638, 1.6611786027432192, 1.3489202120274941
flux1:, 1.3935714566387678, 1.4914979900201546, 1.5555809823936504
flux1:, 1.3945538135093718, 1.722471549261287, 1.6283882987576048
flux1:, 1.3955361703799758, 1.8501311024337217, 1.5506878205994457
flux1:, 1.3965185272505796, 1.6853061546274137, 1.6847896376987401
flux1:, 1.3975008841211836, 1.7874646557222853, 1.845833183591885
flux1:, 1.3984832409917876, 2.009799446992782, 1.7926726109389175
flux1:, 1.3994655978623916, 1.920973638450203, 1.8346892999001336
flux1:, 1.4004479547329955, 1.902250410988199, 2.030452422297299
flux1:, 1.4014303116035993, 2.13816050751349, 2.0500356319343678
flux1:, 1.4024126684742033, 2.1642661124522142, 2.0198036321212687
flux1:, 1.4033950253448073, 2.070183762338125, 2.187712456558077
flux1:, 1.4043773822154113, 2.245430313344119, 2.2928840270585638
flux1:, 1.4053597390860153, 2.3819131257816575, 2.238770299411176
flux1:, 1.406342095956619, 2.2806167724630675, 2.332128040274807
flux1:, 1.407324452827223, 2.350016382779986, 2.495984420173429
flux1:, 1.408306809697827, 2.5497549236115225, 2.4726219335554727
flux1:, 1.409289166568431, 2.5065973481956783, 2.4793062027593393
flux1:, 1.410271523439035, 2.4696664033651956, 2.6472119547404387
flux1:, 1.4112538803096388, 2.6604435835713374, 2.690003100885294
flux1:, 1.4122362371802428, 2.7109153849783287, 2.636379804088964
flux1:, 1.4132185940508468, 2.611101294901933, 2.750799517974305
flux1:, 1.4142009509214508, 2.725387926902237, 2.858669651924281
flux1:, 1.4151833077920548, 2.8589852632175976, 2.7956480449512395
flux1:, 1.4161656646626586, 2.7636269641310776, 2.8231233016308765
flux1:, 1.4171480215332626, 2.768341997715792, 2.95879208438766
flux1:, 1.4181303784038666, 2.933003395756547, 2.9357592711488745
flux1:, 1.4191127352744706, 2.90143790664411, 2.882612806444054
flux1:, 1.4200950921450746, 2.812823788355603, 2.991428343358121
flux1:, 1.4210774490156786, 2.9398384127462083, 3.031087197557642
flux1:, 1.4220598058862823, 2.9949413053464267, 2.9391984224205814
flux1:, 1.4230421627568863, 2.869890832901304, 2.977317465985838
flux1:, 1.4240245196274903, 2.9076988620502187, 3.064914705464761
flux1:, 1.4250068764980943, 3.025789403710755, 2.989514566124357
flux1:, 1.4259892333686983, 2.9333255710000756, 2.946465453598835
flux1:, 1.4269715902393023, 2.872887319314041, 3.039225632624768
flux1:, 1.427953947109906, 2.9974805065017835, 3.02074189670816
flux1:, 1.42893630398051, 2.985087022625865, 2.9243686312208195
flux1:, 1.429918660851114, 2.863724705338962, 2.9756254165960225
flux1:, 1.430901017721718, 2.935664822390305, 3.0206644443161768
flux1:, 1.431883374592322, 3.007777975771352, 2.9223680269912937
flux1:, 1.4328657314629258, 2.8900412140721756, 2.907007538165452
flux1:, 1.4338480883335298, 2.8780680915635624, 2.987927694506654
flux1:, 1.4348304452041338, 2.9970130696762998, 2.93670527951344
flux1:, 1.4358128020747378, 2.9430020094950264, 2.864531637809345
flux1:, 1.4367951589453418, 2.8593245061324697, 2.9367119343847334
flux1:, 1.4377775158159456, 2.9670471777576064, 2.9557383795670202
flux1:, 1.4387598726865496, 3.0042903895450777, 2.8664224816588053
flux1:, 1.4397422295571536, 2.898054179356477, 2.8933631031518554
flux1:, 1.4407245864277576, 2.9468708082539252, 2.9706751061610035
flux1:, 1.4417069432983616, 3.0591968396429268, 2.913578250229019
flux1:, 1.4426893001689653, 2.9918391198258467, 2.886677032124441
flux1:, 1.4436716570395693, 2.968714680927249, 2.9838990282659412
flux1:, 1.4446540139101733, 3.106777894114452, 2.993377235021674
flux1:, 1.4456363707807773, 3.1217821612750978, 2.9364779597147113
flux1:, 1.4466187276513813, 3.0543530551024163, 3.010523488354078
flux1:, 1.447601084521985, 3.161991900343854, 3.0892318537101686
flux1:, 1.448583441392589, 3.2639712945188983, 3.045849538703725
flux1:, 1.449565798263193, 3.2055821286612236, 3.0722093534493258
flux1:, 1.450548155133797, 3.248601401620997, 3.190840745554307
flux1:, 1.451530512004401, 3.4020553786682965, 3.200741727636504
flux1:, 1.4525128688750049, 3.4034846530877245, 3.186139171085424
flux1:, 1.4534952257456089, 3.386171675722035, 3.299724520240389
flux1:, 1.4544775826162128, 3.5345179360862673, 3.377248726703554
flux1:, 1.4554599394868168, 3.6170736613923147, 3.3547921631291175
flux1:, 1.4564422963574208, 3.577833022902025, 3.4268975208679353
flux1:, 1.4574246532280246, 3.6727392465223256, 3.552929248554881
flux1:, 1.4584070100986286, 3.817133904995164, 3.5622982508617422
flux1:, 1.4593893669692326, 3.8057010854502877, 3.5837903424057598
flux1:, 1.4603717238398366, 3.830895893978066, 3.716100172425334
flux1:, 1.4613540807104406, 3.987998203617612, 3.7799798188342297
flux1:, 1.4623364375810444, 4.037092439960302, 3.771744494187513
flux1:, 1.4633187944516486, 4.013712071772189, 3.8679063567936813
flux1:, 1.4643011513222524, 4.130896610432109, 3.978432885483352
flux1:, 1.4652835081928564, 4.238460037487161, 3.976749193654663
flux1:, 1.4662658650634603, 4.209716985055572, 4.016253747427774
flux1:, 1.4672482219340643, 4.257522787971857, 4.13933938456289
flux1:, 1.4682305788046683, 4.389170620500929, 4.173078130994173
flux1:, 1.4692129356752721, 4.394293693981672, 4.16586292676844
flux1:, 1.470195292545876, 4.378520093510914, 4.260281880074881
flux1:, 1.47117764941648, 4.487448060631036, 4.33377187500252
flux1:, 1.472160006287084, 4.540455842034885, 4.311048895165564
flux1:, 1.473142363157688, 4.4943749982679515, 4.350380933426026
flux1:, 1.4741247200282919, 4.546018931560111, 4.441558732927083
flux1:, 1.4751070768988959, 4.630544088525289, 4.435615380098213
flux1:, 1.4760894337694999, 4.593823736621871, 4.420293853609591
flux1:, 1.4770717906401039, 4.581298979579902, 4.493902833382914
flux1:, 1.4780541475107078, 4.662139513153369, 4.519329907425757
flux1:, 1.4790365043813116, 4.659523618005355, 4.472971596813231
flux1:, 1.4800188612519156, 4.6029450996186405, 4.4999311472086605
flux1:, 1.4810012181225196, 4.645719046766746, 4.54651280399333
flux1:, 1.4819835749931236, 4.676476070810657, 4.500166565045485
flux1:, 1.4829659318637276, 4.608967249002075, 4.471823106016542
flux1:, 1.4839482887343314, 4.596446141342619, 4.511673353379677
flux1:, 1.4849306456049354, 4.637971471764037, 4.485777350478945
flux1:, 1.4859130024755394, 4.587440567323277, 4.4158903495322095
flux1:, 1.4868953593461434, 4.524970707675504, 4.419512053468853
flux1:, 1.4878777162167474, 4.546220194034993, 4.413486593890992
flux1:, 1.4888600730873511, 4.522286974847911, 4.328163501374312
flux1:, 1.4898424299579551, 4.431539249838403, 4.280019201528347
flux1:, 1.4908247868285591, 4.408248426845263, 4.2744474060078925
flux1:, 1.4918071436991631, 4.399513134034467, 4.196655751301436
flux1:, 1.4927895005697671, 4.305452045229994, 4.101940443083404
flux1:, 1.4937718574403709, 4.230101895987374, 4.071129369006606
flux1:, 1.4947542143109749, 4.211614340576382, 4.0088452864041075
flux1:, 1.4957365711815789, 4.129794213551121, 3.888491076835283
flux1:, 1.4967189280521829, 4.012959581267429, 3.815447906828122
flux1:, 1.4977012849227869, 3.9597244626960157, 3.7597886059328007
flux1:, 1.4986836417933906, 3.889946801604096, 3.6376804988313696
flux1:, 1.4996659986639946, 3.753478623970055, 3.5226374921521924
flux1:, 1.5006483555345986, 3.6534869479306242, 3.455913191087024
flux1:, 1.5016307124052026, 3.5825555491706926, 3.3467568567693275
flux1:, 1.5026130692758066, 3.448276513308039, 3.2053617380208324
flux1:, 1.5035954261464104, 3.3083008944695362, 3.1130679721927836
flux1:, 1.5045777830170146, 3.219908698377601, 3.017872648524631
flux1:, 1.5055601398876184, 3.099935629982379, 2.872060597683641
flux1:, 1.5065424967582224, 2.9410252100961074, 2.751460277465476
flux1:, 1.5075248536288264, 2.826589798503211, 2.6615398358980333
flux1:, 1.5085072104994304, 2.720680707123811, 2.5294009762848413
flux1:, 1.5094895673700344, 2.5668937466480832, 2.3906287701761446
flux1:, 1.5104719242406381, 2.430759433326588, 2.2958104052001223
flux1:, 1.5114542811112421, 2.331153072486886, 2.185533549093221
flux1:, 1.5124366379818461, 2.199008999137805, 2.0459874472623167
flux1:, 1.5134189948524501, 2.055729362656637, 1.9416002612588148
flux1:, 1.5144013517230541, 1.954905244715232, 1.8513239270612343
flux1:, 1.515383708593658, 1.8490862332630498, 1.7274743080355794
flux1:, 1.516366065464262, 1.7158196676740012, 1.6168077747046077
flux1:, 1.5173484223348659, 1.611850189433235, 1.5389861417519044
flux1:, 1.5183307792054699, 1.5275858648231124, 1.44017488844538
flux1:, 1.5193131360760739, 1.4167778478349082, 1.3322738432275785
flux1:, 1.5202954929466777, 1.313969156263236, 1.2593180886634354
flux1:, 1.5212778498172816, 1.2427821068316294, 1.1860060499600034
flux1:, 1.5222602066878856, 1.1586653786079861, 1.091029014882862
flux1:, 1.5232425635584896, 1.0645918706899173, 1.0192234814950751
flux1:, 1.5242249204290936, 0.999543537618683, 0.9652993804858638
flux1:, 1.5252072772996974, 0.938915770860123, 0.8902193746706534
flux1:, 1.5261896341703014, 0.8604529329289757, 0.8206207052466546
flux1:, 1.5271719910409054, 0.7987186334691824, 0.777621627733425
flux1:, 1.5281543479115094, 0.7543068387584945, 0.7240735508339516
flux1:, 1.5291367047821134, 0.6948241130273426, 0.6608950597579384
flux1:, 1.5301190616527172, 0.6374696509090291, 0.6218550034933494
flux1:, 1.5311014185233212, 0.6016960598752351, 0.5864669927851105
flux1:, 1.5320837753939252, 0.5602908552126484, 0.5343842284065928
flux1:, 1.5330661322645291, 0.5103608400375628, 0.4959383084826505
flux1:, 1.5340484891351331, 0.47796488294942147, 0.4723948322745467
flux1:, 1.535030846005737, 0.4504783233645021, 0.4341941611238255
flux1:, 1.536013202876341, 0.41076896939953317, 0.39668031043664004
flux1:, 1.536995559746945, 0.37971731849039475, 0.37834611388387895
flux1:, 1.537977916617549, 0.36067348103666574, 0.3537765735587769
flux1:, 1.538960273488153, 0.33219792474051013, 0.319875742860669
flux1:, 1.5399426303587567, 0.3031139211181032, 0.30193841372823754
flux1:, 1.5409249872293607, 0.2876461241968994, 0.2879463799605709
flux1:, 1.5419073440999647, 0.26921117524841415, 0.2607474744774354
flux1:, 1.5428897009705687, 0.2439913455827171, 0.24126039134299845
flux1:, 1.5438720578411727, 0.22908188644874375, 0.23325013535328531
flux1:, 1.5448544147117764, 0.21785789581535497, 0.21458628539649904
flux1:, 1.5458367715823806, 0.19822332007324686, 0.1942939860934069
flux1:, 1.5468191284529844, 0.18299443536761928, 0.18777396469173063
flux1:, 1.5478014853235884, 0.17562102763549103, 0.17738609896745025
flux1:, 1.5487838421941924, 0.16216408150351797, 0.15863728718125833
flux1:, 1.5497661990647964, 0.14735447094813556, 0.15059530351487246
flux1:, 1.5507485559354004, 0.14103454806128857, 0.14627875726625475
flux1:, 1.5517309128060042, 0.13299262499255132, 0.1315804956810081
flux1:, 1.5527132696766082, 0.12001386394028433, 0.12113257818178184
flux1:, 1.5536956265472122, 0.11317883933949617, 0.11964644549682756
flux1:, 1.5546779834178162, 0.10883409892924037, 0.11044271042019946
flux1:, 1.5556603402884202, 0.09886269805112255, 0.09862581813722746
flux1:, 1.556642697159024, 0.09125209839631225, 0.09690355021703224
flux1:, 1.557625054029628, 0.08863810783926752, 0.09299064749974169
flux1:, 1.558607410900232, 0.08207544186143494, 0.08189654612401355
flux1:, 1.559589767770836, 0.07434018584637596, 0.07805172731365423
flux1:, 1.56057212464144, 0.07189320935911152, 0.0777511072004475
flux1:, 1.5615544815120437, 0.06829871094010552, 0.06941468529158548
flux1:, 1.5625368383826477, 0.06140111123638142, 0.06318081024932473
flux1:, 1.5635191952532517, 0.05830886548335726, 0.06409159331925338
flux1:, 1.5645015521238557, 0.05669452394903348, 0.059585552893248545
flux1:, 1.5654839089944597, 0.05138999507929718, 0.05208970948143464
flux1:, 1.5664662658650634, 0.04758256812551773, 0.05204736405958766
flux1:, 1.5674486227356674, 0.046840643743510574, 0.05110096089482273
flux1:, 1.5684309796062714, 0.04341234297257874, 0.04413927459046264
flux1:, 1.5694133364768754, 0.03930609951224296, 0.04197459751276351
flux1:, 1.5703956933474794, 0.038557222266762566, 0.043195399162205377
flux1:, 1.5713780502180832, 0.03681620906203953, 0.038351952466330476
flux1:, 1.5723604070886872, 0.032989849634036825, 0.034169973288332246
flux1:, 1.5733427639592912, 0.031746216937470845, 0.035704820779285995
flux1:, 1.5743251208298952, 0.031194453532249648, 0.03368037570323633
flux1:, 1.5753074777004992, 0.02813837425055007, 0.028598640897351344
flux1:, 1.576289834571103, 0.02629728366502013, 0.028914214806868885
flux1:, 1.577272191441707, 0.02632646915948897, 0.02931162832028124
flux1:, 1.578254548312311, 0.02431354635541747, 0.024820747035870838
flux1:, 1.579236905182915, 0.022060193253602353, 0.023266260174390194
flux1:, 1.580219262053519, 0.022110481889218634, 0.02487179240390764
flux1:, 1.5812016189241227, 0.021161326584449927, 0.02212354330051339
flux1:, 1.5821839757947267, 0.018848379818258005, 0.019057254357445274
flux1:, 1.5831663326653307, 0.01851660246219068, 0.020444988495484907
flux1:, 1.5841486895359347, 0.018418140696926846, 0.019781324478240596
flux1:, 1.5851310464065387, 0.016442986450869185, 0.016248716150620242
flux1:, 1.5861134032771425, 0.015553907725744252, 0.016406219712178583
flux1:, 1.5870957601477467, 0.015920110687311584, 0.01731173075966111
flux1:, 1.5880781170183504, 0.01459800207941885, 0.014467849385656944
flux1:, 1.5890604738889544, 0.013230424949715373, 0.013155712601557644
flux1:, 1.5900428307595584, 0.013613009891685979, 0.014603624242611439
flux1:, 1.5910251876301624, 0.01306612834844871, 0.013175908981404881
flux1:, 1.5920075445007664, 0.011505843938306204, 0.010888882684761986
flux1:, 1.5929899013713702, 0.011538223833193357, 0.01186461156600055
flux1:, 1.5939722582419742, 0.011648722986545863, 0.011899176745090962
flux1:, 1.5949546151125782, 0.01026417942274099, 0.009507561980837066
flux1:, 1.5959369719831822, 0.009781600457561221, 0.009436797367227601
flux1:, 1.5969193288537862, 0.010242360203652958, 0.010396867197228083
flux1:, 1.59790168572439, 0.009330394163794416, 0.008690415530443274
flux1:, 1.598884042594994, 0.00840597041058794, 0.007592147953617445
flux1:, 1.599866399465598, 0.008848608066135888, 0.008694909136621869
flux1:, 1.600848756336202, 0.008522911855621306, 0.008055112592249801
flux1:, 1.601831113206806, 0.00740492122963697, 0.006407288278425174
flux1:, 1.6028134700774097, 0.007540115238435662, 0.006998186472174473
flux1:, 1.6037958269480137, 0.0077086443859812415, 0.007315295487949578
flux1:, 1.6047781838186177, 0.006698824586587926, 0.005754748186797665
flux1:, 1.6057605406892217, 0.006405665118183652, 0.005548884813149768
flux1:, 1.6067428975598257, 0.006831396192413503, 0.006363860311457147
flux1:, 1.6077252544304295, 0.006165204063706375, 0.005384865330827973
flux1:, 1.6087076113010335, 0.0055036614927446515, 0.0045040531142531166
flux1:, 1.6096899681716375, 0.005907073846867241, 0.005265485725685149
flux1:, 1.6106723250422414, 0.005680434025340187, 0.005041676219739539
flux1:, 1.6116546819128454, 0.004839997945088095, 0.003877359830574077
flux1:, 1.6126370387834492, 0.004997237409890415, 0.004183033222224248
flux1:, 1.6136193956540532, 0.005153423608599859, 0.004558135957205193
flux1:, 1.6146017525246572, 0.004369846258265111, 0.0035532189652581992
flux1:, 1.6155841093952612, 0.004176624492141992, 0.0032818397660359625
flux1:, 1.6165664662658652, 0.004543332266803669, 0.0038975266023396314
flux1:, 1.617548823136469, 0.00401478751413691, 0.0033520656017840245
flux1:, 1.618531180007073, 0.0035051238044993536, 0.0026543470759003073
flux1:, 1.619513536877677, 0.003861760425767613, 0.003135614145995964
flux1:, 1.620495893748281, 0.0036867419280438786, 0.003110413645049439
flux1:, 1.621478250618885, 0.0030086370925771944, 0.00229109268058659
flux1:, 1.6224606074894887, 0.003162444061577196, 0.0024021025841904596
flux1:, 1.6234429643600927, 0.003312941093111148, 0.0027402576640851548
flux1:, 1.6244253212306967, 0.002670588309502014, 0.002100811503290737
flux1:, 1.6254076781013007, 0.002520977376424465, 0.0018128545397184902
flux1:, 1.6263900349719047, 0.0028573015226176285, 0.0022469593168791863
flux1:, 1.6273723918425085, 0.0024359014791682622, 0.00196157821999604
flux1:, 1.6283547487131127, 0.002007644233139432, 0.0014224943810674604
flux1:, 1.6293371055837165, 0.0023323438257431823, 0.0017058901836862644
flux1:, 1.6303194624543205, 0.002228628691848251, 0.0017750378238674187
flux1:, 1.6313018193249245, 0.0016599219224708991, 0.0012127049414803997
flux1:, 1.6322841761955285, 0.0017951939603579072, 0.0012157251234934825
flux1:, 1.6332665330661325, 0.0019801037945544873, 0.001500123118315978
flux1:, 1.6342488899367362, 0.0014652835450840404, 0.0011130781596380168
flux1:, 1.6352312468073402, 0.0013251550092816837, 0.0008524423745769497
flux1:, 1.6362136036779442, 0.001657559923224891, 0.0011568021633159282
flux1:, 1.6371959605485482, 0.0013643288540607968, 0.0010385588193855427
flux1:, 1.6381783174191522, 0.0009892926139133589, 0.0006420693623222616
flux1:, 1.639160674289756, 0.0012790882777443471, 0.0008050664033834693
flux1:, 1.64014303116036, 0.0012760242613521278, 0.0009250885322714923
flux1:, 1.641125388030964, 0.0008111917159654402, 0.000558332052426067
flux1:, 1.642107744901568, 0.000905032971911462, 0.0005124172253002268
flux1:, 1.643090101772172, 0.0011345165855865633, 0.0007504932443191627
flux1:, 1.6440724586427757, 0.0007592648817134538, 0.0005409852800139679
flux1:, 1.6450548155133797, 0.000607904104553547, 0.0003238570653935964
flux1:, 1.6460371723839837, 0.0009188882631727385, 0.0005355197494832286
flux1:, 1.6470195292545877, 0.0007619843811054976, 0.0005247044343847268
flux1:, 1.6480018861251917, 0.0004355837540689542, 0.0002450460847373166
flux1:, 1.6489842429957955, 0.0006597172692761042, 0.00032715384826833497
flux1:, 1.6499665998663995, 0.0007427645374048177, 0.00046624442912481526
flux1:, 1.6509489567370035, 0.00038751223878522094, 0.00024392334702408793
flux1:, 1.6519313136076075, 0.000418857331757722, 0.00017254058464460486
flux1:, 1.6529136704782115, 0.0006558347583040543, 0.00035874734798834466
flux1:, 1.6538960273488152, 0.0004167608942833101, 0.0002688646684133824
flux1:, 1.6548783842194192, 0.0002541872699864203, 9.578586166842543e-05
flux1:, 1.6558607410900232, 0.0005037875757413336, 0.0002276431103740367
flux1:, 1.6568430979606272, 0.00045594605091391397, 0.0002738725834010515
flux1:, 1.6578254548312312, 0.00018954244859672594, 8.86716469021177e-05
flux1:, 1.658807811701835, 0.0003285795256542738, 0.0001117192940184755
flux1:, 1.659790168572439, 0.0004511577194691431, 0.0002377271566757369
flux1:, 1.660772525443043, 0.00020590109042813395, 0.00011871485656977254
flux1:, 1.661754882313647, 0.00018363678428489973, 4.074536651281934e-05
flux1:, 1.662737239184251, 0.0003846314186606853, 0.00016798165774886185
flux1:, 1.6637195960548548, 0.0002560180516635552, 0.00014809251283446815
flux1:, 1.6647019529254587, 0.00010471683736120264, 2.1876563100536636e-05
flux1:, 1.6656843097960627, 0.00027567666266911536, 9.015169229206593e-05
flux1:, 1.6666666666666667, 0.00029095989086112996, 0.00015164801016824306
