flux1:, 1.1764705882352942, 0.00114064478466004, 0.0004703067864192358, -0.010858216800606271, -0.06642990437969652, 0.032622472451928314
flux1:, 1.1774529451058982, 0.001208464991832146, 0.0004857598940979559, -0.011536901530915999, -0.06689757228348892, 0.03319661804974725
flux1:, 1.1784353019765021, 0.0012785717078321746, 0.0005031562008661737, -0.012294609658561233, -0.06741171784855454, 0.033799799045847956
flux1:, 1.179417658847106, 0.0013509893040029213, 0.0005225878564612732, -0.013133853753663622, -0.06797975255437883, 0.0344343381088279
flux1:, 1.18040001571771, 0.0014257389314009015, 0.0005441480206603626, -0.014056675490817698, -0.06860978597675083, 0.03510279652464771
flux1:, 1.181382372588314, 0.0015028382630547915, 0.0005679306638866401, -0.015064575865634252, -0.0693106600006446, 0.03580799676122745
flux1:, 1.182364729458918, 0.0015823012285356888, 0.0005940303516257263, -0.016158442232843177, -0.07009198278434284, 0.03655304664123877
flux1:, 1.183347086329522, 0.0016641377410890532, 0.0006225420122692322, -0.017338472367710946, -0.0709641623293549, 0.03734136519351112
flux1:, 1.1843294432001257, 0.0017483534175794493, 0.0006535606880311652, -0.018604095787126608, -0.07193843950808376, 0.03817671025369067
flux1:, 1.1853118000707297, 0.0018349492915783043, 0.0006871812686336248, -0.01995389260375743, -0.07302692039921042, 0.03906320788515686
flux1:, 1.1862941569413337, 0.0019239215199229498, 0.0007234982074696112, -0.021385510223106755, -0.07424260777992076, 0.040005383690688776
flux1:, 1.1872765138119377, 0.00201526108315182, 0.0007626052200300744, -0.02289557823119753, -0.07559943162510037, 0.04100819608544462
flux1:, 1.1882588706825417, 0.002108953480240587, 0.0008045949643997346, -0.024479621857970188, -0.07711227846531342, 0.04207707160100017
flux1:, 1.1892412275531457, 0.0022049784181149687, 0.0008495587036959123, -0.026131974439204474, -0.07879701945910937, 0.043217942289632445
flux1:, 1.1902235844237494, 0.002303309496463862, 0.0008975859503713488, -0.027845689336672932, -0.08067053704020727, 0.04443728529704302
flux1:, 1.1912059412943534, 0.0024039138884231932, 0.0009487640923663281, -0.02961245181296003, -0.08275075000696616, 0.04574216467061218
flux1:, 1.1921882981649574, 0.002506752017740236, 0.0010031780011562567, -0.0314224913922945, -0.08505663692983911, 0.04714027546885029
flux1:, 1.1931706550355614, 0.002611777233094137, 0.001060909621809518, -0.03326449527297405, -0.0876082577630906, 0.04863999023623892
flux1:, 1.1941530119061654, 0.0027189354802786, 0.0011220375452432579, -0.03512552338854367, -0.09042677355896248, 0.050250407905725436
flux1:, 1.1951353687767692, 0.002828164973025042, 0.0011866365629389815, -0.03699092574530724, -0.093534464196642, 0.05198140518941706
flux1:, 1.1961177256473732, 0.0029393958632808964, 0.0012547772044619915, -0.03884426269018886, -0.09695474405444698, 0.0538436905156159
flux1:, 1.1971000825179772, 0.003052549911821813, 0.0013265252582129797, -0.040667228787688366, -0.10071217557134579, 0.055848860567830214
flux1:, 1.1980824393885812, 0.0031675401601286273, 0.0014019412759283775, -0.042439581005068214, -0.1048324806643095, 0.05800945947967777
flux1:, 1.1990647962591852, 0.0032842706045098655, 0.0014810800615338922, -0.04413907192149637, -0.10934254998931796, 0.060339040735463256
flux1:, 1.200047153129789, 0.0034026358735202472, 0.0015639901450667214, -0.04574138868954498, -0.11427045005811039, 0.06285223182480035
flux1:, 1.201029510000393, 0.0035225209097671725, 0.0016507132424567867, -0.04722009848515115, -0.11964542824817831, 0.06556480169563315
flux1:, 1.202011866870997, 0.0036438006572667102, 0.0017412837020982306, -0.0485466011839665, -0.12549791577128921, 0.06849373104739409
flux1:, 1.202994223741601, 0.0037663397555622426, 0.0018357279392051758, -0.049690089999900496, -0.1318595286947831, 0.071657285502396
flux1:, 1.203976580612205, 0.003889992241872729, 0.0019340638590942456, -0.050617520811411805, -0.13876306714098935, 0.07507509169049711
flux1:, 1.2049589374828087, 0.004014601262618679, 0.0020363002706440658, -0.05129359088658973, -0.14624251282274817, 0.07876821627876145
flux1:, 1.2059412943534127, 0.004139998795689705, 0.0021424362912680186, -0.0516807276949854, -0.15433302510628505, 0.08275924797373194
flux1:, 1.2069236512240167, 0.00426600538492478, 0.0022524607449090246, -0.051739088465210525, -0.16307093582830198, 0.08707238252127299
flux1:, 1.2079060080946207, 0.004392429888290784, 0.002366351554636731, -0.05142657111071024, -0.17249374312990326, 0.09173351072485503
flux1:, 1.2088883649652247, 0.004519069241333043, 0.0024840751315923534, -0.05069883710128964, -0.18264010460692504, 0.09677030949995964
flux1:, 1.2098707218358287, 0.004645708237507099, 0.0026055857621252996, -0.049509346806164964, -0.19354983011370752, 0.10221233597873762
flux1:, 1.2108530787064324, 0.004772119327070456, 0.002730824995114602, -0.04780940777384754, -0.20526387459537737, 0.10809112467595086
flux1:, 1.2118354355770364, 0.004898062436252292, 0.002859721031581508, -0.04554823634549292, -0.21782433136117288, 0.11444028772357276
flux1:, 1.2128177924476404, 0.005023284808488775, 0.002992188118840028, -0.04267303292207792, -0.2312744262495342, 0.12129561817900568
flux1:, 1.2138001493182444, 0.005147520869548428, 0.0031281259515679653, -0.039129071120045676, -0.2456585131725698, 0.1286951964083881
flux1:, 1.2147825061888484, 0.005270492118428946, 0.0032674190822995727, -0.03485980095747557, -0.26102207156389984, 0.1366794995441448
flux1:, 1.2157648630594522, 0.00539190704594436, 0.0034099363439711833, -0.02980696611077739, -0.27741170628883527, 0.14529151401315832
flux1:, 1.2167472199300562, 0.005511461082987556, 0.003555530287306713, -0.023910735173063566, -0.2948751506099368, 0.1545768511305007
flux1:, 1.2177295768006602, 0.005628836580463429, 0.0037040366359220407, -0.017109846727739134, -0.31346127283188474, 0.1645838657506053
flux1:, 1.2187119336712642, 0.0057437028229580835, 0.0038552737621777725, -0.009341767926896265, -0.3332200872797598, 0.17536377796737526
flux1:, 1.2196942905418682, 0.005855716078223569, 0.004009042186931568, -0.0005428661320812708, -0.3542027702908107, 0.1869707978527879
flux1:, 1.220676647412472, 0.005964519684603214, 0.0041651241064515005, 0.009351406962243729, -0.3764616819240321, 0.19946225322326638
flux1:, 1.221659004283076, 0.006069744178543326, 0.004323282949877553, 0.02040631944695369, -0.4000503941112705, 0.21289872042198824
flux1:, 1.22264136115368, 0.006171007464370176, 0.0044832629707369535, 0.03268765243073071, -0.4250237259904897, 0.2273441581064335
flux1:, 1.223623718024284, 0.006267915028521427, 0.004644788876104475, 0.04626148341378051, -0.4514377871735216, 0.24286604402956666
flux1:, 1.224606074894888, 0.006360060200449367, 0.004807565497133123, 0.06119396098663326, -0.4793500297078515, 0.25953551480551307
flux1:, 1.2255884317654917, 0.006447024462411912, 0.004971277504749619, 0.07755107219795579, -0.5088193094945228, 0.27742750865070553
flux1:, 1.2265707886360957, 0.0065283778103844056, 0.005135589174407992, 0.09539840409759756, -0.5399059579209742, 0.296620911094248
flux1:, 1.2275531455066997, 0.0066036791683190595, 0.0053001442038860935, 0.11480090112330844, -0.5726718644589666, 0.31719870365348796
flux1:, 1.2285355023773037, 0.006672476857971878, 0.005464565588157685, 0.13582262016183372, -0.6071805709628562, 0.3392481154733956
flux1:, 1.2295178592479077, 0.006734309126512142, 0.005628455555466219, 0.15852648527610472, -0.6434973783821449, 0.3628607779324563
flux1:, 1.2305002161185117, 0.006788704734107817, 0.0057913955687575675, 0.18297404424714453, -0.6816894665744365, 0.38813288222091286
flux1:, 1.2314825729891155, 0.006835183603650158, 0.005952946396685194, 0.20922522923323925, -0.7218260278705991, 0.41516533990227045
flux1:, 1.2324649298597194, 0.0068732575347566485, 0.006112648258418231, 0.23733812399664628, -0.7639784150015407, 0.44406394647346614
flux1:, 1.2334472867303234, 0.006902430984148525, 0.006270021046531161, 0.26736874028805974, -0.8082203039475626, 0.47493954794460014
flux1:, 1.2344296436009274, 0.00692220191444934, 0.006424564632221706, 0.29937080611158334, -0.8546278722151064, 0.5079082104645629
flux1:, 1.2354120004715314, 0.006932062713398312, 0.006575759257135595, 0.33339556871453685, -0.9032799929814519, 0.543091393025195
flux1:, 1.2363943573421352, 0.006931501185407403, 0.0067230660160219275, 0.36949161525610363, -0.9542584454777574, 0.5806161232829697
flux1:, 1.2373767142127392, 0.00692000161731871, 0.006865927434438063, 0.4077047142059329, -1.0076481419018697, 0.6206151765437276
flux1:, 1.2383590710833432, 0.006897045920132825, 0.007003768145640755, 0.44807768060551234, -1.0635373710670133, 0.6632272579622353
flux1:, 1.2393414279539472, 0.006862114848399641, 0.007135995670767093, 0.49065026839040177, -1.1220180588998812, 0.7085971880167976
flux1:, 1.2403237848245512, 0.006814689298845794, 0.007262001306279772, 0.5354590930189362, -1.183186045801932, 0.7568760913243351
flux1:, 1.241306141695155, 0.006754251689713713, 0.007381161122597756, 0.5825375876813184, -1.2471413807823781, 0.8082215888694391
flux1:, 1.242288498565759, 0.006680287422171071, 0.007492837077673926, 0.6319159963691237, -1.3139886321582128, 0.8627979937274142
flux1:, 1.243270855436363, 0.006592286425000164, 0.007596378249156813, 0.6836214070708369, -1.3838372144992193, 0.9207765103673283
flux1:, 1.244253212306967, 0.0064897447836586705, 0.007691122188623079, 0.7376778283197228, -1.4568017313733783, 0.9823354376286688
flux1:, 1.245235569177571, 0.006372166454635404, 0.007776396401167317, 0.7941063122560341, -1.5330023333187637, 1.0476603754693594
flux1:, 1.2462179260481747, 0.0062390650658661, 0.007851519953460022, 0.8529251272760979, -1.6125650903381104, 1.116944435588664
flux1:, 1.2472002829187787, 0.006089965803809506, 0.007915805213154315, 0.9141499832235827, -1.695622378075089, 1.190388456034097
flux1:, 1.2481826397893827, 0.005924407387583093, 0.007968559722272719, 0.9777943119333405, -1.782313276695524, 1.2682012199022301
flux1:, 1.2491649966599867, 0.005741944130377797, 0.008009088206965477, 1.0438696057643828, -1.872783981355811, 1.3505996782491059
flux1:, 1.2501473535305907, 0.005542148088158393, 0.008036694725731748, 1.1123858165558929, -1.9671882230017583, 1.4378091773248183
flux1:, 1.2511297104011945, 0.005324611295433201, 0.008050684957901526, 1.1833518172072797, -2.0656876981007337, 1.5300636902480986
flux1:, 1.2521120672717985, 0.005088948087663837, 0.008050368633840725, 1.2567759278211026, -2.16845250577063, 1.627606053235076
flux1:, 1.2530944241424025, 0.004834797509617828, 0.008035062108004674, 1.3326665080547127, -2.275661590632985, 1.7306882064927909
flux1:, 1.2540767810130065, 0.0045618258087540215, 0.00800409107559095, 1.4110326170051986, -2.3875031895853174, 1.8395714398838874
flux1:, 1.2550591378836105, 0.004269729012430865, 0.007956793433156778, 1.4918847415993104, -2.5041752805569435, 1.9545266434617035
flux1:, 1.2560414947542144, 0.003958235587484308, 0.007892522283150369, 1.5752355940812068, -2.625886031190802, 2.0758345629647894
flux1:, 1.2570238516248182, 0.0036271091804185485, 0.007810649081879583, 1.6611009787816662, -2.752854245277819, 2.2037860603504504
flux1:, 1.2580062084954222, 0.003276151436175226, 0.0077105669299828185, 1.74950072791814, -2.885309804661296, 2.338682379430837
flux1:, 1.2589885653660262, 0.002905204893136841, 0.0075916940040095925, 1.8404597057144405, -3.0234941042310792, 2.480835416659525
flux1:, 1.2599709222366302, 0.002514155951703817, 0.0074534771272058, 1.934008879644501, -3.1676604775366437, 2.6305679970964113
flux1:, 1.2609532791072342, 0.0021029379134725546, 0.007295395477113493, 2.0301864571001396, -3.318074610475877, 2.788214155557089
flux1:, 1.261935635977838, 0.0016715340877070093, 0.007116964427053202, 2.1290390852537042, -3.475014940448046, 2.9541194229240326
flux1:, 1.262917992848442, 0.0012199809614532266, 0.006917739518014584, 2.230623111347052, -3.6387730383131394, 3.1286411175728412
flux1:, 1.263900349719046, 0.0007483714293133648, 0.006697320556931499, 2.335005900076978, -3.8096539704628727, 3.312148641827175
flux1:, 1.26488270658965, 0.00025685807853320056, 0.00645535583674397, 2.442267204178451, -3.987976638293458, 3.505023783326494
flux1:, 1.265865063460254, -0.00025434347530436995, 0.006191546473034089, 2.552500583727336, -4.174074092366265, 3.7076610211451033
flux1:, 1.266847420330858, -0.0007849512070368722, 0.005905650851483028, 2.665814869100239, -4.36829381856116, 3.9204678364601158
flux1:, 1.2678297772014617, -0.0013346132605679818, 0.005597489179722308, 2.7823356619398676, -4.5709979935637435, 4.1438650275161475
flux1:, 1.2688121340720657, -0.0019029044932114387, 0.005266948136582607, 2.902206867892459, -4.7825637070821845, 4.378287028582954
flux1:, 1.2697944909426697, -0.002489322991912396, 0.004913985611084396, 3.0255922543007148, -5.003383148266729, 4.624182232546266
flux1:, 1.2707768478132737, -0.0030932865679036635, 0.004538635522915146, 3.152677025466904, -5.233863753901613, 4.882013316710643
flux1:, 1.2717592046838777, -0.0037141292367403995, 0.0041410127154669395, 3.2836694075445725, -5.474428316056123, 5.152257571329311
flux1:, 1.2727415615544815, -0.004351097691013349, 0.0037213179119103437, 3.4188022345762223, -5.725515047021186, 5.435407230306482
flux1:, 1.2737239184250855, -0.005003347773453233, 0.0032798427241013395, 3.5583345266829713, -5.987577599522277, 5.731969803446165
flux1:, 1.2747062752956895, -0.005669940958469206, 0.002816974703520608, 3.702553050917966, -6.26108504037446, 6.042468409539689
flux1:, 1.2756886321662935, -0.006349840850566755, 0.0023332024227958907, 3.851773854840402, -6.546521775954992, 6.367442109510685
flux1:, 1.2766709890368975, -0.007041909708448546, 0.0018291205757243985, 4.006343762445919, -6.84438742809162, 6.707446238742582
flux1:, 1.2776533459075012, -0.0077449050039404424, 0.001305435083126482, 4.166641821707845, -7.155196659206874, 7.063052737633721
flux1:, 1.2786357027781052, -0.008457476025265646, 0.000762968191227706, 4.333080692643164, -7.479478945822052, 7.43485047932004
flux1:, 1.2796180596487092, -0.009178160534504829, 0.0002026635486991176, 4.506107964540344, -7.8177782998101035, 7.823445593427211
flux1:, 1.2806004165193132, -0.009905381489428013, -0.0003744087521033201, 4.686207390743001, -8.170652937080671, 8.229461784596769
flux1:, 1.2815827733899172, -0.010637443840193387, -0.0009670471847057321, 4.873900029212895, -8.538674893699014, 8.653540644440932
flux1:, 1.282565130260521, -0.01137253141170702, -0.0015739138644214662, 5.069745276982787, -8.922429589764063, 9.096341955470354
flux1:, 1.283547487131125, -0.012108703882747474, -0.002193529706654742, 5.274341786560541, -9.322515341724952, 9.558543985438359
flux1:, 1.284529844001729, -0.012843893873197697, -0.0028242696841177563, 5.488328252363327, -9.739542824145508, 10.040843770425653
flux1:, 1.285512200872333, -0.013575904151019124, -0.003464358199958802, 5.712384055358394, -10.174134482312049, 10.543957384893273
flux1:, 1.286494557742937, -0.014302404970796071, -0.004111864594184674, 5.947229754251116, -10.626923897428648, 11.06862019680629
flux1:, 1.2874769146135407, -0.015020931555921048, -0.004764698801171132, 6.193627411804069, -11.098555106523207, 11.615587105836148
flux1:, 1.2884592714841447, -0.015728881736658692, -0.005420607176394384, 6.452380745195766, -11.589681879553074, 12.185632762517676
flux1:, 1.2894416283547487, -0.016423513756493632, -0.006077168510808412, 6.72433508973251, -12.100966956580821, 12.779551766141136
flux1:, 1.2904239852253527, -0.017101944259326825, -0.006731790251593443, 7.010377165709386, -12.633081248244915, 13.3981588390508
flux1:, 1.2914063420959567, -0.017761146470117426, -0.007381704948149059, 7.31143463878916, -13.186703003115774, 14.042288974896513
flux1:, 1.2923886989665605, -0.01839794858176137, -0.008023966942472115, 7.628475464912889, -13.762516945878108, 14.712797558304384
flux1:, 1.2933710558371645, -0.019009032360924653, -0.008655449323078122, 7.96250701149694, -14.361213390607276, 15.410560453304026
flux1:, 1.2943534127077685, -0.01959093198563664, -0.009272841161761662, 8.31457494747793, -14.983487333739713, 16.136474057777292
flux1:, 1.2953357695783725, -0.020140033127399135, -0.00987264505246484, 8.685761895663454, -15.630037531623017, 16.89145532107722
flux1:, 1.2963181264489765, -0.020652572290507102, -0.010451174971489707, 9.077185841826564, -16.301565567816397, 17.67644172189537
flux1:, 1.2973004833195805, -0.02112463642118704, -0.011004554478175645, 9.489998296012205, -16.998774915562517, 18.492391203359556
flux1:, 1.2982828401901843, -0.021552162799019614, -0.01152871527500195, 9.925382202658357, -17.72237000106044, 19.340282062281833
flux1:, 1.2992651970607882, -0.021930939222927687, -0.012019396145824002, 10.38454959731236, -18.47305527338276, 20.221112789397484
flux1:, 1.3002475539313922, -0.02225660450383113, -0.012472142290698329, 10.868739008973897, -19.251534287000002, 21.13590185738909
flux1:, 1.3012299108019962, -0.02252464927574333, -0.01288230507531773, 11.379212608405755, -20.05850880301611, 22.08568745342433
flux1:, 1.3022122676726002, -0.022730417136856782, -0.013245042212721051, 11.91725310411135, -20.89467791528896, 23.071527152919284
flux1:, 1.303194624543204, -0.022869106131762632, -0.013555318394389398, 12.484160389087714, -21.760737207618785, 24.09449753119587
flux1:, 1.304176981413808, -0.022935770585575943, -0.013807906387281344, 13.081247942903595, -22.657377948201955, 25.155693709683636
flux1:, 1.305159338284412, -0.022925323300312613, -0.01399738861274274, 13.709838995141236, -23.585286327459713, 26.256228833328816
flux1:, 1.306141695155016, -0.02283253812334813, -0.014118159222470726, 14.371262457731403, -24.545142745249624, 27.397233475870674
flux1:, 1.30712405202562, -0.022652052897298974, -0.014164426685977786, 15.066848635239298, -25.53762115329198, 28.579854969678756
flux1:, 1.308106408896224, -0.022378372800044476, -0.014130216903096699, 15.797924723684389, -26.563388458437423, 29.80525665687913
flux1:, 1.3090887657668278, -0.022005874083018365, -0.014009376854181006, 16.5658101100049, -27.62310399211913, 31.074617058556296
flux1:, 1.3100711226374318, -0.021528808215205888, -0.013795578799633583, 17.371811485790708, -28.717419051005944, 32.38912895889793
flux1:, 1.3110534795080357, -0.020941306439573145, -0.013482325039338338, 18.21721779040657, -29.846976513496596, 33.74999840120942
flux1:, 1.3120358363786397, -0.0202373847478818, -0.013062953241437157, 19.103295000093556, -31.01241053625194, 35.158443592897505
flux1:, 1.3130181932492437, -0.019410949279045513, -0.012530642348679255, 20.031280781070997, -32.21434633448038, 36.615693716561005
flux1:, 1.3140005501198475, -0.01845580214530225, -0.01187841906930743, 21.0023790260131, -33.453400049130934, 38.12298764454424
flux1:, 1.3149829069904515, -0.01736564768960345, -0.011099164958112282, 22.017754294634628, -34.73017870358021, 39.68157255444545
flux1:, 1.3159652638610555, -0.016134099176668342, -0.010185624091889507, 23.078526180318438, -36.04528025171962, 41.292702443252644
flux1:, 1.3169476207316595, -0.014754685919139417, -0.009130411342062645, 24.185763625927915, -37.39929371868422, 42.95763653797442
flux1:, 1.3179299776022635, -0.013220860839295884, -0.007926021245752483, 25.34047921300341, -38.79279943471185, 44.677637600900425
flux1:, 1.3189123344728673, -0.011526008465678405, -0.00656483747496706, 26.54362344951499, -40.226369361855134, 46.453970127815445
flux1:, 1.3198946913434713, -0.009663453362879737, -0.005039142902004044, 27.796079082253794, -41.70056751242922, 48.28789843779142
flux1:, 1.3208770482140753, -0.007626468991648164, -0.0033411302574646805, 29.098655460644142, -43.21595045724595, 50.18068465344238
flux1:, 1.3218594050846793, -0.005408286995226071, -0.0014629133755762564, 30.45208297944065, -44.773067920805595, 52.13358657086919
flux1:, 1.3228417619552832, -0.0030021069067022394, 0.0006034609802185914, 31.85700762824294, -46.37246345969691, 54.14785541880107
flux1:, 1.323824118825887, -0.00040110627089694467, 0.0028660007202403357, 33.313985676116275, -48.014675219539754, 56.22473350679143
flux1:, 1.324806475696491, 0.002401548826976585, 0.005332755470784946, 34.82347851984721, -49.70023676488099, 58.36545176274644
flux1:, 1.325788832567095, 0.0054126928348486696, 0.008011803068043612, 36.385847724384, -51.429677975479045, 60.57122716033924
flux1:, 1.326771189437699, 0.008639149419849983, 0.010911235518079921, 38.00135028393681, -53.203526001506035, 62.84326003737501
flux1:, 1.327753546308303, 0.012087719778519797, 0.014039144439130976, 39.67013413196479, -55.022306269214944, 65.18273130648709
flux1:, 1.3287359031789068, 0.01576517058404906, 0.017403606004278368, 41.392233927806096, -56.88654352774225, 67.59079956006815
flux1:, 1.3297182600495108, 0.019678221584905804, 0.02101266540457458, 43.16756714718791, -58.7967629267413, 70.06859807168802
flux1:, 1.3307006169201148, 0.023833532870383554, 0.024874320854465323, 44.99593050300439, -60.753491113752624, 72.61723169679836
flux1:, 1.3316829737907188, 0.028237691820065785, 0.028996507163320688, 46.87699672194073, -62.75725733927819, 75.23777367594882
flux1:, 1.3326653306613228, 0.03289719975544947, 0.03338707889868569, 48.810311701295376, -64.80859455680196, 77.93126234421258
flux1:, 1.3336476875319265, 0.037818458313361315, 0.0380537931687752, 50.79529206919877, -66.90804050418372, 80.69869775104586
flux1:, 1.3346300444025305, 0.04300775556208857, 0.04300429205351955, 52.831223169963145, -69.05613875223779, 83.54103819529838
flux1:, 1.3356124012731345, 0.04847125188244064, 0.04824608471525665, 54.91725749469574, -71.25343970555647, 86.45919668055659
flux1:, 1.3365947581437385, 0.054214965637212426, 0.053786529221885454, 57.05241357561059, -73.50050154022844, 89.4540372965694
flux1:, 1.3375771150143425, 0.06024475865388657, 0.05963281411711302, 59.23557536059585, -75.797891062489, 92.52637153297734
flux1:, 1.3385594718849465, 0.06656632154647522, 0.0657919397739198, 61.46549208252046, -78.14618447205044, 95.67695453212751
flux1:, 1.3395418287555503, 0.07318515890369097, 0.07227069956902402, 63.740778635674005, -80.54596801348137, 98.90648128816109
flux1:, 1.3405241856261543, 0.08010657437180572, 0.07907566091771509, 66.05991646943387, -82.99783849886187, 102.21558280023726
flux1:, 1.3415065424967583, 0.08733565566158782, 0.08621314620976449, 68.42125500684661, -85.5024036848227, 105.6048221880783
flux1:, 1.3424888993673623, 0.09487725950980613, 0.09368921368853088, 70.82301359339515, -88.0602824870731, 109.0746907786663
flux1:, 1.3434712562379663, 0.10273599662681308, 0.10150963831669499, 73.2632839785441, -90.67210501569521, 112.62560417326804
flux1:, 1.34445361310857, 0.11091621666263286, 0.10967989267320935, 75.7400333301563, -93.33851241470438, 116.25789830457671
flux1:, 1.345435969979174, 0.11942199322490499, 0.11820512792717582, 78.2511077790023, -96.0601564897214, 119.97182549406655
flux1:, 1.346418326849778, 0.12825710898276557, 0.12709015493526024, 80.794236487998, -98.83769910815477, 123.767550520215
flux1:, 1.347400683720382, 0.13742504089165458, 0.1363394255103144, 83.36703623788311, -101.67181135692397, 127.6451467085855
flux1:, 1.348383040590986, 0.14692894557455805, 0.14595701390946383, 85.96701651840384, -104.56317244337575, 131.6045920551942
flux1:, 1.34936539746159, 0.15677164489580905, 0.15594659859058127, 88.59158511110961, -107.51246832612588, 135.6457653949201
flux1:, 1.3503477543321938, 0.1669556117642259, 0.16631144428676536, 91.23805414726307, -110.52039006346014, 139.76844262708715
flux1:, 1.3513301112027978, 0.17748295620256768, 0.1770543844485627, 93.90364662153057, -113.58763186800903, 143.9722930106356
flux1:, 1.3523124680734018, 0.18835541172077155, 0.18817780410411694, 96.58550333944127, -116.71488885787626, 148.2568755416213
flux1:, 1.3532948249440058, 0.1995743220306847, 0.1996836231875379, 99.28069027406649, -119.90285449556023, 152.62163542588448
flux1:, 1.3542771818146098, 0.21114062813998583, 0.21157328038558737, 101.98620630475523, -123.15221770771656, 157.06590066017617
flux1:, 1.3552595386852135, 0.22305485586319718, 0.2238477175528216, 104.69899130839737, -126.46365968027054, 161.58887873489124
flux1:, 1.3562418955558175, 0.23531710378758333, 0.23650736474491507, 107.41593457140108, -129.83785032528024, 166.18965347199625
flux1:, 1.3572242524264215, 0.24792703173145822, 0.2495521259193351, 110.13388348833958, -133.27544441766418, 170.86718201155324
flux1:, 1.3582066092970255, 0.26088384973229595, 0.2629813653521108, 112.84965251129938, -136.7770774018631, 175.6202919604099
flux1:, 1.3591889661676295, 0.274186307601557, 0.2767938948184934, 115.56003231206215, -140.3433608705843, 180.44767871663947
flux1:, 1.3601713230382333, 0.28783268508265925, 0.2909879615844641, 118.26179911762388, -143.97487771982438, 185.34790298316352
flux1:, 1.3611536799088373, 0.30182078264794837, 0.3055612372549636, 120.95172417803694, -147.67217698651987, 190.31938848386625
flux1:, 1.3621360367794413, 0.3161479129697085, 0.320510807523396, 123.6265833243987, -151.43576837736975, 195.36041989555343
flux1:, 1.3631183936500453, 0.33081089309957046, 0.33583316286572285, 126.28316657365778, -155.26611649977625, 200.46914100858115
flux1:, 1.3641007505206493, 0.3458060373895852, 0.35152419022082854, 128.91828773616203, -159.16363480788806, 205.6435531289778
flux1:, 1.365083107391253, 0.361129151187165, 0.36757916569706817, 131.52879398128857, -163.1286792793615, 210.88151373442466
flux1:, 1.366065464261857, 0.37677552533505965, 0.3839927483432498, 134.11157531613617, -167.1615418404166, 216.180735396144
flux1:, 1.367047821132461, 0.39273993150611125, 0.4007589750202482, 136.663573932179, -171.26244355944706, 221.53878497825298
flux1:, 1.368030178003065, 0.409016618401125, 0.4178712564071853, 139.18179337498836, -175.43152763138974, 226.9530831257724
flux1:, 1.369012534873669, 0.42559930883683933, 0.43532237417410125, 141.6633074924791, -179.66885217755723, 232.42090405181895
flux1:, 1.3699948917442728, 0.4424811977491923, 0.45310447935046105, 144.1052691179163, -183.97438288767887, 237.93937563399467
flux1:, 1.3709772486148768, 0.4596549511354405, 0.47120909191633564, 146.50491844474317, -188.3479855331515, 243.50547982933455
flux1:, 1.3719596054854808, 0.4771127059568843, 0.4896271016405233, 148.85959105160134, -192.78941838236764, 249.11605341647913
flux1:, 1.3729419623560848, 0.49484607102203054, 0.5083487701870956, 151.16672553726278, -197.29832455117673, 254.76778907296054
flux1:, 1.3739243192266888, 0.5128461288680073, 0.5273637345089305, 153.42387072698332, -201.87422432313483, 260.4572367947924
flux1:, 1.3749066760972926, 0.5311034386559101, 0.54666101154384, 155.62869241360505, -206.5165074760796, 266.18080566455217
flux1:, 1.3758890329678966, 0.549608040093731, 0.5662290042259022, 157.77897959898522, -211.2244256530146, 271.93476597345625
flux1:, 1.3768713898385005, 0.5683494583980421, 0.5860555088213208, 159.87265020375781, -215.99708481684706, 277.715251701896
flux1:, 1.3778537467091045, 0.5873167103034278, 0.6061277235950014, 161.90775621581227, -220.83343782949302, 283.5182633618215
flux1:, 1.3788361035797085, 0.6064983111263244, 0.6264322588107458, 163.88248825094718, -225.7322771973193, 289.3396712036617
flux1:, 1.3798184604503125, 0.625882282887202, 0.6469551480644427, 165.7951795019637, -230.69222802536495, 295.1752187890928
flux1:, 1.3808008173209163, 0.6454561634927872, 0.6676818609464206, 167.6443090555472, -235.71174122371391, 301.02052693010376
flux1:, 1.3817831741915203, 0.6652070169773137, 0.6885973170255483, 169.42850455975983, -240.7890870097273, 306.87109799365487
flux1:, 1.3827655310621243, 0.685121444799225, 0.7096859011441817, 171.14654422822485, -245.92234875009183, 312.7223205700798
flux1:, 1.3837478879327283, 0.7051855981870147, 0.7309314800095582, 172.7973581706131, -251.10941718662696, 318.5694745022046
flux1:, 1.3847302448033323, 0.7253851915254476, 0.7523174200637837, 174.3800290428046, -256.34798508957306, 324.4077362711235
flux1:, 1.3857126016739363, 0.7457055167705045, 0.7738266066109826, 175.89379201361342, -261.63554238159037, 330.2321847332062
flux1:, 1.38669495854454, 0.7661314588786251, 0.7954414641765191, 177.33803404874968, -266.96937177486836, 336.03780720185085
flux1:, 1.387677315415144, 0.7866475122335597, 0.8171439780701218, 178.7122925165, -272.3465449629902, 341.81950586637004
flux1:, 1.388659672285748, 0.8072377980507951, 0.8389157171207782, 180.01625312336188, -277.7639194076592, 347.5721045389169
flux1:, 1.389642029156352, 0.8278860827374538, 0.8607378575483258, 181.24974719148273, -283.2181357591361, 353.29035571951374
flux1:, 1.390624386026956, 0.8485757971823609, 0.882591207932901, 182.41274829361896, -288.7056159474212, 358.96894796794686
flux1:, 1.3916067428975598, 0.8692900569488143, 0.9044562352404815, 183.50536826486612, -294.22256197918495, 364.60251356985987
flux1:, 1.3925890997681638, 0.8900116833397027, 0.9263130918594119, 184.52785261397028, -299.7649554732495, 370.18563648379
flux1:, 1.3935714566387678, 0.9107232253018781, 0.9481416435993681, 185.48057536039244, -305.3285579650354, 375.7128605541571
flux1:, 1.3945538135093718, 0.9314069821348906, 0.9699214986019488, 186.36403332679694, -310.908912007554, 381.1786979745877
flux1:, 1.3955361703799758, 0.9520450269659599, 0.9916320371083941, 187.1788399194446, -316.50134309372766, 386.5776379846539
flux1:, 1.3965185272505796, 0.972619230951042, 1.0132524420274875, 187.92571843228845, -322.1009624216068, 391.9041557820385
flux1:, 1.3975008841211836, 0.9931112881598035, 1.0347617302442667, 188.60549491304377, -327.70267052092555, 397.15272163144374
flux1:, 1.3984832409917876, 1.0135027410995452, 1.056138784607076, 189.219090632266, -333.3011617556219, 402.31781015022165
flux1:, 1.3994655978623916, 1.0337750068316058, 1.0773623865287605, 189.76751419866653, -338.8909297135969, 407.39390975020666
flux1:, 1.4004479547329955, 1.053909403631244, 1.0984112491350508, 190.25185336600623, -344.46627349102465, 412.3755322140081
flux1:, 1.4014303116035993, 1.0738871781406065, 1.1192640508915628, 190.67326657882066, -350.02130487457435, 417.2572223836383
flux1:, 1.4024126684742033, 1.0936895329621077, 1.1398994696386215, 191.03297430556694, -355.5499564208957, 422.0335679383498
flux1:, 1.4033950253448073, 1.113297654638391, 1.160296216961825, 191.3322502092791, -361.04599042853283, 426.69920923797184
flux1:, 1.4043773822154113, 1.1326927419630004, 1.180433072824203, 191.57241220658966, -366.50300879321617, 431.24884920761235
flux1:, 1.4053597390860153, 1.1518560345650743, 1.2002889203852503, 191.75481346679635, -371.9144637332653, 435.6772632389117
flux1:, 1.406342095956619, 1.1707688417095015, 1.2198427809302426, 191.88083340282105, -377.27366936725764, 439.9793090825576
flux1:, 1.407324452827223, 1.1894125712535, 1.2390738488330233, 191.95186870625227, -382.5738141223433, 444.1499367067904
flux1:, 1.408306809697827, 1.2077687586990415, 1.2579615264741861, 191.96932447802158, -387.80797394659186, 448.18419809589875
flux1:, 1.409289166568431, 1.2258190962802635, 1.2764854590366121, 191.93460550601412, -392.96912629513145, 452.07725696275907
flux1:, 1.410271523439035, 1.2435454620240263, 1.2946255690996609, 191.84910773984205, -398.0501648552299, 455.8243983494392
flux1:, 1.4112538803096388, 1.2609299487214247, 1.3123620909535012, 191.71421001192627, -403.04391497156126, 459.4210380897302
flux1:, 1.4122362371802428, 1.2779548927477962, 1.3296756045551845, 191.5312660524119, -407.94314972873354, 462.862732107573
flux1:, 1.4132185940508468, 1.29460290266848, 1.346547069048384, 191.30159684381886, -412.74060664456186, 466.1451855256332
flux1:, 1.4142009509214508, 1.3108568875678874, 1.3629578557696205, 191.02648335915765, -417.42900492355045, 469.264261558331
flux1:, 1.4151833077920548, 1.3267000850393056, 1.3788897806642328, 190.7071597249848, -422.00106321678203, 472.2159901642214
flux1:, 1.4161656646626586, 1.342116088773416, 1.3943251360367348, 190.3448068481674, -426.4495178308108, 474.9965764328206
flux1:, 1.4171480215332626, 1.357088875684162, 1.409246721561405, 189.94054654253551, -430.7671413254087, 477.6024086816971
flux1:, 1.4181303784038666, 1.3716028325110432, 1.4236378744804121, 189.49543618827875, -434.9467614367634, 480.0300662400543
flux1:, 1.4191127352744706, 1.3856427818379817, 1.437482498918382, 189.0104639539271, -438.9812802604612, 482.2763268959989
flux1:, 1.4200950921450746, 1.3991940074699707, 1.4507650942445693, 188.48654460718024, -442.86369362591824, 484.33817398513776
flux1:, 1.4210774490156786, 1.412242279109853, 1.4634707824155007, 187.92451593736493, -446.5871105924107, 486.2128030992842
flux1:, 1.4220598058862823, 1.4247738762789965, 1.4755853342335374, 187.32513580845526, -450.14477299432093, 487.8976283949584
flux1:, 1.4230421627568863, 1.436775611427198, 1.4870951944592374, 186.68907985787416, -453.5300749627979, 489.39028848213746
flux1:, 1.4240245196274903, 1.4482348521788129, 1.4979875057180045, 186.01693985221877, -456.7365823490893, 490.6886518752234
flux1:, 1.4250068764980943, 1.4591395426640363, 1.508250131144529, 185.30922270714032, -459.7580519746553, 491.7908219888891
flux1:, 1.4259892333686983, 1.4694782238861694, 1.517871675711403, 184.5663501745701, -462.5884506324899, 492.69514166319715
flux1:, 1.4269715902393023, 1.479240053077952, 1.526841506191547, 183.7886591962422, -465.2219737641385, 493.4001972032152
flux1:, 1.427953947109906, 1.488414822002125, 1.5351497697073262, 182.97640291866955, -467.6530637374629, 493.9048219199793
flux1:, 1.42893630398051, 1.4969929741542245, 1.5427874108229973, 182.1297523604766, -469.87642765035406, 494.20809916103
flux1:, 1.429918660851114, 1.5049656208275357, 1.5497461871401976, 181.24879871910497, -471.88705458739014, 494.3093648200102
flux1:, 1.430901017721718, 1.512324556003381, 1.5560186833604923, 180.33355630006417, -473.6802322571935, 494.20820931669306
flux1:, 1.431883374592322, 1.5190622700322411, 1.5615983237823212, 179.38396604803745, -475.251562940529, 493.9044790398651
flux1:, 1.4328657314629258, 1.5251719620743422, 1.566479383203996, 178.3998996555239, -476.59697868101824, 493.3982772473488
flux1:, 1.4338480883335298, 1.5306475512711322, 1.5706569962080246, 177.3811642212908, -477.7127556529134, 492.6899644192151
flux1:, 1.4348304452041338, 1.535483686622173, 1.5741271648064528, 176.32750742743792, -478.59552764324246, 491.7801580611178
flux1:, 1.4358128020747378, 1.5396757555451286, 1.5768867644307984, 175.23862320090888, -479.2422985887092, 490.66973195740746
flux1:, 1.4367951589453418, 1.5432198910995398, 1.5789335482543658, 174.1141578222352, -479.65045411122014, 489.3598148741842
flux1:, 1.4377775158159456, 1.5461129778585285, 1.5802661498390236, 172.95371644176973, -479.8177719994506, 487.8517887149861
flux1:, 1.4387598726865496, 1.548352656415675, 1.5808840841026535, 171.75686996107282, -479.7424315883046, 486.1472861328879
flux1:, 1.4397422295571536, 1.5499373265177399, 1.5807877466077247, 170.52316223516624, -479.4230219917966, 484.2481876046009
flux1:, 1.4407245864277576, 1.5508661488170559, 1.5799784111755961, 169.25211754926224, -478.8585491499576, 482.1566179738897
flux1:, 1.4417069432983616, 1.5511390452411122, 1.5784582258355848, 167.94324832213798, -478.0484416545543, 479.8749424729436
flux1:, 1.4426893001689653, 1.550756697979827, 1.5762302071216432, 166.59606298698367, -476.9925553238927, 477.4057622321034
flux1:, 1.4436716570395693, 1.5497205470945756, 1.573298232733866, 165.21007399955212, -475.69117650122297, 474.75190928981556
flux1:, 1.4446540139101733, 1.5480327867564025, 1.569667032586063, 163.78480592274568, -474.1450240575198, 471.9164411161972
flux1:, 1.4456363707807773, 1.5456963601240026, 1.5653421782644978, 162.31980353644667, -472.35525008374526, 468.90263466481804
flux1:, 1.4466187276513813, 1.542714952875515, 1.5603300709269363, 160.81463992128275, -470.32343926372806, 465.7139799691149
flux1:, 1.447601084521985, 1.5390929854113524, 1.554637927674958, 159.26892446541845, -468.0516069239678, 462.35417330080554
flux1:, 1.448583441392589, 1.5348356037482824, 1.5482737664359183, 157.68231074375456, -465.5421957624297, 458.8271099090872
flux1:, 1.449565798263193, 1.5299486691284943, 1.5412463893950186, 156.05450422014914, -462.7980712635589, 455.1368763606331
flux1:, 1.450548155133797, 1.5244387463700622, 1.5335653650209253, 154.38526972422125, -459.82251581253723, 451.28774250155163
flux1:, 1.451530512004401, 1.518313090988367, 1.525241008731983, 152.67443865572352, -456.6192215270867, 447.2841530633901
flux1:, 1.4525128688750049, 1.5115796351208537, 1.516284362253123, 150.92191587144788, -453.19228183049177, 443.1307189364602
flux1:, 1.4534952257456089, 1.5042469722903185, 1.5067071717166025, 149.12768621144085, -449.54618179473624, 438.83220813450697
flux1:, 1.4544775826162128, 1.4963243410445544, 1.4965218645626261, 147.29182062361625, -445.68578728798906, 434.39353647563456
flux1:, 1.4554599394868168, 1.4878216075127746, 1.4857415252984514, 145.41448184842986, -441.616332965158, 429.8197580051008
flux1:, 1.4564422963574208, 1.4787492469216164, 1.474379870177196, 143.49592962793028, -437.3434091455296, 425.1160551862361
flux1:, 1.4574246532280246, 1.4691183241158763, 1.4624512208597993, 141.53652540646058, -432.87294762579194, 420.2877288863776
flux1:, 1.4584070100986286, 1.4589404731312823, 1.4499704771257322, 139.53673649341533, -428.21120648105943, 415.34018818503426
flux1:, 1.4593893669692326, 1.448227875868648, 1.4369530886999842, 137.49713966171092, -423.3647539107654, 410.2789400318788
flux1:, 1.4603717238398366, 1.4369932399206216, 1.4234150262655672, 135.41842415902963, -418.3404511899268, 405.10957878259075
flux1:, 1.4613540807104406, 1.4252497756040197, 1.4093727517322425, 133.301394112499, -413.1454347900442, 399.83777564052707
flux1:, 1.4623364375810444, 1.413011172252214, 1.3948431878335417, 131.14697031105672, -407.78709773675814, 394.4692680323241
flux1:, 1.4633187944516486, 1.4002915738235309, 1.3798436871251276, 128.95619135343435, -402.2730702747138, 389.0098489457783
flux1:, 1.4643011513222524, 1.387105553883036, 1.3643920004587229, 126.7302141535257, -396.61119991230055, 383.46535625768945
flux1:, 1.4652835081928564, 1.3734680900156957, 1.3485062450059175, 124.47031379864761, -390.80953092133745, 377.8416620797206
flux1:, 1.4662658650634603, 1.3593945377304442, 1.3322048719072626, 122.17788275993242, -384.8762833684708, 372.14466214964295
flux1:, 1.4672482219340643, 1.3449006039149256, 1.3155066336218302, 119.85442945803054, -378.8198317569027, 366.38026529506556
flux1:, 1.4682305788046683, 1.330002319901618, 1.2984305510526384, 117.50157619078722, -372.64868335762645, 360.55438299627633
flux1:, 1.4692129356752721, 1.3147160142062386, 1.2809958805230794, 115.12105643342987, -366.37145631063464, 354.6729190742213
flux1:, 1.470195292545876, 1.2990582849996266, 1.2632220806790455, 112.71471152522663, -359.99685757672705, 348.7417595289981
flux1:, 1.47117764941648, 1.2830459723745673, 1.2451287793910708, 110.28448676012857, -353.5336608204292, 342.766762553531
flux1:, 1.472160006287084, 1.266696130468517, 1.2267357407294968, 107.83242690212411, -346.99068430444424, 336.7537487462237
flux1:, 1.473142363157688, 1.2500259995034946, 1.208062832085418, 105.36067114939469, -340.37676887510406, 330.7084915456052
flux1:, 1.4741247200282919, 1.2330529778033357, 1.1891299915080635, 102.87144757415074, -333.7007561173341, 324.63670790885925
flux1:, 1.4751070768988959, 1.215794593848475, 1.1699571953286236, 100.36706706801527, -326.9714667560898, 318.5440492553485
flux1:, 1.4760894337694999, 1.1982684784274862, 1.1505644261387487, 97.84991682540809, -320.19767937961205, 312.43609269501917
flux1:, 1.4770717906401039, 1.1804923369434726, 1.1309716411898465, 95.32245339976694, -313.38810955761056, 306.31833256029734
flux1:, 1.4780541475107078, 1.1624839219327985, 1.1111987412779827, 92.78719536964266, -306.5513894250421, 300.19617225933206
flux1:, 1.4790365043813116, 1.1442610058521172, 1.091265540176724, 90.24671565368067, -299.69604779952084, 294.0749164667736
flux1:, 1.4800188612519156, 1.1258413541884278, 1.0711917346781257, 87.70363351517074, -292.8304908974292, 287.9597636671879
flux1:, 1.4810012181225196, 1.1072426989455932, 1.0509968752999732, 85.16060629831094, -285.9629837103914, 281.85579906509093
flux1:, 1.4819835749931236, 1.0884827125586962, 1.0307003377143054, 82.62032093950404, -279.1016321003213, 275.76798787379704
flux1:, 1.4829659318637276, 1.069578982286677, 1.010321294950574, 80.0854852979537, -272.25436566761203, 269.7011689944767
flux1:, 1.4839482887343314, 1.050548985130877, 0.9898786904229578, 77.55881935047707, -265.4289214429712, 263.6600490949791
flux1:, 1.4849306456049354, 1.0314100633260392, 0.9693912118294683, 75.0430462957657, -258.6328284492844, 257.649197096855
flux1:, 1.4859130024755394, 1.0121794004479414, 0.9488772659672214, 72.54088361361808, -251.87339317582413, 251.67303907760504
flux1:, 1.4868953593461434, 0.9928739981794282, 0.9283549545049565, 70.05503412432178, -245.15768600238545, 245.73585359364282
flux1:, 1.4878777162167474, 0.9735106537749705, 0.9078420507514142, 67.58817709307756, -238.49252860665467, 239.84176742820677
flux1:, 1.4888600730873511, 0.9541059382610729, 0.8873559774545632, 65.14295942372979, -231.88448238344918, 233.9947517670808
flux1:, 1.4898424299579551, 0.9346761754077735, 0.8669137856637346, 62.72198698502566, -225.3398378997651, 228.1986188034833
flux1:, 1.4908247868285591, 0.9152374215040131, 0.8465321346835212, 60.327816111635585, -218.86460540492524, 222.45701877232693
flux1:, 1.4918071436991631, 0.8958054459669893, 0.8262272731448043, 57.96294532069409, -212.46450641028034, 216.77343741250007
flux1:, 1.4927895005697671, 0.8763957128133472, 0.806015021215353, 55.62980728309018, -206.14496634843263, 211.15119385482765
flux1:, 1.4937718574403709, 0.8570233630173479, 0.7859107539689476, 53.33076108690366, -199.9111083170775, 205.5934389317588
flux1:, 1.4947542143109749, 0.8377031977785107, 0.7659293859286888, 51.06808482845418, -193.76774790801616, 200.10315390390102
flux1:, 1.4957365711815789, 0.8184496627188865, 0.7460853567971669, 48.84396856422403, -187.71938911742194, 194.68314959721917
flux1:, 1.4967189280521829, 0.7992768330269909, 0.726392618382422, 46.660507654651, -181.7702213289382, 189.33606594347341
flux1:, 1.4977012849227869, 0.7801983995634445, 0.7068646227260618, 44.519696528280086, -175.9241173568917, 184.06437191562418
flux1:, 1.4986836417933906, 0.7612276559402305, 0.6875143114362466, 42.423422892244034, -170.18463253279532, 178.870365848711
flux1:, 1.4996659986639946, 0.7423774865830185, 0.668354106225255, 40.37346241227528, -164.55500481423002, 173.756176135715
flux1:, 1.5006483555345986, 0.7236603557836266, 0.649395900648535, 38.37147388274577, -159.03815589146546, 168.723762287241
flux1:, 1.5016307124052026, 0.7050882977467806, 0.630651053038801, 36.418994904324535, -153.6366932634234, 163.77491634258865
flux1:, 1.5026130692758066, 0.6866729076330351, 0.6121303806260526, 34.51743808396718, -148.35291325128034, 158.91126461939172
flux1:, 1.5035954261464104, 0.6684253335971995, 0.5938441548315319, 32.66808776898059, -143.18880491475235, 154.13426978797085
flux1:, 1.5045777830170146, 0.6503562698191115, 0.5758020977208579, 30.872097323969207, -138.14605483309597, 149.44523325602174
flux1:, 1.5055601398876184, 0.6324759505213496, 0.5580133795990326, 29.130486956519324, -133.22605271022456, 144.8452978486813
flux1:, 1.5065424967582224, 0.614794144965822, 0.5404866177271656, 27.44414209446807, -128.4298977607588, 140.3354507682669
flux1:, 1.5075248536288264, 0.597320153419517, 0.5232298761389503, 25.81381231480017, -123.7584058316975, 135.91652681783546
flux1:, 1.5085072104994304, 0.5800628040768189, 0.5062506665318879, 24.240110821268043, -119.21211721238525, 131.58921187204388
flux1:, 1.5094895673700344, 0.5630304509242784, 0.48955595020666376, 22.723514465104184, -114.79130508380273, 127.35404657855588
flux1:, 1.5104719242406381, 0.5462309725313044, 0.47315214102560255, 21.26436430044296, -110.49598455676363, 123.2114302730153
flux1:, 1.5114542811112421, 0.5296717717485353, 0.45704510935942566, 19.862866663511824, -106.32592224750843, 119.16162509038273
flux1:, 1.5124366379818461, 0.5133597762938095, 0.44124018698971906, 18.519094762117938, -102.28064633822834, 115.20476025523283
flux1:, 1.5134189948524501, 0.4973014402036289, 0.4257421729325267, 17.232990759594745, -98.35945706953896, 111.34083653366395
flux1:, 1.5144013517230541, 0.4815027461269069, 0.4105553401475755, 16.004368335145255, -94.56143761155337, 107.56973082939977
flux1:, 1.515383708593658, 0.4659692084355337, 0.3956834430954226, 14.832915700407765, -90.8854652600886, 103.8912009067276
flux1:, 1.516366065464262, 0.45070587712561017, 0.3811297261043729, 13.718199050159452, -87.3302229047758, 100.30489022306847
flux1:, 1.5173484223348659, 0.4357173424811849, 0.36689693250719013, 12.659666423266039, -83.89421071625007, 96.81033285413217
flux1:, 1.5183307792054699, 0.4210077404716328, 0.3529873145071712, 11.656651948408914, -80.57575800023093, 93.40695849487803
flux1:, 1.5193131360760739, 0.4065807588523358, 0.3394026437319598, 10.708380447675145, -77.37303516722899, 90.09409751972167
flux1:, 1.5202954929466777, 0.39243964393755265, 0.3261442224329803, 9.813972369851466, -74.28406576771559, 86.87098608590605
flux1:, 1.5212778498172816, 0.37858720801328055, 0.3132128952876339, 8.97244902419652, -71.30673854387868, 83.73677126416057
flux1:, 1.5222602066878856, 0.3650258373573577, 0.3006090617612128, 8.182738084582919, -68.4388194506632, 80.69051618139376
flux1:, 1.5232425635584896, 0.3517575008330569, 0.28833268898484443, 7.4436793332072275, -65.67796360037805, 77.7312051605
flux1:, 1.5242249204290936, 0.3387837590222868, 0.2763833251060431, 6.754030612552793, -63.021727087130046, 74.85774884297392
flux1:, 1.5252072772996974, 0.3261057738635641, 0.26476011306794284, 6.112473953966872, -60.46757864923691, 72.06898928049857
flux1:, 1.5261896341703014, 0.31372431876001516, 0.2534618047738045, 5.5176218510711506, -58.01291113000167, 69.36370498234751
flux1:, 1.5271719910409054, 0.30163978912220446, 0.24248677559333684, 4.968023646251511, -55.65505269944882, 66.74061590595787
flux1:, 1.5281543479115094, 0.28985221331042266, 0.23183303916777084, 4.462171998690449, -53.39127780200521, 64.19838837878032
flux1:, 1.5291367047821134, 0.2783612639410917, 0.2214982624710575, 3.9985094027645878, -51.218817797574026, 61.73563994002067
flux1:, 1.5301190616527172, 0.2671662695222295, 0.21147978108534102, 3.5754347261898753, -49.13487126601335, 59.35094409178844
flux1:, 1.5311014185233212, 0.2562662263824915, 0.2017746146489821, 3.1913097379529405, -47.13661394754825, 57.04283494962384
flux1:, 1.5320837753939252, 0.24565981085929164, 0.19237948243682643, 2.8444655969377517, -45.22120829441701, 54.80981178328076
flux1:, 1.5330661322645291, 0.23534539171128566, 0.18329081903279099, 2.533209273101, -43.38581261158447, 52.65034343922458
flux1:, 1.5340484891351331, 0.22532104272122644, 0.17450479005597755, 2.255829874165916, -41.62758976713912, 50.56287263712324
flux1:, 1.535030846005737, 0.21558455545564179, 0.16601730790258648, 2.010604852008714, -39.943715455631484, 48.545820133273736
flux1:, 1.536013202876341, 0.20613345214829024, 0.1578240474668345, 1.7958060642501672, -38.33138600028316, 46.59758874465549
flux1:, 1.536995559746945, 0.19696499867526776, 0.14992046180553967, 1.609705667974128, -36.7878256826651, 44.71656722804124
flux1:, 1.537977916617549, 0.18807621759008022, 0.1423017977120393, 1.4505818240025692, -35.31029359098254, 42.90113400926868
flux1:, 1.538960273488153, 0.1794639011879663, 0.13496311116643556, 1.3167241917431707, -33.89608998073419, 41.14966075853087
flux1:, 1.5399426303587567, 0.17112462456975738, 0.127899282630856, 1.2064391962609773, -32.54256214391894, 39.46051580819799
flux1:, 1.5409249872293607, 0.16305475867608374, 0.1211050321592277, 1.1180550509252747, -31.24710978540669, 37.83206741039729
flux1:, 1.5419073440999647, 0.15525048326427796, 0.114574934293225, 1.0499265207100086, -30.007189907413824, 36.262686832222094
flux1:, 1.5428897009705687, 0.14770779980081183, 0.10830343271691774, 1.0004394129993202, -28.820321205216537, 34.7507512870886
flux1:, 1.5438720578411727, 0.14042254424360698, 0.10228485464462711, 0.9680147845164377, -27.684087979392235, 33.29464670139134
flux1:, 1.5448544147117764, 0.1333903996893532, 0.09651342491775301, 0.9511128547938816, -26.596143571861514, 31.892770316211145
flux1:, 1.5458367715823806, 0.12660690886242276, 0.09098327978813658, 0.9482366183729769, -25.554213334907168, 30.543533124400355
flux1:, 1.5468191284529844, 0.12006748642285694, 0.08568848036691244, 0.9579351496975702, -24.556097144111465, 29.245362143932045
flux1:, 1.5478014853235884, 0.1137674310722924, 0.08062302571950712, 0.9788065964045563, -23.599671467793534, 27.996702528915314
flux1:, 1.5487838421941924, 0.10770193743789797, 0.07578086558904533, 1.0095008584284026, -22.682891007039895, 26.796019520191148
flux1:, 1.5497661990647964, 0.10186610771557214, 0.0711559127319754, 1.0487219519951223, -21.803789921784762, 25.641800237881707
flux1:, 1.5507485559354004, 0.0962549630549685, 0.06674205485132201, 1.0952300592122692, -20.960482659645443, 24.53255531870326
flux1:, 1.5517309128060042, 0.09086345467011797, 0.06253316611456909, 1.1478432655005706, -20.151164405303433, 23.46682040127217
flux1:, 1.5527132696766082, 0.08568647466078635, 0.05852311824474129, 1.2054389886215437, -19.374111169190872, 22.443157463000876
flux1:, 1.5536956265472122, 0.08071886653084662, 0.05470579117477168, 1.2669551044636043, -18.627679535056124, 21.460156012529335
flux1:, 1.5546779834178162, 0.0759554353912816, 0.05107508325675451, 1.331390776094726, -17.910306086666083, 20.516434141956726
flux1:, 1.5556603402884202, 0.07139095783671147, 0.04762492101921128, 1.3978069938498994, -17.22050653445736, 19.61063944341201
flux1:, 1.556642697159024, 0.06702019148548366, 0.04434926846689763, 1.4653268353885818, -16.556874563356807, 18.741449794760797
flux1:, 1.557625054029628, 0.06283788417467094, 0.0412421359191049, 1.5331354557374317, -15.918080423278184, 17.907574019464988
flux1:, 1.558607410900232, 0.05883878280251665, 0.038297588383839475, 1.6004798183218392, -15.3028692839781, 17.107752425798317
flux1:, 1.559589767770836, 0.05501764181204508, 0.03550975346654123, 1.666668178873037, -14.710059375972564, 16.34075723078484
flux1:, 1.56057212464144, 0.05136923131067714, 0.03287282881329497, 1.7310693348913213, -14.138539939157921, 15.605392874350478
flux1:, 1.5615544815120437, 0.04788834482187033, 0.030381089089739254, 1.7931116540336582, -13.587269000588819, 14.900496229287624
flux1:, 1.5625368383826477, 0.04456980666592818, 0.02802889249811212, 1.8522818953864029, -13.055271002575893, 14.22493671270136
flux1:, 1.5635191952532517, 0.041408478968096955, 0.02581068683593491, 1.9081238380734744, -12.541634301881448, 13.577616304650597
flux1:, 1.5645015521238557, 0.038399268293209166, 0.023721015100958295, 1.960236732044591, -12.045508560309791, 12.95746947972064
flux1:, 1.5654839089944597, 0.03553713190706773, 0.021754520648050092, 2.008273586182129, -11.566102046427691, 12.36346305726187
flux1:, 1.5664662658650634, 0.03281708366571997, 0.01990595190460442, 2.051939309066003, -11.102678867507905, 11.794595975995868
flux1:, 1.5674486227356674, 0.03023419953474698, 0.018170166652061857, 2.0909887178456157, -10.654556150078006, 11.249898998643255
flux1:, 1.5684309796062714, 0.027783622741514073, 0.016542135881897818, 2.1252244306837715, -10.221101186687212, 10.728434352160283
flux1:, 1.5694133364768754, 0.025460568564169266, 0.015016947235293695, 2.1544946581708255, -9.801728565663945, 10.229295309075887
flux1:, 1.5703956933474794, 0.023260328762007072, 0.013589808036408938, 2.1786909089588273, -9.395897299766562, 9.751605715307099
flux1:, 1.5713780502180832, 0.021178275652518185, 0.012256047929888537, 2.1977456246363993, -9.003107968710557, 9.294519469724928
flux1:, 1.5723604070886872, 0.019209865841149986, 0.01101112113379236, 2.211629758560771, -8.62289988959653, 8.857219960576208
flux1:, 1.5733427639592912, 0.017350643610497554, 0.009850608319791274, 2.2203503130019175, -8.254848328288233, 8.43891946373399
flux1:, 1.5743251208298952, 0.01559624397619498, 0.008770218132890889, 2.2239478485086024, -7.898561763790245, 8.038858507565308
flux1:, 1.5753074777004992, 0.013942395417379077, 0.007765788363410098, 2.222493978924739, -7.553679216658868, 7.656305209041822
flux1:, 1.576289834571103, 0.012384922290109372, 0.006833286784394557, 2.216088864932318, -7.219867651463701, 7.290554585515415
flux1:, 1.577272191441707, 0.010919746932575487, 0.005968811667859364, 2.2048587184064807, -6.896819462295617, 6.940927846396694
flux1:, 1.578254548312311, 0.009542891471369856, 0.005168591993637233, 2.1889533292372856, -6.584250049307401, 6.606771668768243
flux1:, 1.579236905182915, 0.008250479338483456, 0.004428987364795413, 2.1685436255942117, -6.281895493262121, 6.287457460747607
flux1:, 1.580219262053519, 0.007038736508974467, 0.003746487643724732, 2.1438192779150995, -5.989510334086863, 5.982380616215344
flux1:, 1.5812016189241227, 0.005903992469642602, 0.0031177123231962206, 2.1149863561705597, -5.706865458461406, 5.690959764295609
flux1:, 1.5821839757947267, 0.004842680929168332, 0.002539409646692612, 2.082265049205553, -5.433746100528795, 5.412636016766609
flux1:, 1.5831663326653307, 0.0038513402804860185, 0.002008455492371487, 2.0458874542051926, -5.169949958915391, 5.146872216354275
flux1:, 1.5841486895359347, 0.0029266138262759576, 0.0015218520350401923, 2.006095443551266, -4.915285432362025, 4.893152188648221
flux1:, 1.5851310464065387, 0.0020652497785787287, 0.0010767262003657772, 1.9631386155714752, -4.669569975442034, 4.650980000159683
flux1:, 1.5861134032771425, 0.00126410104365975, 0.0006703279255610066, 1.917272334897452, -4.432628575034237, 4.419879224828394
flux1:, 1.5870957601477467, 0.0005201248032712766, 0.0003000282405617047, 1.8687558673885574, -4.204292347475751, 4.199392221072644
flux1:, 1.5880781170183504, -0.00016961809651869455, -3.668281642960135e-05, 1.817850613809159, -3.984397255601297, 3.9890794212728706
flux1:, 1.5890604738889544, -0.0008079639377675978, -0.00034219843536233136, 1.7648184457069764, -3.7727829442190206, 3.7885186353721925
flux1:, 1.5900428307595584, -0.0013976470932743166, -0.0006187974093088965, 1.7099201462064888, -3.5692916919583118, 3.597304370086781
flux1:, 1.5910251876301624, -0.0019413011483514033, -0.0008686466348380514, 1.653413957726828, -3.373767476861317, 3.4150471650263587
flux1:, 1.5920075445007664, -0.0024414601708215153, -0.0010938037249196965, 1.5955542379439147, -3.1860551525727083, 3.241372946838904
flux1:, 1.5929899013713702, -0.002900560118508795, -0.0012962197218637232, 1.5365902246660303, -3.0059997315226554, 3.0759224023247302
flux1:, 1.5939722582419742, -0.003320940373561168, -0.0014777418980640342, 1.4767649096608286, -2.8334457710820313, 2.9183503712914334
flux1:, 1.5949546151125782, -0.003704845393236503, -0.0016401166327904848, 1.4163140208744005, -2.6682368583059395, 2.768325259763734
flux1:, 1.5959369719831822, -0.004054426466910688, -0.001784992353540593, 1.3554651119294512, -2.5102151885683757, 2.625528474011966
flux1:, 1.5969193288537862, -0.0043717435693313425, -0.0019139225309550325, 1.2944367572543756, -2.359221233124353, 2.489653875717693
flux1:, 1.59790168572439, -0.0046587673004064864, -0.002028368716684139, 1.233437850715488, -2.215093490418716, 2.360407258464226
flux1:, 1.598884042594994, -0.004917380902041186, -0.0021297036139995293, 1.1726670051673076, -2.0776683157886806, 2.2375058456141788
flux1:, 1.599866399465598, -0.005149382342856666, -0.002219214171419217, 1.1123120499312373, -1.9467798240789769, 2.120677809520047
flux1:, 1.600848756336202, -0.005356486461903283, -0.0022981046900640138, 1.0525496228356603, -1.8222598596038617, 2.0096618119086265
flux1:, 1.601831113206806, -0.005540327162790743, -0.0023674999358567097, 0.9935448531210929, -1.7039380278449237, 1.904206565182424
flux1:, 1.6028134700774097, -0.005702459649967423, -0.0024284482482050973, 0.9354511312238033, -1.5916417832696668, 1.8040704142937802
flux1:, 1.6037958269480137, -0.005844362699243, -0.0024819246372585744, 0.878409961193244, -1.4851965676817165, 1.7090209387653956
flux1:, 1.6047781838186177, -0.0059674409549225265, -0.0025288338622178365, 0.8225508912884463, -1.3844259935824212, 1.6188345743652501
flux1:, 1.6057605406892217, -0.006073027246325565, -0.002570013483737391, 0.7679915181221278, -1.2891520671150691, 1.5332962538770154
flux1:, 1.6067428975598257, -0.006162384916765087, -0.002606236883863808, 0.714837559580492, -1.199195445288372, 1.4521990663539859
flux1:, 1.6077252544304295, -0.00623671015842596, -0.0026382162474043727, 0.6631829916438543, -1.1143757223273025, 1.3753439342041685
flux1:, 1.6087076113010335, -0.00629713434693539, -0.0026666054991009813, 0.6131102441678117, -1.034511740170599, 1.30253930740617
flux1:, 1.6096899681716375, -0.006344726369754148, -0.0026920031914028017, 0.5646904506445845, -0.9594219183334431, 1.2336008741338902
flux1:, 1.6106723250422414, -0.006380494942883722, -0.0027149553380797745, 0.5179837469641, -0.8889245985631576, 1.1683512870383028
flux1:, 1.6116546819128454, -0.006405390910725225, -0.0027359581893490414, 0.47303961421932933, -0.8228383999496921, 1.106619904419792
flux1:, 1.6126370387834492, -0.006420309524261874, -0.0027554609445893516, 0.42989726065335604, -0.7609825803926961, 1.048242545514145
flux1:, 1.6136193956540532, -0.006426092693104545, -0.0027738683991607067, 0.3885860379279971, -0.703177400583039, 0.9930612591064616
flux1:, 1.6146017525246572, -0.006423531207237289, -0.002791543522193125, 0.3491258869951021, -0.6492444869185646, 0.9409241046920646
flux1:, 1.6155841093952612, -0.006413366924669836, -0.0028088099626490753, 0.31152780898089766, -0.5990071900448761, 0.8916849454067378
flux1:, 1.6165664662658652, -0.006396294921494465, -0.0028259544812807803, 0.27579435663760243, -0.5522909359825275, 0.8452032519567463
flux1:, 1.617548823136469, -0.006372965601197534, -0.002843229306533014, 0.24192014208249105, -0.5089235670809167, 0.801343916796597
flux1:, 1.618531180007073, -0.006343986760336123, -0.0028608544126903796, 0.20989235672297107, -0.46873567031215757, 0.7599770778184027
flux1:, 1.619513536877677, -0.006309925608042231, -0.0028790197190032753, 0.17969129946293674, -0.43156089069451636, 0.7209779508379444
flux1:, 1.620495893748281, -0.006271310737071931, -0.0028978872087655075, 0.15129090948726598, -0.3972362279031143, 0.6842266701877107
flux1:, 1.621478250618885, -0.006228634044412682, -0.0029175929676586256, 0.1246593001409971, -0.3656023143932581, 0.6496081367535571
flux1:, 1.6224606074894887, -0.006182352599724273, -0.002938249140938056, 0.09975929064032926, -0.33650367361908956, 0.6170118728208426
flux1:, 1.6234429643600927, -0.006132890460164057, -0.002959945809333131, 0.07654893258288503, -0.309788957182052, 0.5863318831267333
flux1:, 1.6244253212306967, -0.006080640430387516, -0.0029827527837800877, 0.0549820284579965, -0.2853111599851753, 0.5574665215484135
flux1:, 1.6254076781013007, -0.006025965766739571, -0.0030067213193123122, 0.03500863959327064, -0.26292781270109483, 0.5303183628895843
flux1:, 1.6263900349719047, -0.005969201824921822, -0.003031885748735428, 0.016575581211292004, -0.24250115108259818, 0.5047940792632892
flux1:, 1.6273723918425085, -0.005910657650579087, -0.0030582650368227503, -0.00037309749586572887, -0.22389826185294545, 0.480804320603398
flux1:, 1.6283547487131127, -0.005850617512513128, -0.0030858642560665623, -0.015895650130268155, -0.20699120510956978, 0.4582635988718136
flux1:, 1.6293371055837165, -0.0057893423783649265, -0.0031146759850878476, -0.03005218831898611, -0.19165711335899513, 0.4370901755659611
flux1:, 1.6303194624543205, -0.0057270713328558265, -0.003144681631100582, -0.04290425681394818, -0.17777826746852612, 0.4172059521628759
flux1:, 1.6313018193249245, -0.005664022938776416, -0.003175852677844918, -0.05451442964461021, -0.16524214997884462, 0.398536363173182
flux1:, 1.6322841761955285, -0.005600396541122304, -0.0032081518606268677, -0.06494592829500162, -0.15394147636187006, 0.3810102715117115
flux1:, 1.6332665330661325, -0.00553637351491383, -0.003241534270217362, -0.07426226267291988, -0.14377420493749696, 0.3645598659227254
flux1:, 1.6342488899367362, -0.005472118457345733, -0.003275948387413615, -0.08252689544307375, -0.1346435262763494, 0.3491205602322544
flux1:, 1.6352312468073402, -0.005407780325077153, -0.0033113370502359037, -0.08980293011174598, -0.12645783301680516, 0.33463089422761133
flux1:, 1.6362136036779442, -0.0053434935175574036, -0.003347638355762524, -0.09615282307292494, -0.11913067111099704, 0.3210324359963479
flux1:, 1.6371959605485482, -0.005279378907403377, -0.0033847864987091576, -0.10163811966292677, -0.11258067358771177, 0.3082696855826308
flux1:, 1.6381783174191522, -0.0052155448189273946, -0.003422712548886494, -0.10631921411421702, -0.10673147798178463, 0.2962899798462295
flux1:, 1.639160674289756, -0.005152087956007617, -0.003461345169752832, -0.11025513315851886, -0.10151162862660802, 0.2850433984339349
flux1:, 1.64014303116036, -0.005089094280570801, -0.0035006112803099916, -0.1135033428959866, -0.09685446504324814, 0.2744826707956827
flux1:, 1.641125388030964, -0.005026639842995548, -0.0035404366625677143, -0.11611957842898331, -0.0926979976845797, 0.26456308419967345
flux1:, 1.642107744901568, -0.004964791565841685, -0.0035807465169052782, -0.11815769564917014, -0.08898477230644412, 0.25524239271951327
flux1:, 1.643090101772172, -0.004903607982327711, -0.00362146596760462, -0.11966954447188473, -0.08566172424184113, 0.24648072718463873
flux1:, 1.6440724586427757, -0.004843139931028506, -0.0036625205208486587, -0.12070486272398775, -0.082680023848752, 0.23824050610083408
flux1:, 1.6450548155133797, -0.004783431208294964, -0.003703836477465031, -0.12131118981985431, -0.07999491438744671, 0.23048634756235203
flux1:, 1.6460371723839837, -0.004724519179928898, -0.0037453413027055907, -0.12153379929458367, -0.07756554356055842, 0.22318498218918945
flux1:, 1.6470195292545877, -0.0046664353536571305, -0.0037869639553000946, -0.12141564921243159, -0.07535478991959074, 0.21630516713413273
flux1:, 1.6480018861251917, -0.004609205913952307, -0.003828635177997725, -0.12099734942526497, -0.07332908530457118, 0.209817601213086
flux1:, 1.6489842429957955, -0.004552852220773647, -0.0038702877518056416, -0.12031714462344033, -0.07145823444100702, 0.20369484122012457
flux1:, 1.6499665998663995, -0.004497391273777681, -0.003911856716054392, -0.11941091209818248, -0.06971523277099195, 0.19791121949441404
flux1:, 1.6509489567370035, -0.004442836143553534, -0.003953279556405303, -0.11831217311966336, -0.068076083542528, 0.19244276281091646
flux1:, 1.6519313136076075, -0.004389196371425673, -0.00399449636285231, -0.11705211682968417, -0.06651961512522453, 0.1872671126701823
flux1:, 1.6529136704782115, -0.004336478339349688, -0.004035449959729057, -0.11565963554827301, -0.06502729946144704, 0.18236344706369592
flux1:, 1.6538960273488152, -0.0042846856113914955, -0.004076086009648224, -0.11416137040327404, -0.06358307249997149, 0.17771240379326506
flux1:, 1.6548783842194192, -0.004233819248294136, -0.0041163530932967285, -0.11258176620704344, -0.06217315739568792, 0.17329600542104423
flux1:, 1.6558607410900232, -0.004183878096556769, -0.004156202766882917, -0.1109431345255191, -0.06078589119407745, 0.16909758592637342
flux1:, 1.6568430979606272, -0.00413485905346366, -0.004195589599017063, -0.10926572391273105, -0.059411555653375324, 0.1651017191428875
flux1:, 1.6578254548312312, -0.004086757309438965, -0.00423447118871714, -0.10756779631453811, -0.058042212791550654, 0.1612941490458635
flux1:, 1.658807811701835, -0.004039566569084887, -0.004272808166180456, -0.10586570868259698, -0.05667154567967422, 0.15766172195610756
flux1:, 1.659790168572439, -0.003993279252204475, -0.004310564177874424, -0.10417399887862858, -0.05529470493847497, 0.15419232072171607
flux1:, 1.660772525443043, -0.003947886676081493, -0.004347705857443495, -0.10250547499254427, -0.053908161331265386, 0.1508748009340273
flux1:, 1.661754882313647, -0.0039033792202534372, -0.00438420278387711, -0.10087130724390203, -0.052509564784075397, 0.14769892922796143
flux1:, 1.662737239184251, -0.003859746474942803, -0.004420027428259579, -0.09928112168348081, -0.05109761010410925, 0.14465532371116285
flux1:, 1.6637195960548548, -0.003816977374310027, -0.004455155090437856, -0.09774309496213823, -0.04967190960918896, 0.14173539655955397
flux1:, 1.6647019529254587, -0.0037750603155975253, -0.0044895638267795366, -0.09626404948401397, -0.048232872825415815, 0.13893129881019958
flux1:, 1.6656843097960627, -0.0037339832652297524, -0.00452323437020753, -0.0948495483134278, -0.0467815933577274, 0.1362358673756758
flux1:, 1.6666666666666667, -0.0036937338528675715, -0.004556150043585298, -0.0935039892561286, -0.04531974298755945, 0.13364257429679902
