flux1:, 1.1764705882352942, 0.00014115646357608057, 5.737771010184421e-05
flux1:, 1.1774529451058982, 0.00015375792128810152, 6.245705621580803e-05
flux1:, 1.1784353019765021, 0.00016742477906992885, 6.796711956258139e-05
flux1:, 1.179417658847106, 0.0001822435132174199, 7.39427660301053e-05
flux1:, 1.18040001571771, 0.00019830439534925052, 8.04213759418304e-05
flux1:, 1.181382372588314, 0.0002157037789451346, 8.744309525512915e-05
flux1:, 1.182364729458918, 0.00023454825986382813, 9.505119013291596e-05
flux1:, 1.183347086329522, 0.00025495068594151376, 0.00010329215629744844
flux1:, 1.1843294432001257, 0.0002770294067837816, 0.00011221596537348475
flux1:, 1.1853118000707297, 0.0003009145680912042, 0.00012187635348438327
flux1:, 1.1862941569413337, 0.000326746363483906, 0.00013233085881729755
flux1:, 1.1872765138119377, 0.0003546707776761109, 0.00014364117863905636
flux1:, 1.1882588706825417, 0.00038484595724251, 0.00015587377553807902
flux1:, 1.1892412275531457, 0.00041744450253057455, 0.00016909990019520272
flux1:, 1.1902235844237494, 0.00045264669829315015, 0.000183395666322266
flux1:, 1.1912059412943534, 0.0004906443717830409, 0.0001988428509228894
flux1:, 1.1921882981649574, 0.0005316479315182604, 0.0002155292234153433
flux1:, 1.1931706550355614, 0.000575879362975929, 0.00023354839344241738
flux1:, 1.1941530119061654, 0.0006235711624299571, 0.0002530006416296199
flux1:, 1.1951353687767692, 0.0006749776554889587, 0.0002739937217482279
flux1:, 1.1961177256473732, 0.0007303714080932938, 0.0002966425129983208
flux1:, 1.1971000825179772, 0.0007900350241613208, 0.0003210695775764368
flux1:, 1.1980824393885812, 0.0008542732786404895, 0.000347406618199152
flux1:, 1.1990647962591852, 0.0009234180697527279, 0.000375794212170699
flux1:, 1.200047153129789, 0.0009978147660300704, 0.0004063816571227203
flux1:, 1.201029510000393, 0.0010778280518846206, 0.00043932913001740274
flux1:, 1.202011866870997, 0.0011638567367061702, 0.00047480821731826176
flux1:, 1.202994223741601, 0.0012563217138881501, 0.0005130004412316535
flux1:, 1.203976580612205, 0.0013556610425680638, 0.0005540994351568648
flux1:, 1.2049589374828087, 0.0014623502228997107, 0.00059831379808709
flux1:, 1.2059412943534127, 0.0015768982070057873, 0.0006458644500216472
flux1:, 1.2069236512240167, 0.0016998312802841901, 0.000696984087235424
flux1:, 1.2079060080946207, 0.0018317132482067171, 0.0007519236630980582
flux1:, 1.2088883649652247, 0.001973156039170031, 0.0008109530042154092
flux1:, 1.2098707218358287, 0.0021247939073040824, 0.0008743537666312395
flux1:, 1.2108530787064324, 0.002287291763586255, 0.0009424226617106977
flux1:, 1.2118354355770364, 0.0024613755630608293, 0.0010154824003470295
flux1:, 1.2128177924476404, 0.0026478111325989252, 0.0010938788673577975
flux1:, 1.2138001493182444, 0.0028473884011934614, 0.001177971396889422
flux1:, 1.2147825061888484, 0.0030609590341680614, 0.0012681383315256511
flux1:, 1.2157648630594522, 0.0032894363812498812, 0.0013647879471959006
flux1:, 1.2167472199300562, 0.00353376161366449, 0.0014683558072526846
flux1:, 1.2177295768006602, 0.0037949335144127306, 0.0015792997581424184
flux1:, 1.2187119336712642, 0.004074033750050352, 0.00169810452463135
flux1:, 1.2196942905418682, 0.004372182245428547, 0.0018252848915685518
flux1:, 1.220676647412472, 0.0046905446168094365, 0.001961384236323622
flux1:, 1.221659004283076, 0.005030387943734285, 0.002106977973541608
flux1:, 1.22264136115368, 0.00539304522286519, 0.00226267766399026
flux1:, 1.223623718024284, 0.005779882014630267, 0.002429129250198547
flux1:, 1.224606074894888, 0.0061923679316853416, 0.0026070137732003913
flux1:, 1.2255884317654917, 0.006632078666154333, 0.0027970524086325752
flux1:, 1.2265707886360957, 0.007100620233275637, 0.0030000071384564055
flux1:, 1.2275531455066997, 0.007599685366139496, 0.0032166805196888067
flux1:, 1.2285355023773037, 0.008131117558346916, 0.003447920560260233
flux1:, 1.2295178592479077, 0.008696813608068161, 0.0036946233100852814
flux1:, 1.2305002161185117, 0.00929872095165035, 0.003957731761483912
flux1:, 1.2314825729891155, 0.009938968381138847, 0.0042382394929454045
flux1:, 1.2324649298597194, 0.01061979598247962, 0.004537195261764354
flux1:, 1.2334472867303234, 0.011343451434530567, 0.004855702260660794
flux1:, 1.2344296436009274, 0.01211235777286749, 0.00519491998331402
flux1:, 1.2354120004715314, 0.012929150045774952, 0.005556070431444548
flux1:, 1.2363943573421352, 0.013796449216050728, 0.005940439115187478
flux1:, 1.2373767142127392, 0.014716971064905118, 0.006349374661155017
flux1:, 1.2383590710833432, 0.015693775307150198, 0.006784295011033559
flux1:, 1.2393414279539472, 0.016729981031522564, 0.00724669154606275
flux1:, 1.2403237848245512, 0.01782859735639419, 0.007738127375354831
flux1:, 1.241306141695155, 0.01899303612958842, 0.008260241040390637
flux1:, 1.242288498565759, 0.02022712924992239, 0.008814753827135462
flux1:, 1.243270855436363, 0.021534394381201666, 0.009403469870101648
flux1:, 1.244253212306967, 0.02291826044025114, 0.010028276049898095
flux1:, 1.245235569177571, 0.02438304678916548, 0.010691149374102867
flux1:, 1.2462179260481747, 0.02593352598770707, 0.011394161679713747
flux1:, 1.2472002829187787, 0.02757375728415341, 0.012139478599739868
flux1:, 1.2481826397893827, 0.029307637943266112, 0.012929363216629129
flux1:, 1.2491649966599867, 0.031140154504066764, 0.013766183002500711
flux1:, 1.2501473535305907, 0.033076931150092324, 0.01465241196661178
flux1:, 1.2511297104011945, 0.03512317536439513, 0.015590631895940673
flux1:, 1.2521120672717985, 0.03728395032429105, 0.016583536835828003
flux1:, 1.2530944241424025, 0.03956477879018026, 0.017633937310035937
flux1:, 1.2540767810130065, 0.04197148740069587, 0.018744764028596733
flux1:, 1.2550591378836105, 0.04451014986098603, 0.01991907151716499
flux1:, 1.2560414947542144, 0.0471873130452992, 0.02116003962052242
flux1:, 1.2570238516248182, 0.05000976075416608, 0.02247097696309462
flux1:, 1.2580062084954222, 0.052984259183714334, 0.02385532825695366
flux1:, 1.2589885653660262, 0.05611782913412249, 0.02531667727278457
flux1:, 1.2599709222366302, 0.05941787562696873, 0.026858746035656307
flux1:, 1.2609532791072342, 0.06289199664615826, 0.02848540031588533
flux1:, 1.261935635977838, 0.06654808408013799, 0.030200657132016105
flux1:, 1.262917992848442, 0.07039448738532036, 0.03200868527336852
flux1:, 1.263900349719046, 0.07443982783375853, 0.03391380617177503
flux1:, 1.26488270658965, 0.07869293890660625, 0.035920500181022934
flux1:, 1.265865063460254, 0.08316304782122984, 0.03803341013698902
flux1:, 1.266847420330858, 0.0878597068129987, 0.04025734256084847
flux1:, 1.2678297772014617, 0.09279267960519812, 0.042597272391074026
flux1:, 1.2688121340720657, 0.09797211200886152, 0.04505834596175893
flux1:, 1.2697944909426697, 0.10340856724921149, 0.047645881105061384
flux1:, 1.2707768478132737, 0.10911286982083218, 0.05036537210388871
flux1:, 1.2717592046838777, 0.11509620535371377, 0.05322249489278285
flux1:, 1.2727415615544815, 0.12137023573139417, 0.056223105802246244
flux1:, 1.2737239184250855, 0.1279469310905189, 0.05937324285103333
flux1:, 1.2747062752956895, 0.1348385691309506, 0.06267913194039523
flux1:, 1.2756886321662935, 0.14205792893493216, 0.0661471875424291
flux1:, 1.2766709890368975, 0.14961818159287243, 0.06978401138036391
flux1:, 1.2776533459075012, 0.1575327525765179, 0.07359639699564365
flux1:, 1.2786357027781052, 0.1658155294611697, 0.07759133169027368
flux1:, 1.2796180596487092, 0.1744809166040518, 0.08177599360411171
flux1:, 1.2806004165193132, 0.18354361444012102, 0.0861577542500161
flux1:, 1.2815827733899172, 0.19301868848768203, 0.09074418185496672
flux1:, 1.282565130260521, 0.20292176236597217, 0.09554303762413766
flux1:, 1.283547487131125, 0.2132688811147626, 0.10056227504770718
flux1:, 1.284529844001729, 0.22407642345485795, 0.10581004401040534
flux1:, 1.285512200872333, 0.23536125849813805, 0.11129468770364806
flux1:, 1.286494557742937, 0.24714071237958646, 0.11702473792841737
flux1:, 1.2874769146135407, 0.25943247037286093, 0.12300891782745983
flux1:, 1.2884592714841447, 0.27225471916210586, 0.1292561408031563
flux1:, 1.2894416283547487, 0.28562612902644435, 0.13577550359284188
flux1:, 1.2904239852253527, 0.29956565868929785, 0.14257628601708403
flux1:, 1.2914063420959567, 0.3140927260970928, 0.1496679506168423
flux1:, 1.2923886989665605, 0.3292274068105452, 0.15706013358468687
flux1:, 1.2933710558371645, 0.34499014566692215, 0.1647626408627156
flux1:, 1.2943534127077685, 0.36140162371576673, 0.17278544994030945
flux1:, 1.2953357695783725, 0.3784831076469266, 0.18113870124073447
flux1:, 1.2963181264489765, 0.3962564885206912, 0.18983268790273053
flux1:, 1.2973004833195805, 0.41474395160364025, 0.1988778558746214
flux1:, 1.2982828401901843, 0.4339680076301487, 0.20828479835593577
flux1:, 1.2992651970607882, 0.4539516923657849, 0.2180642422282941
flux1:, 1.3002475539313922, 0.4747184753161186, 0.22822704441679834
flux1:, 1.3012299108019962, 0.4962922190114892, 0.2387841889627905
flux1:, 1.3022122676726002, 0.5186972511647755, 0.24974677120955122
flux1:, 1.303194624543204, 0.5419582161071261, 0.26112598714737184
flux1:, 1.304176981413808, 0.5661000439448168, 0.27293313176218004
flux1:, 1.305159338284412, 0.5911482144373398, 0.2851795861015932
flux1:, 1.306141695155016, 0.6171287004320701, 0.2978768011944209
flux1:, 1.30712405202562, 0.6440676562483879, 0.3110362934910067
flux1:, 1.308106408896224, 0.6719915240147254, 0.3246696342042763
flux1:, 1.3090887657668278, 0.7009272503303952, 0.3387884295819198
flux1:, 1.3100711226374318, 0.7309021163156976, 0.3534043121956548
flux1:, 1.3110534795080357, 0.761943639520377, 0.3685289325692812
flux1:, 1.3120358363786397, 0.7940796973724112, 0.384173937743864
flux1:, 1.3130181932492437, 0.8273384135305042, 0.40035095793531683
flux1:, 1.3140005501198475, 0.8617480521672527, 0.41707160066767374
flux1:, 1.3149829069904515, 0.8973372205813044, 0.4343474287416896
flux1:, 1.3159652638610555, 0.9341348389912142, 0.4521899389552481
flux1:, 1.3169476207316595, 0.9721698553693104, 0.47061055726366524
flux1:, 1.3179299776022635, 1.0114713379007998, 0.4896206216772704
flux1:, 1.3189123344728673, 1.0520686503304801, 0.5092313548474647
flux1:, 1.3198946913434713, 1.0939912218988235, 0.5294538570573878
flux1:, 1.3208770482140753, 1.1372684617538076, 0.5502990954403111
flux1:, 1.3218594050846793, 1.1819299800651122, 0.5717778688368246
flux1:, 1.3228417619552832, 1.2280054600596326, 0.5939007915118615
flux1:, 1.323824118825887, 1.2755244055398876, 0.6166782956354477
flux1:, 1.324806475696491, 1.3245163230479209, 0.6401206013731754
flux1:, 1.325788832567095, 1.3750107984867672, 0.6642376814656613
flux1:, 1.326771189437699, 1.4270371962597428, 0.689039264703279
flux1:, 1.327753546308303, 1.4806246670222971, 0.7145348261111584
flux1:, 1.3287359031789068, 1.5358023406505503, 0.7407335391674854
flux1:, 1.3297182600495108, 1.592599081520465, 0.7676442578886236
flux1:, 1.3307006169201148, 1.651043305533994, 0.7952755279291261
flux1:, 1.3316829737907188, 1.7111632343083083, 0.8236355602256168
flux1:, 1.3326653306613228, 1.772986855874291, 0.8527321909437621
flux1:, 1.3336476875319265, 1.8365415752041514, 0.8825728736550559
flux1:, 1.3346300444025305, 1.901854304898866, 0.9131646672649965
flux1:, 1.3356124012731345, 1.968951651000479, 0.944514209748177
flux1:, 1.3365947581437385, 2.0378596223907337, 0.9766277136138768
flux1:, 1.3375771150143425, 2.10860345695286, 1.0095109522530554
flux1:, 1.3385594718849465, 2.181207833884459, 1.0431692145338691
flux1:, 1.3395418287555503, 2.2556968248337634, 1.077607291138216
flux1:, 1.3405241856261543, 2.3320936330827284, 1.1128294935425085
flux1:, 1.3415065424967583, 2.410420616360124, 1.1488396288488538
flux1:, 1.3424888993673623, 2.490699311721397, 1.1856409543934523
flux1:, 1.3434712562379663, 2.572950260756816, 1.2232361797324336
flux1:, 1.34445361310857, 2.657192993259966, 1.261627471121012
flux1:, 1.345435969979174, 2.743446049347748, 1.3008164176112413
flux1:, 1.346418326849778, 2.831726779334334, 1.340804014222182
flux1:, 1.347400683720382, 2.9220512752977186, 1.3815906698418863
flux1:, 1.348383040590986, 3.014434467047593, 1.4231761890457884
flux1:, 1.34936539746159, 3.1088899596868447, 1.4655597489514074
flux1:, 1.3503477543321938, 3.205429848619602, 1.5087399031291446
flux1:, 1.3513301112027978, 3.304064827311639, 1.5527145754540295
flux1:, 1.3523124680734018, 3.4048041536163147, 1.5974810382805325
flux1:, 1.3532948249440058, 3.50765539739431, 1.6430359119153426
flux1:, 1.3542771818146098, 3.612624449314643, 1.6893751670206518
flux1:, 1.3552595386852135, 3.719715586341895, 1.7364941078422897
flux1:, 1.3562418955558175, 3.828931239221028, 1.7843873678694544
flux1:, 1.3572242524264215, 3.940271887638149, 1.83304891708241
flux1:, 1.3582066092970255, 4.053736190222022, 1.8824720508749235
flux1:, 1.3591889661676295, 4.169320851917262, 1.9326493831333422
flux1:, 1.3601713230382333, 4.287020404188423, 1.9835728579305802
flux1:, 1.3611536799088373, 4.406827286049936, 2.0352337455786897
flux1:, 1.3621360367794413, 4.5287318307939, 2.08762263184002
flux1:, 1.3631183936500453, 4.652722022666431, 2.1407294319645414
flux1:, 1.3641007505206493, 4.7787834986401, 2.1945433983474314
flux1:, 1.365083107391253, 4.906899632326361, 2.2490531061527452
flux1:, 1.366065464261857, 5.037051320711728, 2.3042464614197193
flux1:, 1.367047821132461, 5.169216875078922, 2.3601107233692926
flux1:, 1.368030178003065, 5.30337215216866, 2.4166324963448558
flux1:, 1.369012534873669, 5.439490429857549, 2.4737977227677397
flux1:, 1.3699948917442728, 5.5775421989607015, 2.531591709050825
flux1:, 1.3709772486148768, 5.717495287483571, 2.589999139198659
flux1:, 1.3719596054854808, 5.859314888428906, 2.6490040643240187
flux1:, 1.3729419623560848, 6.002963304646881, 2.708589912749239
flux1:, 1.3739243192266888, 6.148399953501611, 2.7687395116163116
flux1:, 1.3749066760972926, 6.295581514675874, 2.8294350897584724
flux1:, 1.3758890329678966, 6.444461748520606, 2.8906582852423672
flux1:, 1.3768713898385005, 6.594991372391005, 2.952390164745238
flux1:, 1.3778537467091045, 6.747118237280449, 3.0146112275737407
flux1:, 1.3788361035797085, 6.900787277004702, 3.077301410280184
flux1:, 1.3798184604503125, 7.05594030204916, 3.1404401113543887
flux1:, 1.3808008173209163, 7.212516126614494, 3.2040062041486976
flux1:, 1.3817831741915203, 7.370450667265414, 3.2679780341461058
flux1:, 1.3827655310621243, 7.529676734029331, 3.3323334365001966
flux1:, 1.3837478879327283, 7.690124043972723, 3.3970497598819205
flux1:, 1.3847302448033323, 7.851719429512836, 3.462103867963951
flux1:, 1.3857126016739363, 8.01438672121894, 3.5274721462024083
flux1:, 1.38669495854454, 8.178046632245428, 3.593130527566164
flux1:, 1.387677315415144, 8.34261698159138, 3.6590545037185964
flux1:, 1.388659672285748, 8.508012740299735, 3.7252191248264066
flux1:, 1.389642029156352, 8.674145857379772, 3.791599018642105
flux1:, 1.390624386026956, 8.84092539775956, 3.858168411594114
flux1:, 1.3916067428975598, 9.00825773358472, 3.924901129382052
flux1:, 1.3925890997681638, 9.176046417359881, 3.991770602774438
flux1:, 1.3935714566387678, 9.344192203058881, 4.058749892315142
flux1:, 1.3945538135093718, 9.512593305998218, 4.125811703167256
flux1:, 1.3955361703799758, 9.681145391837365, 4.192928381505922
flux1:, 1.3965185272505796, 9.849741507217285, 4.260071921029364
flux1:, 1.3975008841211836, 10.018272329378835, 4.32721398811059
flux1:, 1.3984832409917876, 10.18662630065265, 4.394325937722396
flux1:, 1.3994655978623916, 10.354689530356776, 4.461378808648368
flux1:, 1.4004479547329955, 10.522345963081944, 4.528343326445097
flux1:, 1.4014303116035993, 10.689477633472217, 4.5951899269089616
flux1:, 1.4024126684742033, 10.8559646190653, 4.661888768836585
flux1:, 1.4033950253448073, 11.021685103548997, 4.728409727149369
flux1:, 1.4043773822154113, 11.186515694696071, 4.794722400798416
flux1:, 1.4053597390860153, 11.350331496535802, 4.860796135809828
flux1:, 1.406342095956619, 11.513006084038095, 4.926600030753679
flux1:, 1.407324452827223, 11.674411796454867, 4.992102935345317
flux1:, 1.408306809697827, 11.834419959084478, 5.0572734627620415
flux1:, 1.409289166568431, 11.99290083980724, 5.122079993904794
flux1:, 1.410271523439035, 12.149723839191328, 5.186490676377816
flux1:, 1.4112538803096388, 12.304757825173267, 5.250473448285418
flux1:, 1.4122362371802428, 12.457871172318553, 5.313996056218442
flux1:, 1.4132185940508468, 12.608931839844981, 5.377026036973058
flux1:, 1.4142009509214508, 12.75780772437335, 5.439530717240689
flux1:, 1.4151833077920548, 12.90436682461009, 5.501477250595218
flux1:, 1.4161656646626586, 13.048477255973868, 5.562832625711171
flux1:, 1.4171480215332626, 13.190007548195801, 5.6235636481735325
flux1:, 1.4181303784038666, 13.328826936467603, 5.683636958866198
flux1:, 1.4191127352744706, 13.464805383582709, 5.7430190620307355
flux1:, 1.4200950921450746, 13.59781376514022, 5.8016763181738975
flux1:, 1.4210774490156786, 13.727724229702117, 5.859574946946167
flux1:, 1.4220598058862823, 13.854410309428598, 5.916681056839963
flux1:, 1.4230421627568863, 13.977747009425824, 5.972960654015868
flux1:, 1.4240245196274903, 14.09761114898156, 6.028379644581979
flux1:, 1.4250068764980943, 14.213881575950996, 6.082903862426787
flux1:, 1.4259892333686983, 14.326439215347158, 6.136499082359646
flux1:, 1.4269715902393023, 14.435167340473416, 6.189131015737885
flux1:, 1.427953947109906, 14.539951869331167, 6.240765342160055
flux1:, 1.42893630398051, 14.640681424244262, 6.291367747858095
flux1:, 1.429918660851114, 14.737247505787238, 6.3409039223019406
flux1:, 1.430901017721718, 14.829544826928215, 6.389339567930901
flux1:, 1.431883374592322, 14.917471431769865, 6.436640450018557
flux1:, 1.4328657314629258, 15.000928777470566, 6.482772420987672
flux1:, 1.4338480883335298, 15.079822043569138, 6.527701422450596
flux1:, 1.4348304452041338, 15.154060332775977, 6.571393523709809
flux1:, 1.4358128020747378, 15.22355669961765, 6.613814965498989
flux1:, 1.4367951589453418, 15.288228377389293, 6.654932172584269
flux1:, 1.4377775158159456, 15.347997047003958, 6.694711782710238
flux1:, 1.4387598726865496, 15.402788870585972, 6.733120698753743
flux1:, 1.4397422295571536, 15.452534605117425, 6.770126117610801
flux1:, 1.4407245864277576, 15.497169884745224, 6.805695555882998
flux1:, 1.4417069432983616, 15.536635308140841, 6.83979690213564
flux1:, 1.4426893001689653, 15.570876454773643, 6.872398460229239
flux1:, 1.4436716570395693, 15.599844115521272, 6.903468978865406
flux1:, 1.4446540139101733, 15.623494448887042, 6.932977701748445
flux1:, 1.4456363707807773, 15.641788948699062, 6.9608944197236164
flux1:, 1.4466187276513813, 15.654694571820464, 6.987189506349433
flux1:, 1.447601084521985, 15.662183934659328, 7.011833968428806
flux1:, 1.448583441392589, 15.664235288958729, 7.0347995061068165
flux1:, 1.449565798263193, 15.660832533175496, 7.0560585526468085
flux1:, 1.450548155133797, 15.651965393360486, 7.075584320522819
flux1:, 1.451530512004401, 15.637629445445304, 7.093350868385527
flux1:, 1.4525128688750049, 15.617826039273309, 7.1093331522282055
flux1:, 1.4534952257456089, 15.592562409126998, 7.123507067806763
flux1:, 1.4544775826162128, 15.561851744102409, 7.135849514170614
flux1:, 1.4554599394868168, 15.5257130714677, 7.146338451410563
flux1:, 1.4564422963574208, 15.48417126159118, 7.154952943443368
flux1:, 1.4574246532280246, 15.437257118311422, 7.16167322157938
flux1:, 1.4584070100986286, 15.385007271310638, 7.166480749999426
flux1:, 1.4593893669692326, 15.327464069960937, 7.169358261742081
flux1:, 1.4603717238398366, 15.264675642975433, 7.170289806744581
flux1:, 1.4613540807104406, 15.196695834856506, 7.1692608259980615
flux1:, 1.4623364375810444, 15.123584023677441, 7.166258202081323
flux1:, 1.4633187944516486, 15.045405099799366, 7.161270295444614
flux1:, 1.4643011513222524, 14.962229442734609, 7.1542870042217634
flux1:, 1.4652835081928564, 14.8741327164656, 7.145299815320602
flux1:, 1.4662658650634603, 14.781195741110427, 7.134301835334517
flux1:, 1.4672482219340643, 14.683504469757668, 7.121287844768649
flux1:, 1.4682305788046683, 14.581149809564605, 7.106254353919627
flux1:, 1.4692129356752721, 14.474227407022996, 7.089199621680962
flux1:, 1.470195292545876, 14.36283757636093, 7.0701236866437
flux1:, 1.47117764941648, 14.247085158255437, 7.049028427888997
flux1:, 1.472160006287084, 14.127079265957379, 7.025917591523441
flux1:, 1.473142363157688, 14.002933142091099, 7.000796794462441
flux1:, 1.4741247200282919, 13.874764030733106, 6.97367356424655
flux1:, 1.4751070768988959, 13.742692914747888, 6.944557375765087
flux1:, 1.4760894337694999, 13.60684430954007, 6.913459647973897
flux1:, 1.4770717906401039, 13.467346139470752, 6.880393755091417
flux1:, 1.4780541475107078, 13.32432948602954, 6.845375057285148
flux1:, 1.4790365043813116, 13.177928313544257, 6.808420897911724
flux1:, 1.4800188612519156, 13.028279328117062, 6.769550592260177
flux1:, 1.4810012181225196, 12.87552177304099, 6.728785441728318
flux1:, 1.4819835749931236, 12.719797115602807, 6.686148729385157
flux1:, 1.4829659318637276, 12.561248846960963, 6.641665691614884
flux1:, 1.4839482887343314, 12.40002231881347, 6.595363511498401
flux1:, 1.4849306456049354, 12.236264444225851, 6.547271310885727
flux1:, 1.4859130024755394, 12.070123432694274, 6.497420110698861
flux1:, 1.4868953593461434, 11.90174863393977, 6.445842800275801
flux1:, 1.4878777162167474, 11.731290287962342, 6.392574120529441
flux1:, 1.4888600730873511, 11.558899222292682, 6.337650619086869
flux1:, 1.4898424299579551, 11.38472666802345, 6.281110598986969
flux1:, 1.4908247868285591, 11.20892406440077, 6.222994087351379
flux1:, 1.4918071436991631, 11.031642761794133, 6.163342785641033
flux1:, 1.4927895005697671, 10.853033792299547, 6.1022000011969375
flux1:, 1.4937718574403709, 10.673247703061872, 6.039610600156494
flux1:, 1.4947542143109749, 10.49243430677876, 5.975620956037171
flux1:, 1.4957365711815789, 10.310742431189654, 5.910278868563564
flux1:, 1.4967189280521829, 10.12831974358789, 5.843633495149483
flux1:, 1.4977012849227869, 9.945312540096447, 5.775735295642766
flux1:, 1.4986836417933906, 9.761865514836662, 5.70663594736015
flux1:, 1.4996659986639946, 9.578121595722731, 5.636388256085132
flux1:, 1.5006483555345986, 9.394221755435895, 5.565046092052524
flux1:, 1.5016307124052026, 9.21030477675032, 5.492664310960948
flux1:, 1.5026130692758066, 9.02650710186169, 5.41929865716834
flux1:, 1.5035954261464104, 8.842962708695332, 5.345005685477815
flux1:, 1.5045777830170146, 8.659802899380374, 5.269842674264335
flux1:, 1.5055601398876184, 8.477156120741189, 5.193867515439182
flux1:, 1.5065424967582224, 8.295147873171508, 5.117138635006767
flux1:, 1.5075248536288264, 8.113900564152834, 5.039714928724075
flux1:, 1.5085072104994304, 7.933533331182251, 4.961655647931185
flux1:, 1.5094895673700344, 7.754161957856309, 4.883020280719027
flux1:, 1.5104719242406381, 7.575898787190492, 4.803868485667408
flux1:, 1.5114542811112421, 7.398852566278694, 4.7242600137220485
flux1:, 1.5124366379818461, 7.223128354822193, 4.644254586875444
flux1:, 1.5134189948524501, 7.048827487630726, 4.563911804111654
flux1:, 1.5144013517230541, 6.876047468261628, 4.483291073729643
flux1:, 1.515383708593658, 6.70488187331059, 4.4024515123275725
flux1:, 1.516366065464262, 6.535420341058852, 4.321451839555316
flux1:, 1.5173484223348659, 6.367748524805579, 4.240350304521663
flux1:, 1.5183307792054699, 6.201948007170593, 4.159204601278802
flux1:, 1.5193131360760739, 6.038096292957198, 4.078071770744918
flux1:, 1.5202954929466777, 5.876266816318, 3.9970081300482474
flux1:, 1.5212778498172816, 5.716528885338918, 3.916069199960791
flux1:, 1.5222602066878856, 5.558947672054151, 3.835309603858635
flux1:, 1.5232425635584896, 5.403584260265739, 3.7547829899712073
flux1:, 1.5242249204290936, 5.250495635281203, 3.674541984355546
flux1:, 1.5252072772996974, 5.099734668368443, 3.5946381175807414
flux1:, 1.5261896341703014, 4.951350182041821, 3.515121736247765
flux1:, 1.5271719910409054, 4.80538699591472, 3.436041946490426
flux1:, 1.5281543479115094, 4.661885920816863, 3.357446567654147
flux1:, 1.5291367047821134, 4.520883816872821, 3.279382068991165
flux1:, 1.5301190616527172, 4.382413686604981, 3.2018935114931186
flux1:, 1.5311014185233212, 4.246504703229066, 3.12502450168189
flux1:, 1.5320837753939252, 4.113182250806776, 3.0488171459959443
flux1:, 1.5330661322645291, 3.982468035428888, 2.9733120121444947
flux1:, 1.5340484891351331, 3.8543801664093533, 2.898548091077889
flux1:, 1.535030846005737, 3.7289331957951104, 2.824562752523561
flux1:, 1.536013202876341, 3.606138212995535, 2.7513917203333635
flux1:, 1.536995559746945, 3.486002965903215, 2.679069063755167
flux1:, 1.537977916617549, 3.3685319354856413, 2.6076271626829945
flux1:, 1.538960273488153, 3.2537264109280915, 2.5370966693720867
flux1:, 1.5399426303587567, 3.1415846041220865, 2.467506516586138
flux1:, 1.5409249872293607, 3.0321017609113, 2.398883930567736
flux1:, 1.5419073440999647, 2.925270259967012, 2.3312543988912124
flux1:, 1.5428897009705687, 2.821079717288159, 2.2646416459746317
flux1:, 1.5438720578411727, 2.719517086786745, 2.1990676584435964
flux1:, 1.5448544147117764, 2.620566769235791, 2.1345527086021243
flux1:, 1.5458367715823806, 2.52421074076218, 2.0711153468878742
flux1:, 1.5468191284529844, 2.430428663361039, 2.008772402650832
flux1:, 1.5478014853235884, 2.3391979766244013, 1.9475390076436763
flux1:, 1.5487838421941924, 2.250494015909801, 1.8874286208648317
flux1:, 1.5497661990647964, 2.164290139047882, 1.8284530512864647
flux1:, 1.5507485559354004, 2.0805578269980733, 1.7706224816991163
flux1:, 1.5517309128060042, 1.999266794673583, 1.7139454919588397
flux1:, 1.5527132696766082, 1.9203851216427132, 1.6584290899143688
flux1:, 1.5536956265472122, 1.8438793532277682, 1.604078748925983
flux1:, 1.5546779834178162, 1.7697145875618914, 1.550898439501983
flux1:, 1.5556603402884202, 1.697854597519848, 1.4988906635989898
flux1:, 1.556642697159024, 1.6282619535479488, 1.448056502045006
flux1:, 1.557625054029628, 1.5608981133355366, 1.3983956592938238
flux1:, 1.558607410900232, 1.4957235200338657, 1.3499064992873413
flux1:, 1.559589767770836, 1.4326977191003338, 1.3025860877096265
flux1:, 1.56057212464144, 1.3717794526633291, 1.2564302399162233
flux1:, 1.5615544815120437, 1.312926741280075, 1.2114335672827286
flux1:, 1.5625368383826477, 1.2560969840190075, 1.1675895298329189
flux1:, 1.5635191952532517, 1.2012470573201888, 1.1248904896789431
flux1:, 1.5645015521238557, 1.148333398476911, 1.0833277518774564
flux1:, 1.5654839089944597, 1.097312091873857, 1.042891608894479
flux1:, 1.5664662658650634, 1.0481389543553548, 1.0035714013643393
flux1:, 1.5674486227356674, 1.0007696096106249, 0.9653555723164609
flux1:, 1.5684309796062714, 0.9551595656148181, 0.9282317084429732
flux1:, 1.5694133364768754, 0.9112642934762878, 0.892186591462164
flux1:, 1.5703956933474794, 0.8690392930341424, 0.8572062558242406
flux1:, 1.5713780502180832, 0.8284401577264892, 0.8232760345189308
flux1:, 1.5723604070886872, 0.7894226458187616, 0.7903806056081362
flux1:, 1.5733427639592912, 0.7519427396383077, 0.758504048165652
flux1:, 1.5743251208298952, 0.7159566969950963, 0.7276298897116472
flux1:, 1.5753074777004992, 0.6814211115297656, 0.6977411471969776
flux1:, 1.576289834571103, 0.648292967491508, 0.6688203788341447
flux1:, 1.577272191441707, 0.6165296801822803, 0.6408497352036948
flux1:, 1.578254548312311, 0.5860891418557963, 0.6138109975656186
flux1:, 1.579236905182915, 0.5569297707611235, 0.5876856197885872
flux1:, 1.580219262053519, 0.5290105452020996, 0.5624547774642141
flux1:, 1.5812016189241227, 0.5022910353149377, 0.5380994081992831
flux1:, 1.5821839757947267, 0.476731443559729, 0.5146002479533447
flux1:, 1.5831663326653307, 0.45229263562142913, 0.4919378739206869
flux1:, 1.5841486895359347, 0.4289361607755423, 0.4700927428400858
flux1:, 1.5851310464065387, 0.40662427939815454, 0.449045222113983
flux1:, 1.5861134032771425, 0.38531998958227887, 0.4287756267507866
flux1:, 1.5870957601477467, 0.3649870418603038, 0.40926425704290154
flux1:, 1.5880781170183504, 0.3455899555816357, 0.3904914265902018
flux1:, 1.5890604738889544, 0.3270940385670787, 0.3724374907991867
flux1:, 1.5900428307595584, 0.3094653966096815, 0.355082880163394
flux1:, 1.5910251876301624, 0.29267094041189945, 0.3384081267966005
flux1:, 1.5920075445007664, 0.27667839873236794, 0.3223938868151116
flux1:, 1.5929899013713702, 0.26145632482217745, 0.3070209676917807
flux1:, 1.5939722582419742, 0.246974095264926, 0.29227035281371455
flux1:, 1.5949546151125782, 0.233201914856252, 0.27812321939631035
flux1:, 1.5959369719831822, 0.2201108209030244, 0.26456095946915664
flux1:, 1.5969193288537862, 0.20767267756991295, 0.25156520163226614
flux1:, 1.59790168572439, 0.1958601720880973, 0.2391178255556187
flux1:, 1.598884042594994, 0.18464681554410606, 0.22720097647651313
flux1:, 1.599866399465598, 0.17400693579502016, 0.21579708333423755
flux1:, 1.600848756336202, 0.16391566703824673, 0.20488887129993594
flux1:, 1.601831113206806, 0.1543489454109014, 0.19445937075229017
flux1:, 1.6028134700774097, 0.1452835013432563, 0.18449193071016662
flux1:, 1.6037958269480137, 0.13669684532981824, 0.17497022990608338
flux1:, 1.6047781838186177, 0.1285672579513434, 0.16587828165513993
flux1:, 1.6057605406892217, 0.12087378138265786, 0.1572004418526141
flux1:, 1.6067428975598257, 0.11359620393468288, 0.1489214184922096
flux1:, 1.6077252544304295, 0.10671504511328968, 0.14102627414554778
flux1:, 1.6087076113010335, 0.10021154508193007, 0.1335004283378672
flux1:, 1.6096899681716375, 0.09406764958993181, 0.1263296648832778
flux1:, 1.6106723250422414, 0.08826599199089354, 0.11950013395808169
flux1:, 1.6116546819128454, 0.08278987997799947, 0.11299834941816884
flux1:, 1.6126370387834492, 0.0776232814522134, 0.10681119227642791
flux1:, 1.6136193956540532, 0.07275080564418229, 0.10092591392393327
flux1:, 1.6146017525246572, 0.06815768671492643, 0.09533013042608758
flux1:, 1.6155841093952612, 0.06382976944590206, 0.0900118195428453
flux1:, 1.6165664662658652, 0.05975349115419535, 0.08495932511688875
flux1:, 1.617548823136469, 0.055915863956283576, 0.08016135394238649
flux1:, 1.618531180007073, 0.052304460102157224, 0.07560696528062026
flux1:, 1.619513536877677, 0.04890739458787096, 0.07128556908449413
flux1:, 1.620495893748281, 0.04571330629052147, 0.0671869289511509
flux1:, 1.621478250618885, 0.042711342997666435, 0.06330115490628371
flux1:, 1.6224606074894887, 0.039891145997566185, 0.059618692103080385
flux1:, 1.6234429643600927, 0.03724283126047317, 0.05613031749335006
flux1:, 1.6244253212306967, 0.034756973122880556, 0.05282713850034843
flux1:, 1.6254076781013007, 0.03242459035627662, 0.04970058582241455
flux1:, 1.6263900349719047, 0.03023712919908845, 0.046742405000325345
flux1:, 1.6273723918425085, 0.028186446318371194, 0.043944650352621704
flux1:, 1.6283547487131127, 0.02626479512924457, 0.04129967841063245
flux1:, 1.6293371055837165, 0.02446481097155198, 0.03880014065544726
flux1:, 1.6303194624543205, 0.02277949456708047, 0.03643897714281107
flux1:, 1.6313018193249245, 0.021202198292068007, 0.0342094096854429
flux1:, 1.6322841761955285, 0.01972661324093922, 0.032104934022452264
flux1:, 1.6332665330661325, 0.018346753926930498, 0.030119312354617876
flux1:, 1.6342488899367362, 0.017056944340420786, 0.02824656612460483
flux1:, 1.6352312468073402, 0.01585180644921959, 0.026480968421551274
flux1:, 1.6362136036779442, 0.014726247053776925, 0.024817036580314714
flux1:, 1.6371959605485482, 0.013675443974646071, 0.023249524970583652
flux1:, 1.6381783174191522, 0.01269483488953499, 0.021773417514617893
flux1:, 1.639160674289756, 0.011780106485345273, 0.020383920326981022
flux1:, 1.64014303116036, 0.010927182068030035, 0.01907645457238766
flux1:, 1.641125388030964, 0.010132210319147456, 0.01784664912097708
flux1:, 1.642107744901568, 0.009391555529383002, 0.016690333302368635
flux1:, 1.643090101772172, 0.008701787212725007, 0.015603530009539466
flux1:, 1.6440724586427757, 0.008059669854274715, 0.01458244873572195
flux1:, 1.6450548155133797, 0.00746215371818855, 0.013623478632577606
flux1:, 1.6460371723839837, 0.006906365569182541, 0.012723181925279528
flux1:, 1.6470195292545877, 0.006389599586330178, 0.011878287370271289
flux1:, 1.6480018861251917, 0.0059093093061664105, 0.011085683685766824
flux1:, 1.6489842429957955, 0.005463099487144784, 0.010342413318010748
flux1:, 1.6499665998663995, 0.005048717789264714, 0.009645666349028865
flux1:, 1.6509489567370035, 0.004664047569436458, 0.008992774356730621
flux1:, 1.6519313136076075, 0.0043071010632713905, 0.008381204584437916
flux1:, 1.6529136704782115, 0.003976012004026856, 0.007808554346454919
flux1:, 1.6538960273488152, 0.0036690289509867914, 0.007272545371265833
flux1:, 1.6548783842194192, 0.003384509554551897, 0.006771018408838118
flux1:, 1.6558607410900232, 0.003120914366066595, 0.006301928163215005
flux1:, 1.6568430979606272, 0.002876800683235487, 0.005863338121088013
flux1:, 1.6578254548312312, 0.002650817466517489, 0.0054534155441668284
flux1:, 1.658807811701835, 0.0024417003368836844, 0.005070426940718745
flux1:, 1.659790168572439, 0.002248266215697507, 0.004712733452150137
flux1:, 1.660772525443043, 0.0020694086598476006, 0.004378786152214453
flux1:, 1.661754882313647, 0.0019040936734268166, 0.004067121978637845
flux1:, 1.662737239184251, 0.0017513552248220414, 0.00377635987449883
flux1:, 1.6637195960548548, 0.0016102911087114797, 0.003505196447343293
flux1:, 1.6647019529254587, 0.0014800593798662209, 0.0032524019642245867
flux1:, 1.6656843097960627, 0.0013598745988374571, 0.003016817173896467
flux1:, 1.6666666666666667, 0.0012490041949115365, 0.0027973498879182252
