flux1:, 1.1764705882352942, 0.0002663127315882111, 0.0002661772669913591
flux1:, 1.1774529451058982, 5.083228855968724e-05, 5.080185695736654e-05
flux1:, 1.1784353019765021, 8.175477854033748e-05, 8.169657938974497e-05
flux1:, 1.179417658847106, 0.00030368362274403046, 0.00030352353130552354
flux1:, 1.18040001571771, 0.0001336054421087734, 0.00013353894546250562
flux1:, 1.181382372588314, 1.540697277221492e-05, 1.538457420163153e-05
flux1:, 1.182364729458918, 0.0002896862339975611, 0.00028952390717342435
flux1:, 1.183347086329522, 0.0002484497476636147, 0.00024832486758469795
flux1:, 1.1843294432001257, -1.0895544961407757e-05, -1.0896976590357241e-05
flux1:, 1.1853118000707297, 0.000220493395435679, 0.00022035961086785182
flux1:, 1.1862941569413337, 0.000365542269532681, 0.00036534890607212053
flux1:, 1.1872765138119377, 3.061179934504242e-05, 3.0596040865950824e-05
flux1:, 1.1882588706825417, 0.00011205656485166257, 0.00011197974124138326
flux1:, 1.1892412275531457, 0.0004466057579377625, 0.0004463580547600212
flux1:, 1.1902235844237494, 0.00015372493055907518, 0.00015364459506493597
flux1:, 1.1912059412943534, 1.6628062935575398e-06, 1.6506506523931078e-06
flux1:, 1.1921882981649574, 0.0004550451812469156, 0.0004547854362473924
flux1:, 1.1931706550355614, 0.0003497237927050834, 0.0003495317215128464
flux1:, 1.1941530119061654, -5.533487118989907e-05, -5.5311654515626884e-05
flux1:, 1.1951353687767692, 0.00036961535756871726, 0.00036940211651869477
flux1:, 1.1961177256473732, 0.000581990568146331, 0.0005816656134328657
flux1:, 1.1971000825179772, 5.676107120518675e-06, 5.664401237158204e-06
flux1:, 1.1980824393885812, 0.00020081872974240877, 0.00020070161575803168
flux1:, 1.1990647962591852, 0.0007861367485376173, 0.0007857008592647086
flux1:, 1.200047153129789, 0.00024352201028315942, 0.0002433745001236572
flux1:, 1.201029510000393, 9.612144793748708e-06, 9.599792083180276e-06
flux1:, 1.202011866870997, 0.0008790895206380292, 0.0008786132489268224
flux1:, 1.202994223741601, 0.0006877593892812118, 0.000687368700519136
flux1:, 1.203976580612205, -7.190950487663802e-05, -7.188572777041248e-05
flux1:, 1.2049589374828087, 0.0007852651107061043, 0.0007848553121580789
flux1:, 1.2059412943534127, 0.001299643603501945, 0.001298938123829324
flux1:, 1.2069236512240167, 0.0001748812527393208, 0.00017475952116822172
flux1:, 1.2079060080946207, 0.0005021508616720346, 0.000501903016456923
flux1:, 1.2088883649652247, 0.0019040318467754146, 0.0019030467270960865
flux1:, 1.2098707218358287, 0.0010117447611062151, 0.0010111815120687397
flux1:, 1.2108530787064324, 0.00024498256838237944, 0.00024486492378670085
flux1:, 1.2118354355770364, 0.0021175183649255543, 0.0021164865766161796
flux1:, 1.2128177924476404, 0.002434131564592229, 0.0024328808423993223
flux1:, 1.2138001493182444, 0.0005755707074534767, 0.0005752699866400333
flux1:, 1.2147825061888484, 0.0015670409695751767, 0.0015663440239491182
flux1:, 1.2157648630594522, 0.0035025151164232485, 0.0035008375930939053
flux1:, 1.2167472199300562, 0.0018106911209551007, 0.0018097933127358883
flux1:, 1.2177295768006602, 0.0007279492952565053, 0.0007276714824644772
flux1:, 1.2187119336712642, 0.0029981390979812433, 0.002996821409953026
flux1:, 1.2196942905418682, 0.0029639603712502127, 0.002962586144552011
flux1:, 1.220676647412472, 0.0006027598008855927, 0.0006025204715724766
flux1:, 1.221659004283076, 0.00155868221455038, 0.0015580879358118127
flux1:, 1.22264136115368, 0.003087288839209494, 0.0030859616262940716
flux1:, 1.223623718024284, 0.001144107355282441, 0.0011436280828887977
flux1:, 1.224606074894888, 0.00046680067245424454, 0.0004666884886501296
flux1:, 1.2255884317654917, 0.0024164807896141284, 0.0024155305735762385
flux1:, 1.2265707886360957, 0.001757530682339083, 0.0017568358041291066
flux1:, 1.2275531455066997, 9.062722773585278e-05, 9.065729981179073e-05
flux1:, 1.2285355023773037, 0.0014891850036170527, 0.0014886568178248598
flux1:, 1.2295178592479077, 0.002094478249278751, 0.0020937195187233876
flux1:, 1.2305002161185117, 0.0002671322134486299, 0.00026710511987786427
flux1:, 1.2314825729891155, 0.0006630597806168245, 0.0006628458662024745
flux1:, 1.2324649298597194, 0.002067041634219142, 0.002066345910225623
flux1:, 1.2334472867303234, 0.0007331404156042113, 0.000733007355355771
flux1:, 1.2344296436009274, 0.0001231212369121174, 0.00012308338870561117
flux1:, 1.2354120004715314, 0.001727025288091852, 0.001726410151899919
flux1:, 1.2363943573421352, 0.0012526413805080212, 0.0012524162675567462
flux1:, 1.2373767142127392, -6.249760916795427e-05, -6.243058670381315e-05
flux1:, 1.2383590710833432, 0.0011966545481306638, 0.0011960058761223131
flux1:, 1.2393414279539472, 0.0016461685792182861, 0.001645708858592831
flux1:, 1.2403237848245512, 8.731596470116142e-05, 8.74825345194511e-05
flux1:, 1.241306141695155, 0.0006276957260428286, 0.0006269705543725595
flux1:, 1.242288498565759, 0.0018027582557763144, 0.0018015886508608535
flux1:, 1.243270855436363, 0.00048653688477258195, 0.0004864660212800659
flux1:, 1.244253212306967, 0.0001684573154362062, 0.00016807650586911946
flux1:, 1.245235569177571, 0.0016861015845175988, 0.0016844601206958071
flux1:, 1.2462179260481747, 0.0010038843573124726, 0.0010030710913691279
flux1:, 1.2472002829187787, -6.511385361871377e-05, -6.510149423840767e-05
flux1:, 1.2481826397893827, 0.0013338722358433085, 0.001332642481790025
flux1:, 1.2491649966599867, 0.0014905130542305107, 0.0014891625904545724
flux1:, 1.2501473535305907, -1.3308540197172847e-05, -1.3345685411095156e-05
flux1:, 1.2511297104011945, 0.0008460107737795818, 0.0008454078317438696
flux1:, 1.2521120672717985, 0.0018124021702187628, 0.001810915589060301
flux1:, 1.2530944241424025, 0.0003138960416513444, 0.0003135231584683533
flux1:, 1.2540767810130065, 0.00036014764743475084, 0.00036000691969032916
flux1:, 1.2550591378836105, 0.0018803212353940616, 0.0018790026707996967
flux1:, 1.2560414947542144, 0.000838147865149986, 0.0008373627600144781
flux1:, 1.2570238516248182, 1.9321965586589537e-05, 1.9381782741193665e-05
flux1:, 1.2580062084954222, 0.00167179876377117, 0.0016708341591608392
flux1:, 1.2589885653660262, 0.00142908981273418, 0.0014279666123568806
flux1:, 1.2599709222366302, -6.298536380771199e-05, -6.298566407687343e-05
flux1:, 1.2609532791072342, 0.0012395584277418473, 0.0012390096871743046
flux1:, 1.261935635977838, 0.0019339126325269478, 0.001932621064713234
flux1:, 1.262917992848442, 0.00016676048001148917, 0.00016649779680590851
flux1:, 1.263900349719046, 0.0007029088239932409, 0.0007027174020309123
flux1:, 1.26488270658965, 0.002214733336808423, 0.002213478845746908
flux1:, 1.265865063460254, 0.0006838864143486789, 0.0006832568214004702
flux1:, 1.266847420330858, 0.00022222486314764378, 0.00022223770308409864
flux1:, 1.2678297772014617, 0.0021857691184150683, 0.002184732049855016
flux1:, 1.2688121340720657, 0.0013850693325779978, 0.0013840805929478596
flux1:, 1.2697944909426697, -3.9240964237319164e-05, -3.9224634272985766e-05
flux1:, 1.2707768478132737, 0.0018412361452743921, 0.0018405229538912841
flux1:, 1.2717592046838777, 0.002107872571747577, 0.0021066301590077123
flux1:, 1.2727415615544815, 4.16896987585093e-05, 4.1516416802215524e-05
flux1:, 1.2737239184250855, 0.0012659504894257738, 0.0012655687578823653
flux1:, 1.2747062752956895, 0.0026678123544317434, 0.0026664806119501014
flux1:, 1.2756886321662935, 0.000510563735435474, 0.0005100639511906058
flux1:, 1.2766709890368975, 0.0006238140120880752, 0.0006236764468401525
flux1:, 1.2776533459075012, 0.0029058328473362685, 0.0029045838895103244
flux1:, 1.2786357027781052, 0.00131332603673313, 0.0013124469109649795
flux1:, 1.2796180596487092, 0.0001242379068186558, 0.00012419167057787324
flux1:, 1.2806004165193132, 0.0027355189611194034, 0.002734486380359091
flux1:, 1.2815827733899172, 0.002297618897227295, 0.002296393036867852
flux1:, 1.282565130260521, -2.792226522327371e-05, -2.8054317048162253e-05
flux1:, 1.283547487131125, 0.0021779997374311334, 0.002177249264785029
flux1:, 1.284529844001729, 0.0032402800785601127, 0.003238804730784563
flux1:, 1.285512200872333, 0.00031153067417142677, 0.00031114995948246623
flux1:, 1.286494557742937, 0.0013739196630456947, 0.0013734420746147236
flux1:, 1.2874769146135407, 0.0038978798510759904, 0.0038962859291702834
flux1:, 1.2884592714841447, 0.0011773870747059474, 0.001176633661182611
flux1:, 1.2894416283547487, 0.000566044426603139, 0.0005657649277724977
flux1:, 1.2904239852253527, 0.004071054409582009, 0.004069478372631534
flux1:, 1.2914063420959567, 0.0024671273293455412, 0.0024659245422587995
flux1:, 1.2923886989665605, 5.230542318265292e-05, 5.209807531619247e-05
flux1:, 1.2933710558371645, 0.0036687391822399413, 0.003667305122820348
flux1:, 1.2943534127077685, 0.003944313543804283, 0.003942631844662919
flux1:, 1.2953357695783725, 0.0001161506369358352, 0.00011584743911791795
flux1:, 1.2963181264489765, 0.00275637879259486, 0.002755189071019182
flux1:, 1.2973004833195805, 0.00527794015322464, 0.00527580019345487
flux1:, 1.2982828401901843, 0.0009474744817873109, 0.000946865383796202
flux1:, 1.2992651970607882, 0.001573445321153642, 0.0015725671458074351
flux1:, 1.3002475539313922, 0.006114864718770496, 0.006112352352891188
flux1:, 1.3012299108019962, 0.002571769769440533, 0.0025706043007908234
flux1:, 1.3022122676726002, 0.0005101715621017586, 0.0005096051249358445
flux1:, 1.303194624543204, 0.006174499919903275, 0.006171787130313129
flux1:, 1.304176981413808, 0.004806460947590843, 0.004804469864653816
flux1:, 1.305159338284412, 4.074091984873421e-05, 4.036512442780281e-05
flux1:, 1.306141695155016, 0.005348050809209732, 0.005345403370536267
flux1:, 1.30712405202562, 0.007261076837097633, 0.007258031351989675
flux1:, 1.308106408896224, 0.0006192477262788566, 0.0006187561132843749
flux1:, 1.3090887657668278, 0.0037801015961155156, 0.003777842433793686
flux1:, 1.3100711226374318, 0.009392010251210196, 0.00938782092273777
flux1:, 1.3110534795080357, 0.0025542233517323915, 0.0025530858543968576
flux1:, 1.3120358363786397, 0.0019093758063594558, 0.0019077798534493217
flux1:, 1.3130181932492437, 0.010613565757713894, 0.010608395049726738
flux1:, 1.3140005501198475, 0.005885920794043182, 0.005883415491305926
flux1:, 1.3149829069904515, 0.0004488158494523379, 0.0004479342265817492
flux1:, 1.3159652638610555, 0.010455833179295332, 0.01045016793920968
flux1:, 1.3169476207316595, 0.010296257889060417, 0.010291610430933362
flux1:, 1.3179299776022635, 0.00029306418333168945, 0.0002925151094889956
flux1:, 1.3189123344728673, 0.008748236289628857, 0.008742849815786515
flux1:, 1.3198946913434713, 0.015082838474746034, 0.015075471330482863
flux1:, 1.3208770482140753, 0.002353638339270654, 0.00235244115194455
flux1:, 1.3218594050846793, 0.0057976108365030985, 0.005793354441834932
flux1:, 1.3228417619552832, 0.019224761210345213, 0.019214600296125248
flux1:, 1.323824118825887, 0.007337290051206272, 0.007333841636403387
flux1:, 1.324806475696491, 0.0025240131698537347, 0.0025214231047404516
flux1:, 1.325788832567095, 0.021559008678429872, 0.021546739512843603
flux1:, 1.326771189437699, 0.015498943582361905, 0.01549122129809619
flux1:, 1.327753546308303, 0.0005189578324723945, 0.0005177278219388855
flux1:, 1.3287359031789068, 0.021074067185570835, 0.021061195730150667
flux1:, 1.3297182600495108, 0.026414108103329323, 0.026400129879262574
flux1:, 1.3307006169201148, 0.00200185843173712, 0.0020002978035131335
flux1:, 1.3316829737907188, 0.017317356295339113, 0.017305931484518897
flux1:, 1.3326653306613228, 0.038823603739227476, 0.0388020888998324
flux1:, 1.3336476875319265, 0.009672781593949834, 0.009667418398442576
flux1:, 1.3346300444025305, 0.010916305288692455, 0.010908200645558598
flux1:, 1.3356124012731345, 0.050604534796063416, 0.05057561360152571
flux1:, 1.3365947581437385, 0.026494825230526965, 0.02648029829135081
flux1:, 1.3375771150143425, 0.004253663772982379, 0.004249371648582331
flux1:, 1.3385594718849465, 0.05892006896781226, 0.058885815050439064
flux1:, 1.3395418287555503, 0.055492995756369734, 0.05546229002182525
flux1:, 1.3405241856261543, 0.002476964793824119, 0.002473855065303414
flux1:, 1.3415065424967583, 0.0606180824969594, 0.06058260222546972
flux1:, 1.3424888993673623, 0.09975172766103578, 0.0996966349867544
flux1:, 1.3434712562379663, 0.015448413468370517, 0.01543818790029973
flux1:, 1.34445361310857, 0.05306722473348722, 0.05303599394443346
flux1:, 1.345435969979174, 0.16302468424793906, 0.16293608370348645
flux1:, 1.346418326849778, 0.06266454921387052, 0.06262869598340025
flux1:, 1.347400683720382, 0.03619868101127994, 0.0361765305595768
flux1:, 1.348383040590986, 0.25214927548633354, 0.252016213772122
flux1:, 1.34936539746159, 0.1889186780729081, 0.18881713177747358
flux1:, 1.3503477543321938, 0.019571425600069192, 0.019556829648707096
flux1:, 1.3513301112027978, 0.38599082319326206, 0.38579522362564017
flux1:, 1.3523124680734018, 0.5294759727736255, 0.529206558858945
flux1:, 1.3532948249440058, 0.05970384935143995, 0.0596653414774513
flux1:, 1.3542771818146098, 0.6392781139548895, 0.6389691925819231
flux1:, 1.3552595386852135, 1.7342967570708256, 1.733464190994797
flux1:, 1.3562418955558175, 0.6268963452438552, 0.6265798205265372
flux1:, 1.3572242524264215, 1.5904267676764026, 1.589693644039795
flux1:, 1.3582066092970255, 13.575148094723781, 13.5690144403189
flux1:, 1.3591889661676295, 31.744236086565778, 31.730075731748386
flux1:, 1.3601713230382333, 37.012768507356704, 36.99654863827355
flux1:, 1.3611536799088373, 22.928549621254987, 22.91876059158855
flux1:, 1.3621360367794413, 5.869703961372956, 5.867323683771299
flux1:, 1.3631183936500453, 0.25861650791082175, 0.25853036690086406
flux1:, 1.3641007505206493, 1.6869451127619737, 1.6862536869690168
flux1:, 1.365083107391253, 1.476928005554856, 1.476376257437797
flux1:, 1.366065464261857, 0.16242840885021087, 0.16238940292502757
flux1:, 1.367047821132461, 0.392648596059114, 0.39248891850805445
flux1:, 1.368030178003065, 0.6940959563405735, 0.6938529465355233
flux1:, 1.369012534873669, 0.18108315307681994, 0.1810442698846367
flux1:, 1.3699948917442728, 0.10690577747114693, 0.10686146598319095
flux1:, 1.3709772486148768, 0.378401299422512, 0.37827369927060406
flux1:, 1.3719596054854808, 0.18859298905495844, 0.18855807089896032
flux1:, 1.3729419623560848, 0.03125354748501972, 0.031244390875771657
flux1:, 1.3739243192266888, 0.20948081591293025, 0.20941032514614077
flux1:, 1.3749066760972926, 0.17950660859610018, 0.17948360640891278
flux1:, 1.3758890329678966, 0.021633194347848713, 0.02164007985035421
flux1:, 1.3768713898385005, 0.11008056710891054, 0.11004360081273834
flux1:, 1.3778537467091045, 0.15761653060084868, 0.15763666478965443
flux1:, 1.3788361035797085, 0.03419975790157864, 0.03426673189018208
flux1:, 1.3798184604503125, 0.05241462312792124, 0.05235438942350677
flux1:, 1.3808008173209163, 0.1281969152083141, 0.12805684210433574
flux1:, 1.3817831741915203, 0.05130555928520581, 0.051252719457985436
flux1:, 1.3827655310621243, 0.022723088517517767, 0.02270629307445812
flux1:, 1.3837478879327283, 0.09613991543846037, 0.0960782280801427
flux1:, 1.3847302448033323, 0.06470702416376713, 0.06466882303036628
flux1:, 1.3857126016739363, 0.012176061415719247, 0.012166783980743034
flux1:, 1.38669495854454, 0.06601861042852554, 0.06597536794424853
flux1:, 1.387677315415144, 0.07117921858680488, 0.07113984915138015
flux1:, 1.388659672285748, 0.013897863972180501, 0.013889855742901408
flux1:, 1.389642029156352, 0.04111061063595633, 0.0410795182534803
flux1:, 1.390624386026956, 0.07024564784725554, 0.07020334703989009
flux1:, 1.3916067428975598, 0.022284135406848673, 0.02227252146094491
flux1:, 1.3925890997681638, 0.0233825183927022, 0.02336115372522036
flux1:, 1.3935714566387678, 0.063161289720122, 0.06311765378358722
flux1:, 1.3945538135093718, 0.032887493835076304, 0.03286838006611313
flux1:, 1.3955361703799758, 0.013480966000850738, 0.013466514165299301
flux1:, 1.3965185272505796, 0.05210598787761478, 0.0520641312393329
flux1:, 1.3975008841211836, 0.04245888782346777, 0.04243008819366238
flux1:, 1.3984832409917876, 0.010936924329701827, 0.010925246249851266
flux1:, 1.3994655978623916, 0.03957169380927362, 0.03953483194663884
flux1:, 1.4004479547329955, 0.04893032636966886, 0.04889205998992722
flux1:, 1.4014303116035993, 0.014473060904794766, 0.014459056694881215
flux1:, 1.4024126684742033, 0.02793891540458695, 0.02790893824002346
flux1:, 1.4033950253448073, 0.05130251055970417, 0.051257489465396204
flux1:, 1.4043773822154113, 0.022307556365488375, 0.022286351433569575
flux1:, 1.4053597390860153, 0.019228775585749057, 0.019205205180374996
flux1:, 1.406342095956619, 0.04949215091006308, 0.04944479201394665
flux1:, 1.407324452827223, 0.03238495256420511, 0.03235335359356482
flux1:, 1.408306809697827, 0.014962857709181395, 0.014942646721008762
flux1:, 1.409289166568431, 0.04421308109824034, 0.04416799931908026
flux1:, 1.410271523439035, 0.0425438130765729, 0.04250136140103664
flux1:, 1.4112538803096388, 0.016029378280322085, 0.016007715961093384
flux1:, 1.4122362371802428, 0.03691013235115329, 0.036870458678391414
flux1:, 1.4132185940508468, 0.050709817492712674, 0.0506589143442901
flux1:, 1.4142009509214508, 0.022490318432351424, 0.02246216543974603
flux1:, 1.4151833077920548, 0.029666728885869607, 0.029632929956554435
flux1:, 1.4161656646626586, 0.055217230895131184, 0.055162213351363405
flux1:, 1.4171480215332626, 0.03337514581705388, 0.03333686816614932
flux1:, 1.4181303784038666, 0.024940968007360707, 0.024910633282609278
flux1:, 1.4191127352744706, 0.055270583658117864, 0.05521611444655113
flux1:, 1.4200950921450746, 0.046629976414870065, 0.04658042749708263
flux1:, 1.4210774490156786, 0.025029402301799373, 0.02499802369682789
flux1:, 1.4220598058862823, 0.05139590085502802, 0.051345295458027816
flux1:, 1.4230421627568863, 0.05942195273527342, 0.05936263349320034
flux1:, 1.4240245196274903, 0.03132528561933726, 0.03128765352729129
flux1:, 1.4250068764980943, 0.04560850139897205, 0.045562567926641026
flux1:, 1.4259892333686983, 0.06887189335033618, 0.06880624256394301
flux1:, 1.4269715902393023, 0.043638104702592606, 0.043589797257720574
flux1:, 1.427953947109906, 0.041057190053551615, 0.041013857176978995
flux1:, 1.42893630398051, 0.07304941202894011, 0.07298154040952533
flux1:, 1.429918660851114, 0.05993169391151001, 0.05987023916377808
flux1:, 1.430901017721718, 0.04111251266573834, 0.04106723740102013
flux1:, 1.431883374592322, 0.07185352498693001, 0.07178675914060038
flux1:, 1.4328657314629258, 0.07673329768051323, 0.0766587822146647
flux1:, 1.4338480883335298, 0.0481486755913224, 0.04809550012175166
flux1:, 1.4348304452041338, 0.06735371385072599, 0.0672892613383186
flux1:, 1.4358128020747378, 0.09020019073916574, 0.09011519147441147
flux1:, 1.4367951589453418, 0.062473747262520966, 0.06240683610389567
flux1:, 1.4377775158159456, 0.0633230780385702, 0.06325910882652963
flux1:, 1.4387598726865496, 0.09752770229508058, 0.09743644522226362
flux1:, 1.4397422295571536, 0.0818855219741797, 0.08180092947842521
flux1:, 1.4407245864277576, 0.06399499563198992, 0.06392651155882145
flux1:, 1.4417069432983616, 0.09817541165491012, 0.09808216551700862
flux1:, 1.4426893001689653, 0.10215309540303932, 0.102050300375333
flux1:, 1.4436716570395693, 0.07240448643213274, 0.07232435801683548
flux1:, 1.4446540139101733, 0.09436290462948786, 0.09426993034999731
flux1:, 1.4456363707807773, 0.11839851393929791, 0.11828103952821205
flux1:, 1.4466187276513813, 0.08892034202033551, 0.08882162468996191
flux1:, 1.447601084521985, 0.09047397690464896, 0.09037981756516622
flux1:, 1.448583441392589, 0.12697033083192408, 0.12684481297409628
flux1:, 1.449565798263193, 0.11063449698174548, 0.1105135212397946
flux1:, 1.450548155133797, 0.09139120137548616, 0.09129041142181007
flux1:, 1.451530512004401, 0.12708478219190114, 0.12695838795266753
flux1:, 1.4525128688750049, 0.13207159211783556, 0.13193057528509405
flux1:, 1.4534952257456089, 0.10028006913134886, 0.1001652416254168
flux1:, 1.4544775826162128, 0.12141859859783011, 0.12129569596909513
flux1:, 1.4554599394868168, 0.1471891907804805, 0.14703677076828284
flux1:, 1.4564422963574208, 0.1167719416070291, 0.11663785461699663
flux1:, 1.4574246532280246, 0.11512730730161432, 0.11500723342351987
flux1:, 1.4584070100986286, 0.15196848163920615, 0.15181718145282608
flux1:, 1.4593893669692326, 0.13657719974736576, 0.13642538076501234
flux1:, 1.4603717238398366, 0.11346906829343002, 0.11334692463101498
flux1:, 1.4613540807104406, 0.14636563784319745, 0.14622694638750827
flux1:, 1.4623364375810444, 0.15304767334307698, 0.15288863037479217
flux1:, 1.4633187944516486, 0.11908040534213071, 0.11895140895623059
flux1:, 1.4643011513222524, 0.1344495832278231, 0.13432927902478628
flux1:, 1.4652835081928564, 0.16016730308997074, 0.16001828143570487
flux1:, 1.4662658650634603, 0.13041029921972122, 0.13027576563360538
flux1:, 1.4672482219340643, 0.12241747893055778, 0.12231447244970342
flux1:, 1.4682305788046683, 0.15545554028387, 0.1553341842264672
flux1:, 1.4692129356752721, 0.14235269016380814, 0.14222386173867033
flux1:, 1.470195292545876, 0.11546510669385163, 0.11537535499699923
flux1:, 1.47117764941648, 0.14112151335775586, 0.1410388492865222
flux1:, 1.472160006287084, 0.14883033211469138, 0.14872678724388036
flux1:, 1.473142363157688, 0.11527969925362089, 0.11520329529131262
flux1:, 1.4741247200282919, 0.12280204603967597, 0.12275937487363073
flux1:, 1.4751070768988959, 0.14585046050905565, 0.14579298551515288
flux1:, 1.4760894337694999, 0.11953899236897082, 0.11948573234814297
flux1:, 1.4770717906401039, 0.1066923472075252, 0.10668459310693411
flux1:, 1.4780541475107078, 0.13331805348650413, 0.1333196880869578
flux1:, 1.4790365043813116, 0.12351182502924572, 0.12350061728059616
flux1:, 1.4800188612519156, 0.0967419714178608, 0.09676570560942349
flux1:, 1.4810012181225196, 0.11477620911914399, 0.11483696363868391
flux1:, 1.4819835749931236, 0.12265101037322065, 0.12270177793452312
flux1:, 1.4829659318637276, 0.09331547484845254, 0.09337590204692299
flux1:, 1.4839482887343314, 0.09549251858934138, 0.09560151996428483
flux1:, 1.4849306456049354, 0.11472643501396644, 0.1148480304128391
flux1:, 1.4859130024755394, 0.09370222543978965, 0.09381250409675933
flux1:, 1.4868953593461434, 0.08007236718678831, 0.08021634798863359
flux1:, 1.4878777162167474, 0.10056826141131937, 0.10074978949426647
flux1:, 1.4888600730873511, 0.09388273912390202, 0.09405285358427858
flux1:, 1.4898424299579551, 0.07075672172251136, 0.07092816032069814
flux1:, 1.4908247868285591, 0.08334624938397729, 0.08355917880461743
flux1:, 1.4918071436991631, 0.09052057958948888, 0.0907416043925275
flux1:, 1.4927895005697671, 0.06700199852740844, 0.06719837963822936
flux1:, 1.4937718574403709, 0.06697846088879236, 0.06719040570994655
flux1:, 1.4947542143109749, 0.08228541210366733, 0.08252348440307891
flux1:, 1.4957365711815789, 0.06626351891318151, 0.06647635585517805
flux1:, 1.4967189280521829, 0.0545063402541206, 0.05469639752317072
flux1:, 1.4977012849227869, 0.07009042615932375, 0.07030122524185184
flux1:, 1.4986836417933906, 0.06542275172615783, 0.06562838047634721
flux1:, 1.4996659986639946, 0.047115158142573645, 0.04727698843399614
flux1:, 1.5006483555345986, 0.05636600093323867, 0.05652024395976779
flux1:, 1.5016307124052026, 0.06214868777934199, 0.062314974811299696
flux1:, 1.5026130692758066, 0.04407423958763304, 0.04420626100329743
flux1:, 1.5035954261464104, 0.0438671249585293, 0.04396305048312744
flux1:, 1.5045777830170146, 0.055654617399366044, 0.055759578730658114
flux1:, 1.5055601398876184, 0.043428386820525106, 0.043525308973199145
flux1:, 1.5065424967582224, 0.03460208303315345, 0.03465569727944189
flux1:, 1.5075248536288264, 0.04667805497157451, 0.04672173482808222
flux1:, 1.5085072104994304, 0.04298680270285362, 0.04304185709540571
flux1:, 1.5094895673700344, 0.02928482118495949, 0.029312419986926203
flux1:, 1.5104719242406381, 0.03688427376133463, 0.036884396505524046
flux1:, 1.5114542811112421, 0.04113818694169584, 0.041150587881989345
flux1:, 1.5124366379818461, 0.027384364694359793, 0.02739361228748761
flux1:, 1.5134189948524501, 0.028090169250414496, 0.028068811540619656
flux1:, 1.5144013517230541, 0.03723549395725155, 0.03721379898050317
flux1:, 1.515383708593658, 0.02756842760914085, 0.02756032737392714
flux1:, 1.516366065464262, 0.021649931370923373, 0.02162273101833282
flux1:, 1.5173484223348659, 0.031566836258351536, 0.031525670207502896
flux1:, 1.5183307792054699, 0.02825927915384804, 0.028234187182001744
flux1:, 1.5193131360760739, 0.018140564183710448, 0.018113619793514855
flux1:, 1.5202954929466777, 0.025076053531052647, 0.02502985721329262
flux1:, 1.5212778498172816, 0.02811231803374929, 0.02807376890845897
flux1:, 1.5222602066878856, 0.017319631509552433, 0.01729240883363126
flux1:, 1.5232425635584896, 0.018983922059434128, 0.018942196048940162
flux1:, 1.5242249204290936, 0.026345137731129505, 0.02629977114822314
flux1:, 1.5252072772996974, 0.018283639032096274, 0.01825368797841005
flux1:, 1.5261896341703014, 0.014396664723546934, 0.014362683274440357
flux1:, 1.5271719910409054, 0.022891137210787137, 0.022846265193086277
flux1:, 1.5281543479115094, 0.019772998606753363, 0.019739325401423414
flux1:, 1.5291367047821134, 0.011967788484003908, 0.011940194620476465
flux1:, 1.5301190616527172, 0.01835300082149645, 0.01831405340775575
flux1:, 1.5311014185233212, 0.020563606925682293, 0.020527673476622217
flux1:, 1.5320837753939252, 0.011695430450797958, 0.011670992979701875
flux1:, 1.5330661322645291, 0.013755296618815846, 0.013724532128145873
flux1:, 1.5340484891351331, 0.019845324730020927, 0.019810220004985214
flux1:, 1.535030846005737, 0.012930314624583177, 0.012906305460711975
flux1:, 1.536013202876341, 0.010159817582233137, 0.010136541396968212
flux1:, 1.536995559746945, 0.017462721444432172, 0.01743162715016547
flux1:, 1.537977916617549, 0.014608858978146688, 0.014584267213150074
flux1:, 1.538960273488153, 0.00827294879746455, 0.008254728442847133
flux1:, 1.5399426303587567, 0.013924627945120218, 0.013899539777247746
flux1:, 1.5409249872293607, 0.015636234928147346, 0.015611776681837174
flux1:, 1.5419073440999647, 0.008192270491912129, 0.008176398746851268
flux1:, 1.5428897009705687, 0.010173256738095307, 0.010154455804438748
flux1:, 1.5438720578411727, 0.015275784836676912, 0.015253134447374387
flux1:, 1.5448544147117764, 0.009390895974187961, 0.009375496930882122
flux1:, 1.5458367715823806, 0.007201349282695648, 0.007187648459674464
flux1:, 1.5468191284529844, 0.013393074068678451, 0.013373879807167166
flux1:, 1.5478014853235884, 0.01094247926644557, 0.010926960782979847
flux1:, 1.5487838421941924, 0.005669077857868435, 0.00565855419989575
flux1:, 1.5497661990647964, 0.010461381968974318, 0.010446526827562285
flux1:, 1.5507485559354004, 0.011891211813813184, 0.01187608853560616
flux1:, 1.5517309128060042, 0.005671120796745392, 0.005661939011189632
flux1:, 1.5527132696766082, 0.007334390198865354, 0.007323728442280848
flux1:, 1.5536956265472122, 0.011613869496374376, 0.01160019967783102
flux1:, 1.5546779834178162, 0.006739119766393817, 0.006730118466619193
flux1:, 1.5556603402884202, 0.004886916468729172, 0.004879472287751585
flux1:, 1.556642697159024, 0.010029660533133386, 0.010018415147257227
flux1:, 1.557625054029628, 0.008065185540018624, 0.008056067291140695
flux1:, 1.558607410900232, 0.003674334461129706, 0.0036687754197116808
flux1:, 1.559589767770836, 0.007582852513240425, 0.007574477051888969
flux1:, 1.56057212464144, 0.00884231275636203, 0.00883346642514618
flux1:, 1.5615544815120437, 0.003745589070234724, 0.0037407283561325835
flux1:, 1.5625368383826477, 0.00502089758174313, 0.005015187123502534
flux1:, 1.5635191952532517, 0.008575985903627372, 0.008568099831140244
flux1:, 1.5645015521238557, 0.0046728982695728285, 0.004668027441085923
flux1:, 1.5654839089944597, 0.0030734778669087534, 0.003069735822106846
flux1:, 1.5664662658650634, 0.0072436302562089855, 0.007237295695252756
flux1:, 1.5674486227356674, 0.005767267850706389, 0.005762236134702051
flux1:, 1.5684309796062714, 0.002170528899366955, 0.002167878218871313
flux1:, 1.5694133364768754, 0.005251484827722174, 0.005246942000634661
flux1:, 1.5703956933474794, 0.006374988493919321, 0.006370061756188332
flux1:, 1.5713780502180832, 0.0023089944641897704, 0.002306683857161068
flux1:, 1.5723604070886872, 0.0032267452598061684, 0.0032238313216464438
flux1:, 1.5733427639592912, 0.006126979469547952, 0.006122589617056941
flux1:, 1.5743251208298952, 0.0031058842449581086, 0.003103475045424714
flux1:, 1.5753074777004992, 0.0017468418535293792, 0.001745105793810652
flux1:, 1.576289834571103, 0.005045920329512254, 0.005042427957979527
flux1:, 1.577272191441707, 0.00399448253909441, 0.0039918783606202515
flux1:, 1.578254548312311, 0.0011220414349519094, 0.0011209358829789896
flux1:, 1.579236905182915, 0.0034855884406938703, 0.0034831427010869388
flux1:, 1.580219262053519, 0.004467111303398815, 0.004464465050054214
flux1:, 1.5812016189241227, 0.001311434072246176, 0.0013104906065290781
flux1:, 1.5821839757947267, 0.0019485980278187377, 0.0019471145796558654
flux1:, 1.5831663326653307, 0.004261460375771717, 0.004259029624570033
flux1:, 1.5841486895359347, 0.0019874899559166703, 0.0019864205664440163
flux1:, 1.5851310464065387, 0.0008717847527333617, 0.0008710108205998639
flux1:, 1.5861134032771425, 0.003424707481479947, 0.003422725000542938
flux1:, 1.5870957601477467, 0.00270227271980031, 0.0027009882790207805
flux1:, 1.5880781170183504, 0.00046854607555057255, 0.00046816043012094284
flux1:, 1.5890604738889544, 0.0022484367298963182, 0.0022470312738751106
flux1:, 1.5900428307595584, 0.0030748260989032243, 0.0030733954474653235
flux1:, 1.5910251876301624, 0.0006810470464420726, 0.0006807522609377516
flux1:, 1.5920075445007664, 0.0011198017130514908, 0.0011189726439403403
flux1:, 1.5929899013713702, 0.002923625430553324, 0.0029222071280689634
flux1:, 1.5939722582419742, 0.0012433550222150298, 0.0012429413000936964
flux1:, 1.5949546151125782, 0.0003599031512075228, 0.00035953625835982093
flux1:, 1.5959369719831822, 0.002302063684835649, 0.0023008342336992877
flux1:, 1.5969193288537862, 0.0018131159598363071, 0.0018124911642723957
flux1:, 1.59790168572439, 0.0001133402614981752, 0.00011324953860999875
flux1:, 1.598884042594994, 0.0014396443713404277, 0.0014387372281333155
flux1:, 1.599866399465598, 0.002110255253383457, 0.0021094421360543392
flux1:, 1.600848756336202, 0.0003221405247599871, 0.0003221231600214896
flux1:, 1.601831113206806, 0.000627145659138266, 0.0006266124485670562
flux1:, 1.6028134700774097, 0.0020093434939150653, 0.002008448799738472
flux1:, 1.6037958269480137, 0.0007793785037378536, 0.0007792684319745156
flux1:, 1.6047781838186177, 9.836739187758403e-05, 9.816821603587057e-05
flux1:, 1.6057605406892217, 0.0015592452456061905, 0.0015584109620469804
flux1:, 1.6067428975598257, 0.0012287687382727319, 0.0012284741564978143
flux1:, 1.6077252544304295, -4.713275272453855e-05, -4.7110400992540206e-05
flux1:, 1.6087076113010335, 0.0009354635836619459, 0.0009348158576257166
flux1:, 1.6096899681716375, 0.0014655820584992658, 0.001465097629709078
flux1:, 1.6106723250422414, 0.00014093046416623542, 0.00014102733711504847
flux1:, 1.6116546819128454, 0.00035434759353849773, 0.0003539583436569674
flux1:, 1.6126370387834492, 0.001401814731422915, 0.0014012084760315201
flux1:, 1.6136193956540532, 0.0005054665055277837, 0.0005054994360530389
flux1:, 1.6146017525246572, -1.3051129164162478e-05, -1.3181512744145548e-05
flux1:, 1.6155841093952612, 0.0010781484406921875, 0.0010775312207513736
flux1:, 1.6165664662658652, 0.0008558885452546084, 0.0008557631908166735
flux1:, 1.617548823136469, -9.628646370522836e-05, -9.62249560573629e-05
flux1:, 1.618531180007073, 0.000627458957864377, 0.0006269469667725891
flux1:, 1.619513536877677, 0.0010419399923617444, 0.0010416272546345774
flux1:, 1.620495893748281, 6.470314410012244e-05, 6.484343869867448e-05
flux1:, 1.621478250618885, 0.00021112018324703763, 0.000210799168510721
flux1:, 1.6224606074894887, 0.0010009647183547349, 0.0010005047115876878
flux1:, 1.6234429643600927, 0.00035129537733015313, 0.00035138789244127983
flux1:, 1.6244253212306967, -4.456529421526378e-05, -4.4667361104611895e-05
flux1:, 1.6254076781013007, 0.0007660228780151837, 0.0007655109889796604
flux1:, 1.6263900349719047, 0.000621232889681453, 0.000621175739611927
flux1:, 1.6273723918425085, -8.904859286664927e-05, -8.897381389485748e-05
flux1:, 1.6283547487131127, 0.0004382475465332066, 0.0004378029616978152
flux1:, 1.6293371055837165, 0.0007635454301216436, 0.0007632962276235424
flux1:, 1.6303194624543205, 4.5602254632185395e-05, 4.5751555411272634e-05
flux1:, 1.6313018193249245, 0.00013900120439107482, 0.00013872323438287923
flux1:, 1.6322841761955285, 0.000733675809260686, 0.0007332699948378318
flux1:, 1.6332665330661325, 0.00026884027700232674, 0.00026893617287874
flux1:, 1.6342488899367362, -3.7900402119185504e-05, -3.797421905379931e-05
flux1:, 1.6352312468073402, 0.0005592448484442245, 0.0005587850933369698
flux1:, 1.6362136036779442, 0.00047342358953988934, 0.0004733635415208051
flux1:, 1.6371959605485482, -5.676989514659077e-05, -5.668400960089847e-05
flux1:, 1.6381783174191522, 0.00031870530843334914, 0.0003183194670607981
flux1:, 1.639160674289756, 0.0005772560040325089, 0.00057700867733869
flux1:, 1.64014303116036, 5.513832844694885e-05, 5.5274185962217704e-05
flux1:, 1.641125388030964, 0.00010436936692156467, 0.00010415261395538168
flux1:, 1.642107744901568, 0.000550090108985615, 0.0005497105624531987
flux1:, 1.643090101772172, 0.000226910171397077, 0.00022697123279702622
flux1:, 1.6440724586427757, -1.4614300025394856e-05, -1.464395501783109e-05
flux1:, 1.6450548155133797, 0.00041713947216969236, 0.00041674206422747404
flux1:, 1.6460371723839837, 0.00037719406912530283, 0.0003770999343760815
flux1:, 1.6470195292545877, -1.5431280703284315e-05, -1.5338887727817635e-05
flux1:, 1.6480018861251917, 0.00024096352362338046, 0.000240664895357651
flux1:, 1.6489842429957955, 0.00044699949005441524, 0.00044675020819187486
flux1:, 1.6499665998663995, 7.643673169482713e-05, 7.653955977954828e-05
flux1:, 1.6509489567370035, 9.12324629582921e-05, 9.109578801215966e-05
flux1:, 1.6519313136076075, 0.00041913952230735396, 0.00041880914839823567
flux1:, 1.6529136704782115, 0.0002047277963520434, 0.000204740580076032
flux1:, 1.6538960273488152, 1.6038890124844846e-05, 1.6049187002005005e-05
flux1:, 1.6548783842194192, 0.00031804573349086465, 0.00031773919000356625
flux1:, 1.6558607410900232, 0.0003096996266061397, 0.0003095795769953836
flux1:, 1.6568430979606272, 2.6420626971009033e-05, 2.6501589341640917e-05
flux1:, 1.6578254548312312, 0.00019273224077822335, 0.00019253166875022278
flux1:, 1.658807811701835, 0.0003523764971735835, 0.00035215067478082206
flux1:, 1.659790168572439, 9.861774191917371e-05, 9.86765003984575e-05
flux1:, 1.660772525443043, 9.271500445020105e-05, 9.264474916531875e-05
flux1:, 1.661754882313647, 0.0003260020651291858, 0.0003257435230012473
flux1:, 1.662737239184251, 0.00019009909312068737, 0.0001900718571372246
flux1:, 1.6637195960548548, 4.828634506480289e-05, 4.8311451318311837e-05
flux1:, 1.6647019529254587, 0.0002522154553398689, 0.0002520014037390932
flux1:, 1.6656843097960627, 0.00026001084579614647, 0.0002598866161723216
flux1:, 1.6666666666666667, 6.254095951279059e-05, 6.259391034124896e-05
