flux1:, 1.1764705882352942, 0.0002598116548144205, 2.2318874928953044e-05, 0.009966802125321283, -0.022032873607847604, 0.012388009991156863
flux1:, 1.1774529451058982, 0.0002672435109890513, 2.1926883117905646e-05, 0.01060680845130541, -0.024145652492683127, 0.013408252773325656
flux1:, 1.1784353019765021, 0.0003148591724942508, 2.7368867127828698e-05, 0.01173030776384004, -0.026067013315530314, 0.014657760004377966
flux1:, 1.179417658847106, 0.0003163694927682204, 2.7012489736707925e-05, 0.012484938226815826, -0.02853536786357777, 0.015863063048680213
flux1:, 1.18040001571771, 0.0003768712395726833, 3.3558727604133824e-05, 0.0137775904436889, -0.030798548316373128, 0.01732084138684135
flux1:, 1.181382372588314, 0.0003708107085471495, 3.32680121257819e-05, 0.014664056488821967, -0.033678647830038225, 0.018742607489668363
flux1:, 1.182364729458918, 0.00044521800154480963, 4.111594576877973e-05, 0.01614906172716852, -0.03633969757775123, 0.020441686179849428
flux1:, 1.183347086329522, 0.00042991393708446827, 4.093593591859064e-05, 0.017187310568291442, -0.03969586728032474, 0.022116496244268508
flux1:, 1.1843294432001257, 0.0005188303731775243, 5.031447849924176e-05, 0.01889112075700389, -0.04281917542269826, 0.024095322699175165
flux1:, 1.1853118000707297, 0.0004927151131800774, 5.03156290497162e-05, 0.020104584909681034, -0.04672496960357231, 0.02606583039435516
flux1:, 1.1862941569413337, 0.0005962642146465978, 6.149909357812378e-05, 0.022057638711216233, -0.05038438196925461, 0.028369327442411527
flux1:, 1.1872765138119377, 0.0005580192776725334, 6.179372208332329e-05, 0.023474147915427478, -0.05492376877350132, 0.030685277791477845
flux1:, 1.1882588706825417, 0.0006758374276472565, 7.5125806548335e-05, 0.02571175665880832, -0.0592038262316761, 0.033366048999758785
flux1:, 1.1892412275531457, 0.0006245322561372501, 7.589323298118866e-05, 0.027364601244305575, -0.06447248122086989, 0.03608542331301874
flux1:, 1.1902235844237494, 0.0007558271020485981, 9.182444799685712e-05, 0.02992800024406399, -0.0694697630944412, 0.03920510182096757
flux1:, 1.1912059412943534, 0.0006910339412280472, 9.334787191116463e-05, 0.031857178472180024, -0.07557641374018143, 0.04239536929414152
flux1:, 1.1921882981649574, 0.0008347145768069668, 0.00011248897154347443, 0.03479482883779571, -0.08140089484988064, 0.04602609645468944
flux1:, 1.1931706550355614, 0.0007565985035248651, 0.00011520738977726107, 0.03704862257383263, -0.08846858486807342, 0.04976559805103816
flux1:, 1.1941530119061654, 0.000911498243828203, 0.00013839684689705622, 0.04041802501032511, -0.09524481697941968, 0.05399161390779273
flux1:, 1.1951353687767692, 0.0008209121689419652, 0.00014296999454554665, 0.04305530745822304, -0.10341179460072118, 0.05837106047293538
flux1:, 1.1961177256473732, 0.000986167897184982, 0.00017133534214969613, 0.04692597873014562, -0.1112794571954684, 0.06329039370601154
flux1:, 1.1971000825179772, 0.0008848305638369408, 0.00017869721034178375, 0.05002015007291557, -0.12069902764454037, 0.06841443082056671
flux1:, 1.1980824393885812, 0.0010605642688076475, 0.0002136330212743798, 0.05447901482427713, -0.12981188905203303, 0.0741405092540362
flux1:, 1.1990647962591852, 0.0009514472505300985, 0.00022493470305412467, 0.05812498815393047, -0.1406500286042665, 0.08012906494866284
flux1:, 1.200047153129789, 0.0011399683867048408, 0.00026776678895939, 0.06328593842993335, -0.1511717680022781, 0.08679171012164255
flux1:, 1.201029510000393, 0.0010279609478066997, 0.0002839218254376736, 0.0676112535034998, -0.16360116277361025, 0.0937803782912951
flux1:, 1.202011866870997, 0.0012354858692342438, 0.0003347394943105762, 0.07362870955960507, -0.17569733070372504, 0.10152492939886609
flux1:, 1.202994223741601, 0.0011278163438084325, 0.00035503584047400524, 0.0788040617896565, -0.1898901227301031, 0.10966316636443477
flux1:, 1.203976580612205, 0.0013652743821670821, 0.0004101410811346101, 0.08587860941091008, -0.20372354435258894, 0.11864653356522795
flux1:, 1.2049589374828087, 0.0012693803554849061, 0.00042990661318251, 0.09210379488036312, -0.21985970908585262, 0.12809437275066782
flux1:, 1.2059412943534127, 0.0015478972986931983, 0.000479334243321521, 0.10044402271115319, -0.23561663123526644, 0.1384820702503411
flux1:, 1.2069236512240167, 0.0014638216820348215, 0.0004898003378307322, 0.10787392943142898, -0.25393965784213585, 0.14941476701723824
flux1:, 1.2079060080946207, 0.001782915789171029, 0.0005209135162081112, 0.11760228679391237, -0.2719052408292934, 0.16139395296640363
flux1:, 1.2088883649652247, 0.0016968670232273603, 0.0005162204051752903, 0.1262679606055604, -0.2927969956574949, 0.1740262909497255
flux1:, 1.2098707218358287, 0.0020397984947593747, 0.0005247462079096674, 0.1373974476860621, -0.3133940587696503, 0.1878361225873613
flux1:, 1.2108530787064324, 0.00193414136172378, 0.0005092271054046984, 0.14728190554278758, -0.337342994444303, 0.20244418143943463
flux1:, 1.2118354355770364, 0.0022824493214285055, 0.0005026920281466295, 0.15985504005489587, -0.3610448055804954, 0.2183851956847892
flux1:, 1.2128177924476404, 0.002151581111069455, 0.00048612052796742655, 0.17105163833430545, -0.3885314436938676, 0.2352940179005864
flux1:, 1.2138001493182444, 0.002497694349806589, 0.0004748173897814621, 0.18524437820803155, -0.41577872932047893, 0.2537084443657939
flux1:, 1.2147825061888484, 0.0023479204307363423, 0.0004640646018729327, 0.19798112756333586, -0.44724612819936715, 0.2732728590075555
flux1:, 1.2157648630594522, 0.0026927700629731785, 0.00045434838929356004, 0.21406958247027172, -0.4784654874379649, 0.2945339987049608
flux1:, 1.2167472199300562, 0.0025336818373573535, 0.00045181308701251375, 0.22864380875381649, -0.5143660816514777, 0.31713983830417714
flux1:, 1.2177295768006602, 0.0028807134012610726, 0.00044617124413351633, 0.24694786792983173, -0.5500164526736263, 0.3416586559241736
flux1:, 1.2187119336712642, 0.0027203405597153877, 0.00045188035296499495, 0.26368410795658076, -0.5908512268585124, 0.3677341106200809
flux1:, 1.2196942905418682, 0.0030727374753959564, 0.00045088747862166684, 0.28454683580979817, -0.6314483358317399, 0.3959698214534889
flux1:, 1.220676647412472, 0.002916795037499522, 0.00046424254957248373, 0.3037893983646976, -0.6777820721705036, 0.42599583618279774
flux1:, 1.221659004283076, 0.0032769826977671578, 0.0004678645493654226, 0.3275786115553205, -0.7239062611535207, 0.45846473529771264
flux1:, 1.22264136115368, 0.0031294796459647844, 0.0004884192067327049, 0.3496975609964133, -0.7763720494966877, 0.4929830206991137
flux1:, 1.223623718024284, 0.003499292910902792, 0.0004965972901329961, 0.37681306911038925, -0.8286711609141265, 0.5302658970491514
flux1:, 1.224606074894888, 0.00336318434290751, 0.0005243197802873123, 0.4022119996272376, -0.8879729441391254, 0.5698859424363162
flux1:, 1.2255884317654917, 0.003744080429958134, 0.0005372083882631139, 0.43309242359705913, -0.9471652962576139, 0.6126351485226158
flux1:, 1.2265707886360957, 0.0036216744185228297, 0.0005725886419714669, 0.4622148885791404, -1.0140813538567162, 0.6580412013823896
flux1:, 1.2275531455066997, 0.004014829240318667, 0.0005906944380341179, 0.49734283920717764, -1.080960132446027, 0.7069879870743209
flux1:, 1.2285355023773037, 0.003907948641979312, 0.0006348819165216359, 0.5306769328392421, -1.156348197268829, 0.758946460534215
flux1:, 1.2295178592479077, 0.004314234491007933, 0.0006592465633314846, 0.5705822429034021, -1.2317877181444892, 0.8149088929015768
flux1:, 1.2305002161185117, 0.004224165380370047, 0.0007143544068780469, 0.6086631724723492, -1.3165921785795318, 0.8742765032788475
flux1:, 1.2314825729891155, 0.004644011063151883, 0.0007469216313108517, 0.6539238170646733, -1.4015566944701328, 0.9381682990394573
flux1:, 1.2324649298597194, 0.00457123236181493, 0.0008167096738595532, 0.6973339388831311, -1.49681877133094, 1.0059012928357685
flux1:, 1.2334472867303234, 0.0050044371721440035, 0.0008611426996409141, 0.7485739158801825, -1.5923751695781734, 1.0787422325422278
flux1:, 1.2344296436009274, 0.0049482012516804666, 0.0009525667252961011, 0.7979406777907594, -1.6992472331057722, 1.155907812447297
flux1:, 1.2354120004715314, 0.005394185578604627, 0.0010161555963079949, 0.8558277342267429, -1.8065820495353608, 1.2388378165012988
flux1:, 1.2363943573421352, 0.005352744272268935, 0.0011429551480637281, 0.9118306731754645, -1.9263420636458237, 1.3266312374225375
flux1:, 1.2373767142127392, 0.005814342026705785, 0.0012410065086290872, 0.9771057592612222, -2.046766744215777, 1.4209347310790603
flux1:, 1.2383590710833432, 0.005791966266677147, 0.0014312054460994604, 1.0405831008178754, -2.180779241958761, 1.5207135054472214
flux1:, 1.2393414279539472, 0.006301366663656897, 0.0015933986987803608, 1.1143608160468357, -2.3155678293429216, 1.6278736609940747
flux1:, 1.2403237848245512, 0.006360772827410417, 0.0018891561234659082, 1.1871098288095117, -2.4647643939397446, 1.7412287556953998
flux1:, 1.241306141695155, 0.0071115088828725215, 0.0021175062727707317, 1.2727214968093876, -2.6138159232590557, 1.8629824500322711
flux1:, 1.242288498565759, 0.007551920260470891, 0.002410759170809067, 1.360495309080522, -2.7762105641983212, 1.991592424914362
flux1:, 1.243270855436363, 0.008897656901690231, 0.0023807045122275, 1.4645206903952466, -2.936343757550996, 2.1292145863601335
flux1:, 1.244253212306967, 0.009604289583799929, 0.002246769229066905, 1.5678931352221508, -3.1125563804776446, 2.27376435896003
flux1:, 1.245235569177571, 0.010781414689919208, 0.0019467067101505964, 1.681672630608439, -3.2916923055615497, 2.428135961569489
flux1:, 1.2462179260481747, 0.011096555285672098, 0.0017925056197911973, 1.7907023709650272, -3.4921664289666317, 2.5907149117209287
flux1:, 1.2472002829187787, 0.0119574440401636, 0.0016710550551686104, 1.9127199111841184, -3.6953502736234722, 2.7647382974681327
flux1:, 1.2481826397893827, 0.012201268929258111, 0.0016631910265020205, 2.0324575086670205, -3.919998138430852, 2.948116908731007
flux1:, 1.2491649966599867, 0.013046914653024889, 0.001666096859489497, 2.168254746232419, -4.146235190397105, 3.1442251635194784
flux1:, 1.2501473535305907, 0.01338009154431495, 0.0017318928702542212, 2.3026601324923925, -4.395090232596652, 3.3506578376168967
flux1:, 1.2511297104011945, 0.014296821808775952, 0.0017908337317293214, 2.4549503618714814, -4.645370031695191, 3.5711790898046214
flux1:, 1.2521120672717985, 0.01474871062597754, 0.0018942663516990585, 2.6061223152293342, -4.920029201870856, 3.8030686462440815
flux1:, 1.2530944241424025, 0.015758671663631495, 0.001983656515288439, 2.7768031338102395, -5.196209979677754, 4.050555608449875
flux1:, 1.2540767810130065, 0.016337522351851177, 0.0021124017341975876, 2.946545205700984, -5.498761166989298, 4.310548259659248
flux1:, 1.2550591378836105, 0.017452176790716416, 0.0022235880842142214, 3.137483999621489, -5.802984118651442, 4.587796029807802
flux1:, 1.2560414947542144, 0.01816627311050218, 0.002373892207859527, 3.327670701341482, -6.13571733862192, 4.87877819077377
flux1:, 1.2570238516248182, 0.01939670594851257, 0.0025043941380033727, 3.5408615766871656, -6.470276584880299, 5.188822950204699
flux1:, 1.2580062084954222, 0.020257211253711226, 0.0026757349582801323, 3.7535106409123395, -6.8356224582237175, 5.513921662324424
flux1:, 1.2589885653660262, 0.02161602990442831, 0.0028255757093116635, 3.9911056496496324, -7.202938183733716, 5.860044829382538
flux1:, 1.2599709222366302, 0.02263706305252951, 0.0030188246173016484, 4.228393622212649, -7.6034555591539785, 6.2226330471021285
flux1:, 1.2609532791072342, 0.024138833366772656, 0.003189211725458106, 4.492710300929813, -8.006069081806055, 6.608368196420635
flux1:, 1.261935635977838, 0.025337255774118037, 0.003405951879657606, 4.7569771469152276, -8.444443207447115, 7.012071906005135
flux1:, 1.262917992848442, 0.026998624938594607, 0.0035987631848991004, 5.050501922880233, -8.885016244113789, 7.441212927309931
flux1:, 1.263900349719046, 0.028393953623238974, 0.0038410154530482002, 5.344253369205687, -9.36406030331015, 7.889918918793493
flux1:, 1.26488270658965, 0.03023378148237349, 0.004058591248198204, 5.669641457545698, -9.84537800346383, 8.366525661610943
flux1:, 1.265865063460254, 0.03184821967673151, 0.0043287064072064655, 5.9955500969108115, -10.368031522317844, 8.864386857226412
flux1:, 1.266847420330858, 0.033887817522178995, 0.00457375865668195, 6.355631028085328, -10.892997527664868, 9.392795389308954
flux1:, 1.2678297772014617, 0.0357463865096258, 0.0048743631579099365, 6.7165383649287165, -11.462329946815096, 9.944239603554811
flux1:, 1.2688121340720657, 0.03800973102454991, 0.005149947102236671, 7.114313615112851, -12.033971702868115, 10.5290655599646
flux1:, 1.2697944909426697, 0.040140485769283946, 0.005483931057279306, 7.5132304682606454, -12.653181232764233, 11.138798809262855
flux1:, 1.2707768478132737, 0.04265452043818612, 0.0057934373825451555, 7.95187615444311, -13.2746472063824, 11.784942954591374
flux1:, 1.2717592046838777, 0.04508880517051775, 0.006163951019416049, 8.391983037156567, -13.947061435051971, 12.45795356450972
flux1:, 1.2727415615544815, 0.04788377484237985, 0.006511113156509755, 8.874849298534706, -14.621621532603696, 13.170605049459557
flux1:, 1.2737239184250855, 0.05065656914928928, 0.006921572230491803, 9.359495281208824, -15.350698196972852, 13.912165931942658
flux1:, 1.2747062752956895, 0.05376641227403693, 0.007310481497921335, 9.890105156711485, -16.081743798329356, 14.696804156081917
flux1:, 1.2756886321662935, 0.05691672659380111, 0.0077645785892315345, 10.422806138975922, -16.871071546070002, 15.51247351951379
flux1:, 1.2766709890368975, 0.06037950646808486, 0.008199703441375095, 11.004853646550202, -17.66211563574985, 16.37486836016335
flux1:, 1.2776533459075012, 0.06395084033578163, 0.008701421188208621, 11.589289518998665, -18.51541510542235, 17.27048865300658
flux1:, 1.2786357027781052, 0.06780922422077292, 0.009187630581200106, 12.226636627746927, -19.37009271316764, 18.216698835520425
flux1:, 1.2796180596487092, 0.07185009978692099, 0.009741258490543105, 12.866647476778777, -20.291218046019743, 19.19839379906517
flux1:, 1.2806004165193132, 0.07615188948919828, 0.010283846505410461, 13.56332011953798, -21.213287129651608, 20.23476338204934
flux1:, 1.2815827733899172, 0.08071645655221484, 0.010893997985790091, 14.262901311535801, -22.206228049045947, 21.308933056398402
flux1:, 1.282565130260521, 0.0855151672023965, 0.011498710286716235, 15.023084268251791, -23.199570766633308, 22.442085834123752
flux1:, 1.283547487131125, 0.09066389269207525, 0.012170341784382616, 15.786380304570685, -24.268455118682212, 23.615399551296118
flux1:, 1.284529844001729, 0.0960193779827932, 0.012843403353706902, 16.614410719866516, -25.337079562156898, 24.85223143538095
flux1:, 1.285512200872333, 0.10181981754779917, 0.013581835409182908, 17.445707724859762, -26.486176431956498, 26.131618594634215
flux1:, 1.286494557742937, 0.1077989459295859, 0.014329980025939366, 18.346067431615936, -27.634218763196973, 27.47928775776327
flux1:, 1.2874769146135407, 0.11432661955776272, 0.01514091863749392, 19.249784362297746, -28.867942115364727, 28.871926379135626
flux1:, 1.2884592714841447, 0.12100400712848253, 0.015971417778559812, 20.227090824020287, -30.099669027996498, 30.33784116869924
flux1:, 1.2894416283547487, 0.12834337775264412, 0.016860976429144955, 21.207769163266104, -31.422581698481455, 31.851144084559817
flux1:, 1.2904239852253527, 0.13580216974278916, 0.017781668990234995, 22.26676481497961, -32.742393078532054, 33.44294859777203
flux1:, 1.2914063420959567, 0.14404773779509625, 0.018756391787424883, 23.329056695368376, -34.15921104105179, 35.08454728215365
flux1:, 1.2923886989665605, 0.15238044449399724, 0.019775713741924193, 24.474596891194395, -35.571642583532416, 36.810104617848424
flux1:, 1.2933710558371645, 0.16163797105677566, 0.02084259831433798, 25.623251597349434, -37.08723930519818, 38.58783067466978
flux1:, 1.2943534127077685, 0.17094737755280917, 0.021969610707092333, 26.860290639065123, -38.59696500754992, 40.45520387910837
flux1:, 1.2953357695783725, 0.18133525972518347, 0.023136130615955732, 28.100139087748207, -40.216375665116274, 42.37706812202284
flux1:, 1.2963181264489765, 0.19173539280129628, 0.024380546863064675, 29.43371440132649, -41.82820975045285, 44.39449881783839
flux1:, 1.2973004833195805, 0.20338619504993502, 0.025654673418799963, 30.769651756198257, -43.55663517073153, 46.46866802658396
flux1:, 1.2982828401901843, 0.21500338420971155, 0.027026883771935788, 32.20486684233679, -45.27553413918268, 48.644552621942914
flux1:, 1.2992651970607882, 0.2280655731363536, 0.028417105936670777, 33.64183462474842, -47.118345486745724, 50.87932265909495
flux1:, 1.3002475539313922, 0.24103956049252623, 0.029928196812481024, 35.18384040428854, -48.94940836030839, 53.22218403116471
flux1:, 1.3012299108019962, 0.2556793543698145, 0.03144353600347561, 36.72680404059046, -50.91214661720447, 55.6259508044061
flux1:, 1.3022122676726002, 0.2701645123159979, 0.03310530631491412, 38.38077505078651, -52.86061072943207, 58.14441175063106
flux1:, 1.303194624543204, 0.28656817811625224, 0.03475533449893595, 40.03469951330895, -54.948988071485225, 60.725642577335755
flux1:, 1.304176981413808, 0.30273502030825933, 0.036580310890135165, 41.80581177341653, -57.020228674899364, 63.42839463921356
flux1:, 1.305159338284412, 0.3211113897122268, 0.03837516288339718, 43.5756381239857, -59.2401296426605, 66.19559306100739
flux1:, 1.306141695155016, 0.33914811212560375, 0.04037660529990003, 45.46904497286904, -61.43965469682748, 69.0913616245808
flux1:, 1.30712405202562, 0.3597314843539627, 0.04232698785489971, 47.35966360881253, -63.79713336655622, 72.05303084782479
flux1:, 1.308106408896224, 0.3798458451262073, 0.044518891301071506, 49.38046942214846, -66.13057577120688, 75.15053898897656
flux1:, 1.3090887657668278, 0.40289946057485854, 0.04663609106201251, 51.39669242403806, -68.63185147015707, 78.31514276842582
flux1:, 1.3100711226374318, 0.4253210138135026, 0.049033182660344746, 53.54992693037352, -71.10495914145783, 81.62307226525307
flux1:, 1.3110534795080357, 0.4511411625361646, 0.051329073127163234, 55.696460801904664, -73.75641063478554, 84.99899302844217
flux1:, 1.3120358363786397, 0.4761239781527717, 0.053946807032599395, 57.98705292173638, -76.37503360505735, 88.52594274127338
flux1:, 1.3130181932492437, 0.5050450089693498, 0.05643385863400736, 60.268472243440854, -79.1831906235833, 92.12143618608891
flux1:, 1.3140005501198475, 0.5328710945087737, 0.05928840878489905, 62.701227608901824, -81.9532654244092, 95.87587711912161
flux1:, 1.3149829069904515, 0.5652716042347544, 0.06197970338472234, 65.12195190191233, -84.9247985232317, 99.69902360553493
flux1:, 1.3159652638610555, 0.5962552680938837, 0.06508796105849703, 67.70153410396014, -87.85232921108351, 103.68925085174897
flux1:, 1.3169476207316595, 0.6325658434516591, 0.0679972184580061, 70.26581016372836, -90.99403724663337, 107.74790298215123
flux1:, 1.3179299776022635, 0.6670593668812977, 0.07137679706526882, 72.99672944720497, -94.08507299586697, 111.98198412207603
flux1:, 1.3189123344728673, 0.707772465673676, 0.07451841824757292, 75.7086219987244, -97.40386839345753, 116.2837102926172
flux1:, 1.3198946913434713, 0.7461736253750664, 0.07818767460187441, 78.59523465392932, -100.66447725040332, 120.76942978488134
flux1:, 1.3208770482140753, 0.7918563463707218, 0.08157681275856367, 81.45862996895295, -104.16736863365118, 125.32145291614943
flux1:, 1.3218594050846793, 0.8346184766113104, 0.0855548966389938, 84.5051541298762, -107.60360636384213, 130.0662521225252
flux1:, 1.3228417619552832, 0.8859292795830219, 0.08920757049884553, 87.52378209273338, -111.29767774677069, 134.87538351769888
flux1:, 1.323824118825887, 0.9335749160941883, 0.09351451580469622, 90.73433604631634, -114.91555051487576, 139.88629583960522
flux1:, 1.324806475696491, 0.9912858210649137, 0.09744778203879752, 93.91181836893736, -118.80793584864327, 144.95886303884288
flux1:, 1.325788832567095, 1.0444254113049436, 0.10210466176270429, 97.29049083608207, -122.6133544018384, 150.24244330318948
flux1:, 1.326771189437699, 1.1094518628502734, 0.10633687148980298, 100.63042606003503, -126.7112050637958, 155.58421132658975
flux1:, 1.327753546308303, 1.168809721304582, 0.11136604122385191, 104.1813913824071, -130.70992686104017, 161.1464589909495
flux1:, 1.3287359031789068, 1.2422513117241165, 0.11591721349068244, 107.68749166483761, -135.020368580776, 166.76254440319036
flux1:, 1.3297182600495108, 1.3087020458350322, 0.12134268438337217, 111.41518812074895, -139.21792235087685, 172.60881981529354
flux1:, 1.3307006169201148, 1.3918988425244758, 0.12623504091984786, 115.0914893166055, -143.74799563950114, 178.50359685032706
flux1:, 1.3316829737907188, 1.4665191883598208, 0.13208303047729045, 119.0008872197507, -148.1495799531649, 184.63853031193383
flux1:, 1.3326653306613228, 1.5611309130889377, 0.13734176589565528, 122.8520642096277, -152.90615528131906, 190.8155290912377
flux1:, 1.3336476875319265, 1.6452746581982298, 0.14364151872654443, 126.94906511405813, -157.51649854377393, 197.24292280278465
flux1:, 1.3346300444025305, 1.7533940036386744, 0.1492959063905712, 130.9809037463662, -162.50615144231426, 203.70472042305522
flux1:, 1.3356124012731345, 1.848802271331079, 0.15608089959193885, 135.27293615640147, -167.3293130402901, 210.42744488712853
flux1:, 1.3365947581437385, 1.9731204120076018, 0.16216589731904055, 139.49303987163682, -172.55813985990747, 217.17555155493082
flux1:, 1.3375771150143425, 2.0820874892246657, 0.16947563522514014, 143.98995539773992, -177.59722384914488, 224.19544117680093
flux1:, 1.3385594718849465, 2.226141599599872, 0.17603425361270686, 148.4088241070591, -183.0705576748176, 231.23019196387398
flux1:, 1.3395418287555503, 2.3517705485691214, 0.18391699652033244, 153.12427363131474, -188.32728838790024, 238.54795038818122
flux1:, 1.3405241856261543, 2.5203241260789335, 0.19100389977403143, 157.7569747105104, -194.04926824781606, 245.86841517508117
flux1:, 1.3415065424967583, 2.666932295103273, 0.19952090060727426, 162.71057252099024, -199.52335330993603, 253.4835554306815
flux1:, 1.3424888993673623, 2.866578106277427, 0.20720803536734558, 167.5794154649451, -205.49624517746622, 261.0875114766334
flux1:, 1.3434712562379663, 3.0403622949073434, 0.2164403833561889, 172.80025403651535, -211.18439345731235, 268.9983870163597
flux1:, 1.34445361310857, 3.280513579552466, 0.22482617458150028, 177.9392114888007, -217.40750753619147, 276.88243924983453
flux1:, 1.345435969979174, 3.49068436497284, 0.23488630048767045, 183.47179053287226, -223.30187754983186, 285.0864925922929
flux1:, 1.346418326849778, 3.7852747864361427, 0.24411138019791073, 188.9341139480524, -229.76979643644134, 293.2465448068785
flux1:, 1.347400683720382, 4.046081031784909, 0.2551634185853577, 194.84879916228738, -235.85547138828048, 301.7410732056904
flux1:, 1.348383040590986, 4.416629042035046, 0.2654391022578841, 200.72078505175426, -242.55506839050446, 310.17363169278156
flux1:, 1.34936539746159, 4.751171023146187, 0.2777371349118817, 207.13325807408003, -248.80580911227236, 318.9578050340984
flux1:, 1.3503477543321938, 5.232641262408041, 0.2894004781848523, 213.5605953163037, -255.71107261732038, 327.6633266227502
flux1:, 1.3513301112027978, 5.680531145078986, 0.30336565064576293, 220.67036963078118, -262.0819258311813, 336.74338368278154
flux1:, 1.3523124680734018, 6.33337721626582, 0.31699459115720635, 227.91214985967594, -269.1447092007721, 345.73494857651554
flux1:, 1.3532948249440058, 6.9673824843123455, 0.33338441318839135, 236.08485012793355, -275.5587702672665, 355.13804707588093
flux1:, 1.3542771818146098, 7.904550461197878, 0.35006244382352536, 244.63391848953125, -282.6920192483671, 364.46510017605414
flux1:, 1.3552595386852135, 8.870409850244556, 0.37038318446252344, 254.59409437357837, -289.01674240650834, 374.2791107598066
flux1:, 1.3562418955558175, 10.324779264449822, 0.39238268329075754, 265.4740209969804, -296.06561598020625, 384.0988935064859
flux1:, 1.3572242524264215, 11.948446155539933, 0.4200315040668367, 278.81085740897987, -302.0759608404428, 394.6005964073422
flux1:, 1.3582066092970255, 14.464819906010614, 0.4528481209734195, 294.40339857470065, -308.78730014762203, 405.42436731317827
flux1:, 1.3591889661676295, 17.58432277416766, 0.4968039449278651, 315.07768779937675, -314.16867795428414, 417.56269067405566
flux1:, 1.3601713230382333, 22.646582425736796, 0.5562650439093227, 341.7140769910023, -320.365088277605, 431.2683243908228
flux1:, 1.3611536799088373, 29.748183545401712, 0.6448038801187755, 380.8703776722552, -325.4621158476609, 448.8476082762941
flux1:, 1.3621360367794413, 41.717042062357926, 0.7827643176716341, 435.7842419381499, -333.85605581053, 473.44818878670173
flux1:, 1.3631183936500453, 58.534261923861756, 0.9952591510508725, 514.9963893459014, -348.8984604237568, 511.9803897549791
flux1:, 1.3641007505206493, 76.08025800905259, 1.24224972355175, 578.0282313979703, -387.51151485407996, 565.1361297153345
flux1:, 1.365083107391253, 71.70014446504149, 1.2851494966795516, 546.9801159617549, -443.6048496709687, 601.3262526491395
flux1:, 1.366065464261857, 47.4224468187685, 1.0791853219968224, 425.43639183662214, -482.9953964056605, 593.4393918705894
flux1:, 1.367047821132461, 27.273799943302965, 0.8769934661381492, 341.94063971953403, -495.73632881583575, 574.3524297885676
flux1:, 1.368030178003065, 15.71350079671486, 0.7634119507380708, 293.0146458692089, -503.964877546032, 561.1203125218931
flux1:, 1.369012534873669, 10.05279398387548, 0.710073467403801, 273.6414600647441, -510.2857673684924, 556.287604821907
flux1:, 1.3699948917442728, 6.928047053147365, 0.692446067973249, 259.8320772735514, -522.5184918652922, 554.4518571427204
flux1:, 1.3709772486148768, 5.777916281015377, 0.6955321324136663, 255.25660560780977, -535.0504572297975, 556.3292259553681
flux1:, 1.3719596054854808, 5.791991485534646, 0.7119190270332356, 248.3452636221901, -556.3592119108571, 557.6334898109155
flux1:, 1.3729419623560848, 7.278816425608076, 0.735204950367612, 245.98205163006799, -579.7981967793797, 560.911217358246
flux1:, 1.3739243192266888, 12.448103779680455, 0.7475308918404103, 244.0377363229834, -620.6424033816087, 564.1101197106474
flux1:, 1.3749066760972926, 24.306843859515183, 0.69416554780643, 262.3071431223382, -672.6860546011549, 578.1543252662888
flux1:, 1.3758890329678966, 63.375819230615704, 0.27312768398897075, 381.3250219842437, -744.5226993812096, 648.5688729501337
flux1:, 1.3768713898385005, 102.91532019501636, -0.6826982522100152, 662.4567763071061, -663.5876486597892, 826.9290426317286
flux1:, 1.3778537467091045, 77.79735554573557, -0.7380496814429681, 710.2903371534551, -505.31168417128396, 874.2558769872486
flux1:, 1.3788361035797085, 43.119807418274306, -0.29188440765473905, 598.0130942864754, -481.7138506097626, 821.0901812338112
flux1:, 1.3798184604503125, 30.07035636862023, -0.05048590649386687, 541.9391633685505, -491.0382483092867, 796.5054563298912
flux1:, 1.3808008173209163, 21.677222484540106, 0.1271504310121805, 501.49194378500204, -512.3375129658333, 780.8361477430389
flux1:, 1.3817831741915203, 18.33811226700347, 0.21974411022106521, 485.1725098538715, -528.2158522647318, 779.2859878486001
flux1:, 1.3827655310621243, 15.448313340038682, 0.30738577300503733, 470.67638614726616, -547.5495910683376, 778.8394753089382
flux1:, 1.3837478879327283, 14.305003294521308, 0.3558726191590284, 466.5150955109205, -562.0274476910797, 784.7443477695784
flux1:, 1.3847302448033323, 13.056161236079543, 0.4124572460024809, 461.17851952957955, -579.2326760251851, 789.8985292817597
flux1:, 1.3857126016739363, 12.643068199509493, 0.44406760546055635, 461.64909811650796, -592.7736082792737, 798.7677263045534
flux1:, 1.38669495854454, 12.065561770104384, 0.48694429665519423, 460.3544922251314, -608.7382391996507, 806.4866154912875
flux1:, 1.387677315415144, 11.965929935841793, 0.5106011291561566, 462.91305947420267, -621.7970436736842, 816.7532381586586
flux1:, 1.388659672285748, 11.723374299597346, 0.5463010928668242, 463.66141330004655, -637.0360610660198, 825.8180829938769
flux1:, 1.389642029156352, 11.783018946661068, 0.5655963945656451, 467.23906072234576, -649.8543375355404, 836.8024675911187
flux1:, 1.390624386026956, 11.731010432944343, 0.5970328398326245, 469.09027292102604, -664.6463072925686, 846.6232509897698
flux1:, 1.3916067428975598, 11.881592148323744, 0.6136253592853008, 473.1583446101218, -677.346037812581, 857.9766953491059
flux1:, 1.3925890997681638, 11.948160381740536, 0.6422503252548327, 475.6050641177511, -691.8453091708819, 868.2241365345594
flux1:, 1.3935714566387678, 12.154990928963151, 0.6569802500894231, 479.8666872535955, -704.4871007384595, 879.7420326586615
flux1:, 1.3945538135093718, 12.299968539589603, 0.6835725484795501, 482.6043471480725, -718.7819967289992, 890.210353267342
flux1:, 1.3955361703799758, 12.543370248782795, 0.6968962292228407, 486.87498710683326, -731.3949725820038, 901.7584807999718
flux1:, 1.3965185272505796, 12.742192530967325, 0.7218964483013687, 489.70492960720594, -745.5378051453557, 912.3065421197803
flux1:, 1.3975008841211836, 13.009874364441643, 0.7340809102586868, 493.86051209882845, -758.1351404075931, 923.7882229336486
flux1:, 1.3984832409917876, 13.24632769872918, 0.7577525488013817, 496.6449176571858, -772.1583587409049, 934.3114130115388
flux1:, 1.3994655978623916, 13.529949960342314, 0.768973352901915, 500.59739311671393, -784.7456198545508, 945.6513968658918
flux1:, 1.4004479547329955, 13.792641428447137, 0.7914890542611894, 503.2367434247889, -798.6708018413615, 956.0669949360949
flux1:, 1.4014303116035993, 14.086163108139822, 0.8018849393025081, 506.9219068232186, -811.2504379510458, 967.2028924400081
flux1:, 1.4024126684742033, 14.366696881174613, 0.8233771882877681, 509.3430820148169, -825.0932950488448, 977.4418696542375
flux1:, 1.4033950253448073, 14.665550268895307, 0.8330834519320205, 512.7142273073117, -837.6668728764819, 988.3192575586617
flux1:, 1.4043773822154113, 14.957547604309388, 0.8536768118061516, 514.8638936082465, -851.439835561774, 998.3213760622256
flux1:, 1.4053597390860153, 15.258221159150551, 0.8628471339514652, 517.888322278045, -864.0088150977581, 1008.89081070948
flux1:, 1.406342095956619, 15.556779597822807, 0.8826799241889156, 519.7290001557859, -877.7220284478655, 1018.6015148919232
flux1:, 1.407324452827223, 15.856608280857962, 0.8915011998542403, 522.3858908730584, -890.2875222024916, 1028.8165928053177
flux1:, 1.408306809697827, 16.1579952820828, 0.9107405174722218, 523.8933484682169, -903.9487397246927, 1038.184936422855
flux1:, 1.409289166568431, 16.45505446913002, 0.919443006382122, 526.1722010128748, -916.5105409908026, 1048.000974191513
flux1:, 1.410271523439035, 16.756524764531488, 0.938295170343247, 527.3334375341159, -930.1242438881087, 1056.9781875851613
flux1:, 1.4112538803096388, 17.04957054143683, 0.9471593113013624, 529.23267234498, -942.6793395575886, 1066.3512996091852
flux1:, 1.4122362371802428, 17.34924448859566, 0.9658770196408909, 530.0441028342426, -956.2453310280887, 1074.889786294769
flux1:, 1.4132185940508468, 17.637667762769784, 0.9752378208227545, 531.5696072226386, -968.7860830752614, 1083.776244147333
flux1:, 1.4142009509214508, 17.934434399038597, 0.9941249349657441, 532.0352506397438, -982.2977574379024, 1091.8288908061297
flux1:, 1.4151833077920548, 18.218210703881358, 1.0043747240859227, 533.1987896106174, -994.8099022971453, 1100.1847037087532
flux1:, 1.4161656646626586, 18.511634965419127, 1.0237895134069177, 533.3283894492878, -1008.2523455072826, 1107.7044356742003
flux1:, 1.4171480215332626, 18.791260608703947, 1.035379715369753, 534.145878880869, -1020.7129325840469, 1115.4851155028657
flux1:, 1.4181303784038666, 19.08148393641035, 1.0557371579146049, 533.952956132988, -1034.0609670320564, 1122.4246569382847
flux1:, 1.4191127352744706, 19.35789494495473, 1.0691797250550268, 534.4426346906955, -1046.4363063854933, 1129.585142052418
flux1:, 1.4200950921450746, 19.645524546321894, 1.0909535545900002, 533.9425051685886, -1059.6525374089233, 1135.8969443420422
flux1:, 1.4210774490156786, 19.919997947849815, 1.1068224564132938, 534.1230656851625, -1071.8961843856641, 1142.3916555486273
flux1:, 1.4220598058862823, 20.205983153759362, 1.1305471853965083, 533.3308749669592, -1084.9290528878607, 1148.0279655458362
flux1:, 1.4230421627568863, 20.48002165568023, 1.1494801174605778, 533.2196112818118, -1096.9797954762105, 1153.8109740243672
flux1:, 1.4240245196274903, 20.765517364901523, 1.1757531410748783, 532.1484379756052, -1109.7615851828216, 1158.7240111017195
flux1:, 1.4250068764980943, 21.040718646823453, 1.1984531858797542, 531.7594610111037, -1121.5413606303903, 1163.7492885107122
flux1:, 1.4259892333686983, 21.326935722765025, 1.2279364655257092, 530.4185205802454, -1133.9860705343274, 1167.8915060450163
flux1:, 1.4269715902393023, 21.604846410829182, 1.255172835880221, 529.7610794372279, -1145.3976994378932, 1172.1132358506227
flux1:, 1.427953947109906, 21.892887952999676, 1.2885930446271188, 528.1540749839976, -1157.3986577616672, 1175.4376381194352
flux1:, 1.42893630398051, 22.174841023561697, 1.321199204131134, 527.231025117716, -1168.3232683495364, 1178.8105650069658
flux1:, 1.429918660851114, 22.46552205788881, 1.3593442360980514, 525.3546725968603, -1179.7503737215377, 1181.2710636488453
flux1:, 1.430901017721718, 22.752454840926905, 1.3982105209964348, 524.1611298984307, -1190.0444160098084, 1183.7508678361046
flux1:, 1.431883374592322, 23.046102139893843, 1.4419189191785808, 522.0039182739232, -1200.7409329162422, 1185.3026686517862
flux1:, 1.4328657314629258, 23.33835136837623, 1.4879751598538695, 520.5261772473042, -1210.232756595268, 1186.8463649313112
flux1:, 1.4338480883335298, 23.634580227704873, 1.5381132756952802, 518.0674655799776, -1220.0117128120223, 1187.4463913453199
flux1:, 1.4348304452041338, 23.931651761938777, 1.5922949222579768, 516.2823133172622, -1228.4978511487134, 1188.012766453494
flux1:, 1.4358128020747378, 24.229119568223986, 1.649714418409421, 513.4919371173858, -1237.1383135708854, 1187.6201483805332
flux1:, 1.4367951589453418, 24.52943479934056, 1.7129031876896454, 511.36657902702314, -1244.3799259498385, 1187.1702832519393
flux1:, 1.4377775158159456, 24.825578318487025, 1.7783689738387032, 508.20522223812856, -1251.6238409584241, 1185.746975696193
flux1:, 1.4387598726865496, 25.126209218261685, 1.8512965751938493, 505.6981488333495, -1257.3442940717284, 1184.2449342075477
flux1:, 1.4397422295571536, 25.416986667909693, 1.9253734121417823, 502.1190648362475, -1262.8952410395382, 1181.7565716931006
flux1:, 1.4407245864277576, 25.713409798111865, 2.00847614480616, 499.182559897663, -1266.780552745408, 1179.170384842603
flux1:, 1.4417069432983616, 25.993092948336457, 2.0913624741613277, 495.1349684404043, -1270.3065615167254, 1175.5875047629597
flux1:, 1.4426893001689653, 26.279021540567857, 2.1845761986599093, 491.7194673705474, -1272.0114378286287, 1171.8906157289402
flux1:, 1.4436716570395693, 26.54011666189402, 2.2758785335617944, 487.1545120441498, -1273.155295233953, 1167.1904835756786
flux1:, 1.4446540139101733, 26.80750845872136, 2.3783740450831075, 483.2159599709319, -1272.3186814573526, 1162.3638947995164
flux1:, 1.4456363707807773, 27.040927142178134, 2.4768312462688065, 478.09575532305763, -1270.7199382634367, 1156.5330917843407
flux1:, 1.4466187276513813, 27.280306133725283, 2.5867124671526307, 473.6060324192485, -1266.9944301465086, 1150.5683497710818
flux1:, 1.447601084521985, 27.47593775610692, 2.689908332159744, 467.9157523183332, -1262.3273093460557, 1143.6062309774288
flux1:, 1.448583441392589, 27.67718403265997, 2.803934421381056, 462.87575928698186, -1255.4258254955496, 1136.5092660898904
flux1:, 1.449565798263193, 27.825009377780873, 2.908082084973028, 456.63758867566276, -1247.4548183234867, 1128.4321059426113
flux1:, 1.450548155133797, 27.97872153625618, 3.021525097225902, 451.09092137704954, -1237.2137138678218, 1120.2275359714347
flux1:, 1.451530512004401, 28.07049975656355, 3.121454796686762, 444.3767229972415, -1225.8623679835, 1111.072678119198
flux1:, 1.4525128688750049, 28.169866946317935, 3.2282445848825243, 438.4197651000998, -1212.3117895477058, 1101.8076032618408
flux1:, 1.4534952257456089, 28.201188460790235, 3.3177448156793052, 431.35726237727164, -1197.730000046876, 1091.636313685995
flux1:, 1.4544775826162128, 28.244015270856433, 3.4110385422929275, 425.1399214129514, -1181.151187323987, 1081.3820560379945
flux1:, 1.4554599394868168, 28.216181265656914, 3.4836408377216035, 417.9064950531396, -1163.755773107797, 1070.2793843513164
flux1:, 1.4564422963574208, 28.20638998498162, 3.5568396679226453, 411.61849296785937, -1144.6972091170376, 1059.129518317747
flux1:, 1.4574246532280246, 28.12733185433411, 3.606970632056667, 404.41921207289886, -1125.1578672987994, 1047.1998302525
flux1:, 1.4584070100986286, 28.07515903682824, 3.6549937726997017, 398.26130800113515, -1104.386913088642, 1035.263721271578
flux1:, 1.4593893669692326, 27.958715241770705, 3.6791936608786138, 391.29409573509736, -1083.5432271153231, 1022.6220031390353
flux1:, 1.4603717238398366, 27.87915734551445, 3.6996113126277956, 385.4408953104608, -1061.93220713299, 1010.014894283183
flux1:, 1.4613540807104406, 27.742611450866423, 3.6973795619593663, 378.85905077590587, -1040.6563986442698, 996.7759403375499
flux1:, 1.4623364375810444, 27.65241951758027, 3.690966126862025, 373.4259119468672, -1019.033613334496, 983.6084713688265
flux1:, 1.4633187944516486, 27.513021828349206, 3.664883731954599, 367.31139126844795, -998.0823817961225, 969.8773764311068
flux1:, 1.4643011513222524, 27.427267819761234, 3.635365993337766, 362.3374656795184, -977.0985983559646, 956.2479177802841
flux1:, 1.4652835081928564, 27.29896953392695, 3.590451699365351, 356.6940465892558, -957.0047088574563, 942.1147794051561
flux1:, 1.4662658650634603, 27.228388307932686, 3.5435808121338557, 352.1461047787376, -937.0583817406203, 928.1065693589754
flux1:, 1.4672482219340643, 27.119839739390937, 3.4861676040000207, 346.9122701663189, -918.092157480065, 913.6462083058252
flux1:, 1.4682305788046683, 27.069671309038227, 3.4285045346968555, 342.7045874637823, -899.3269746931678, 899.3289558872694
flux1:, 1.4692129356752721, 26.983837899112114, 3.365063484226578, 337.7779496446533, -881.524722989136, 884.6042530279627
flux1:, 1.470195292545876, 26.954141482689664, 3.3028891641198683, 333.79822522792114, -863.8823587544688, 870.0381756378995
flux1:, 1.47117764941648, 26.889185371543636, 3.239134397129475, 329.0610678508973, -847.114964798998, 855.1046325226523
flux1:, 1.472160006287084, 26.876063074097125, 3.1777273375345056, 325.1930951296925, -830.4116656861053, 840.344640982392
flux1:, 1.473142363157688, 26.826806328619938, 3.1181294398661006, 320.5316178841927, -814.4620751138283, 825.2541660119148
flux1:, 1.4741247200282919, 26.823860935508613, 3.0614466273641887, 316.66978239953505, -798.461530496951, 810.352720798721
flux1:, 1.4751070768988959, 26.783210505417912, 3.0091060658177713, 311.98443719583327, -783.0894077508349, 795.1556985234882
flux1:, 1.4760894337694999, 26.782749256537706, 2.959769588533262, 308.0395644656955, -767.5569192626383, 780.1639156167707
flux1:, 1.4770717906401039, 26.742721411417573, 2.9165209132787884, 303.24755227189786, -752.5418594480873, 764.909566114787
flux1:, 1.4780541475107078, 26.73648779647452, 2.8759740799872633, 299.1462579295246, -737.2766628268812, 749.876875470439
flux1:, 1.4790365043813116, 26.688725996948243, 2.8425909036915518, 294.1789108189254, -722.4409098111114, 734.6124125066937
flux1:, 1.4800188612519156, 26.668152959514092, 2.811309334955556, 289.85936923371304, -707.2904330913861, 719.5853557629633
flux1:, 1.4810012181225196, 26.604000647721595, 2.7877171868026753, 284.6572665164436, -692.5064819187612, 704.354567438171
flux1:, 1.4819835749931236, 26.56009613429546, 2.7654021742914696, 280.06398738807076, -677.3686047137476, 689.3753137292476
flux1:, 1.4829659318637276, 26.4703667958217, 2.7508484006006717, 274.57210160960955, -662.5577333476768, 674.2171013266893
flux1:, 1.4839482887343314, 26.39339227123448, 2.736568101343875, 269.6516656697034, -647.3766477627852, 659.3221406035349
flux1:, 1.4849306456049354, 26.26801049588744, 2.729731005408511, 263.8162113409922, -632.5032755367573, 644.2694250131947
flux1:, 1.4859130024755394, 26.14713330343571, 2.7220028942801133, 258.51537130199546, -617.2630338810087, 629.4887915210151
flux1:, 1.4868953593461434, 25.97483726823519, 2.7210451481581415, 252.2835767640395, -602.3281709550247, 614.5681092000414
flux1:, 1.4878777162167474, 25.79795523647336, 2.71787254224779, 246.55077473285814, -587.0464005896254, 599.9254321383103
flux1:, 1.4888600730873511, 25.56627057923482, 2.7204603662634246, 239.87449482351468, -572.0819588842, 585.1575076599222
flux1:, 1.4898424299579551, 25.320228118084007, 2.719350978338928, 233.66556231797952, -556.8048650282961, 570.6711662953186
flux1:, 1.4908247868285591, 25.015940040486086, 2.722674677918803, 226.50929248307062, -541.8693810892165, 556.0727195072973
flux1:, 1.4918071436991631, 24.687359998652816, 2.720682641707528, 219.79761084030957, -526.6680643252048, 541.7583264175938
flux1:, 1.4927895005697671, 24.29769254999689, 2.721526058528058, 212.15073827193424, -511.84339845588437, 527.3452620683227
flux1:, 1.4937718574403709, 23.87459217320312, 2.7153681559585543, 204.94112560455977, -496.8106249845329, 513.2195121825258
flux1:, 1.4947542143109749, 23.389195818229314, 2.710279098276841, 196.83288175501767, -482.19841968281816, 499.0113489006825
flux1:, 1.4957365711815789, 22.863378303944938, 2.696572936564609, 189.17675754426557, -467.4443447135716, 485.09686354935474
flux1:, 1.4967189280521829, 22.27697511360718, 2.6821729109680277, 180.69032870361292, -453.16059178480356, 471.12172679804183
flux1:, 1.4977012849227869, 21.646857954774582, 2.6578174654231126, 172.6975803648116, -438.80578819812376, 457.4518927123875
flux1:, 1.4986836417933906, 20.962005114507704, 2.631246000244054, 163.97786062325528, -424.9720815693255, 443.75072368993636
flux1:, 1.4996659986639946, 20.235130296927117, 2.5939067589422913, 155.81938068488958, -411.1369179630773, 430.3728977773729
flux1:, 1.5006483555345986, 19.464178783617502, 2.553324862703902, 147.06838456814523, -397.8681627846471, 417.00107214377164
flux1:, 1.5016307124052026, 18.658369670940957, 2.5019104272873363, 138.96414386696978, -384.65924243277937, 403.97636056328645
flux1:, 1.5026130692758066, 17.823597325210432, 2.4469173975281953, 130.42072909282425, -372.04959333646946, 391.00118391456294
flux1:, 1.5035954261464104, 16.96588482506188, 2.3818834384255525, 122.61259928461797, -359.5460701558559, 378.39977408852343
flux1:, 1.5045777830170146, 16.097226538505826, 2.3136817048086082, 114.51900657773481, -347.6567404435785, 365.8936090694986
flux1:, 1.5055601398876184, 15.22039438269108, 2.2370212397001663, 107.23416341968884, -335.90060515502347, 353.786311803979
flux1:, 1.5065424967582224, 14.35111755430011, 2.1582323990130483, 99.79835339158652, -324.75354984198333, 341.8169666847791
flux1:, 1.5075248536288264, 13.488727320750774, 2.0731204908642242, 93.21426751609535, -313.7472396025309, 330.265397047833
flux1:, 1.5085072104994304, 12.650322167364468, 1.9872916689796467, 86.57990645881358, -303.3268854870289, 318.8867698848763
flux1:, 1.5094895673700344, 11.83176288891288, 1.8974938413397529, 80.80189979205426, -293.0388777165245, 307.9353021707458
flux1:, 1.5104719242406381, 11.049636437352147, 1.8084580951334532, 75.03475159139215, -283.30094252775694, 297.1811729670397
flux1:, 1.5114542811112421, 10.296649229691791, 1.717698053328532, 70.09153491634562, -273.6769258389014, 286.85293342311184
flux1:, 1.5124366379818461, 9.587736064463446, 1.6289898165386234, 65.18383598326493, -264.56085936247064, 276.73529361840923
flux1:, 1.5134189948524501, 8.913099242403375, 1.5404561915248245, 61.038985629463845, -255.5364673482131, 267.03262538370774
flux1:, 1.5144013517230541, 8.285602900089113, 1.4549226202779935, 56.9267433987379, -246.97751673701367, 257.54406787479815
flux1:, 1.515383708593658, 7.693767401735455, 1.3710037497586671, 53.499198722192894, -238.48909602786753, 248.4522859153854
flux1:, 1.516366065464262, 7.148494201119096, 1.2906496855823741, 50.08453902694845, -230.42725274002134, 239.5707882953128
flux1:, 1.5173484223348659, 6.63741861479346, 1.2128863851450007, 47.27046735226213, -222.41884103799495, 231.06339295951366
flux1:, 1.5183307792054699, 6.169874640519945, 1.1389078139511273, 44.44232029677855, -214.80379185826942, 222.75770380375414
flux1:, 1.5193131360760739, 5.73324377593077, 1.068095294465651, 42.13317464054334, -207.2302462437554, 214.8014900092092
flux1:, 1.5202954929466777, 5.335781839195488, 1.0010222287636583, 39.78267571394312, -200.02288103376569, 207.03586015842464
flux1:, 1.5212778498172816, 4.965028240068684, 0.9373815015212069, 37.87735094889456, -192.85009868375593, 199.59503013456907
flux1:, 1.5222602066878856, 4.628624417155125, 0.8772577037183061, 35.90716769510449, -186.02172365774805, 192.3327375146286
flux1:, 1.5232425635584896, 4.314475381643409, 0.8206154718525851, 34.31848953985364, -179.22515385455773, 185.37175781443165
flux1:, 1.5242249204290936, 4.029989326731365, 0.7671672234811782, 32.647021265206696, -172.75553699616773, 178.57739236952966
flux1:, 1.5252072772996974, 3.7634920405920242, 0.7171099535828861, 31.303917929523898, -166.31797061417046, 172.06271792869464
flux1:, 1.5261896341703014, 3.522439358401402, 0.669881139608542, 29.865918317359455, -160.19303295618226, 165.70345136766593
flux1:, 1.5271719910409054, 3.2955400544887095, 0.6258708112567781, 28.71282467060716, -154.10231276462721, 159.60438886250756
flux1:, 1.5281543479115094, 3.090481277371928, 0.5843195564147372, 27.457909642346873, -148.31194074326456, 153.65051866589135
flux1:, 1.5291367047821134, 2.8962752074042384, 0.5457722859790531, 26.45273394164755, -142.55891894707452, 147.93950676317954
flux1:, 1.5301190616527172, 2.720938880913605, 0.509333604994949, 25.34307302898009, -137.0951874395911, 142.364510299348
flux1:, 1.5311014185233212, 2.553703500746605, 0.47566761346423697, 24.454557927618065, -131.67218756648361, 137.01699760393456
flux1:, 1.5320837753939252, 2.402945105336036, 0.4437901026461954, 23.461926147658136, -126.52787041030814, 131.79733781725707
flux1:, 1.5330661322645291, 2.2580463586400112, 0.41445264586948494, 22.667159476682194, -121.42738973387158, 126.79152032278915
flux1:, 1.5340484891351331, 2.127718911680307, 0.38661783209095313, 21.770770474858338, -116.59509645739689, 121.90623903074074
flux1:, 1.535030846005737, 2.0014564882800947, 0.36109757358572264, 21.05290572903798, -111.80912204753086, 117.22261221462698
flux1:, 1.536013202876341, 1.888246313781534, 0.3368282636148497, 20.237239163368454, -107.28066502061274, 112.65290327916425
flux1:, 1.536995559746945, 1.7776812443272556, 0.3146597429367984, 19.58374070049161, -102.80022473364448, 108.27383330801256
flux1:, 1.537977916617549, 1.6789423137070296, 0.2935223887845755, 18.836999725660952, -98.56635540135848, 104.00259848604
flux1:, 1.538960273488153, 1.581733884074909, 0.2742861228556072, 18.23832800294793, -94.38137567996188, 99.91190456352496
flux1:, 1.5399426303587567, 1.4953397993206385, 0.25589018979128636, 17.551311667134815, -90.43174978447117, 95.923355048311
flux1:, 1.5409249872293607, 1.4096056310008245, 0.23921080604693687, 17.000005978151094, -86.53111049341113, 92.1059507839759
flux1:, 1.5419073440999647, 1.3338276168112764, 0.22320683578898262, 16.365340715318226, -82.85441398416357, 88.3852774477095
flux1:, 1.5428897009705687, 1.2580317900217899, 0.20875043012382627, 15.85541042753984, -79.2261287335471, 84.82688694136554
flux1:, 1.5438720578411727, 1.1914439729007444, 0.19482760569501528, 15.267047765564824, -75.81029441575471, 81.36000902992306
flux1:, 1.5448544147117764, 1.1243122802678713, 0.18229884845199842, 14.793581570099272, -72.4417521099766, 78.04696133693758
flux1:, 1.5458367715823806, 1.0657213549861553, 0.17018236686130045, 14.246476650371168, -69.27421165532003, 74.82035183116639
flux1:, 1.5468191284529844, 1.0061796184615266, 0.15932152554902085, 13.805394616585883, -66.15243159276332, 71.73944650016406
flux1:, 1.5478014853235884, 0.9545741200566132, 0.1487698637001113, 13.295298740173708, -63.22036261290109, 68.74002310697216
flux1:, 1.5487838421941924, 0.9017043969863716, 0.1393497837428289, 12.883189510031062, -60.33223016237606, 65.87845365514063
flux1:, 1.5497661990647964, 0.8562185016567284, 0.13015188185220308, 12.406508058446962, -57.62277365298979, 63.09352123673663
flux1:, 1.5507485559354004, 0.8092281794138485, 0.1219749420434789, 12.020513669981735, -54.95523869037246, 60.43884159909704
flux1:, 1.5517309128060042, 0.7691155686656723, 0.11394733006067581, 11.574200192204643, -52.45567471329094, 57.85607081174247
flux1:, 1.5527132696766082, 0.7273151928237299, 0.10684240483272589, 11.211926351311032, -49.99590553585093, 55.39619028749189
flux1:, 1.5536956265472122, 0.6919295237664281, 0.09982632358643405, 10.793395904750383, -47.693784388977626, 53.003619256875325
flux1:, 1.5546779834178162, 0.6547162706209192, 0.09364580765107995, 10.452836253215237, -45.4292779490443, 50.7268142983914
flux1:, 1.5556603402884202, 0.6234958220683454, 0.0875043925131814, 10.059890415122922, -43.312510072829724, 48.5128630054049
flux1:, 1.556642697159024, 0.5903405272734236, 0.08212135020041408, 9.739359895663208, -41.23116340793871, 46.40779708180727
flux1:, 1.557625054029628, 0.5627954854015393, 0.07673694273852807, 9.370119795424845, -39.28807403992112, 44.36128702288111
flux1:, 1.558607410900232, 0.5332319470991828, 0.07204243823236466, 9.068194991268108, -37.37822396564079, 42.417032611542396
flux1:, 1.559589767770836, 0.5089334498342354, 0.06731408330798652, 8.72104245933585, -35.597580402669415, 40.52720721569516
flux1:, 1.56057212464144, 0.48254930390149964, 0.0632147355862682, 8.436510642857858, -33.84801990326924, 38.73326682995756
flux1:, 1.5615544815120437, 0.4611198329493714, 0.059055902019984105, 8.110038492616146, -32.219039333336134, 36.989810318842785
flux1:, 1.5625368383826477, 0.43754867920724144, 0.05547169066120344, 7.841854744519743, -30.61901769042142, 35.33613478538214
flux1:, 1.5635191952532517, 0.41865365419060097, 0.051808238444524285, 7.5348250974087305, -29.131362060346714, 33.729188074693496
flux1:, 1.5645015521238557, 0.39756832065795633, 0.04867057213934869, 7.2820770029289354, -27.670575378486753, 32.20619124268289
flux1:, 1.5654839089944597, 0.38090889641623477, 0.045438970011629415, 6.993387599260479, -26.31433968195007, 30.72636450839594
flux1:, 1.5664662658650634, 0.36201582838327945, 0.04268901187638604, 6.755267308335597, -24.982917406919096, 29.32493429673785
flux1:, 1.5674486227356674, 0.34732294245954937, 0.03983479609371486, 6.483925198834144, -23.74861617182543, 27.96331612658214
flux1:, 1.5684309796062714, 0.33035771360113914, 0.0374220301509083, 6.259707464975251, -22.53710780636865, 26.674821625593065
flux1:, 1.5694133364768754, 0.31738740365629614, 0.03489848452876975, 6.004805437954966, -21.415661507559285, 25.42298252133079
flux1:, 1.5703956933474794, 0.3021113024771877, 0.03277949592709549, 5.793835047571376, -20.315026046629082, 24.23927916631716
flux1:, 1.5713780502180832, 0.29064126859393613, 0.03054652399751256, 5.554548979379792, -19.297759597347266, 23.08928065188817
flux1:, 1.5723604070886872, 0.27683889415748475, 0.02868397784481006, 5.35621773011582, -18.299359444931053, 22.002705065682864
flux1:, 1.5733427639592912, 0.26666618654331875, 0.02670714544023279, 5.1317757195787, -17.377988348838635, 20.94708648502216
flux1:, 1.5743251208298952, 0.2541438531718914, 0.025068908926878533, 4.945525529198494, -16.47358928631466, 19.950457498257474
flux1:, 1.5753074777004992, 0.245083540307345, 0.02331862056768965, 4.735212074318864, -15.640228652036816, 18.9822372033404
flux1:, 1.576289834571103, 0.23366834195897232, 0.021877027362756332, 4.56051960868518, -14.822002259759643, 18.068843409263632
flux1:, 1.577272191441707, 0.22555292047712225, 0.02032781610597329, 4.363663539618269, -14.069169459595297, 17.18150544710172
flux1:, 1.578254548312311, 0.215092204708705, 0.019059031503611476, 4.200034494793707, -13.32970018738198, 16.3450924059786
flux1:, 1.579236905182915, 0.20777151790067783, 0.017688938534450888, 4.016001993471386, -12.650322789701994, 15.532571417011777
flux1:, 1.580219262053519, 0.1981325570311108, 0.016572408757097413, 3.8629645367370338, -11.982616579331285, 14.767324162697486
flux1:, 1.5812016189241227, 0.1914739719284618, 0.015362437839384926, 3.691152567491194, -11.370041239828202, 14.023986213218834
flux1:, 1.5821839757947267, 0.18254362424914375, 0.01438040844815599, 3.548251309632197, -10.767534681180205, 13.324508162182415
flux1:, 1.5831663326653307, 0.17643224152839523, 0.013314043942805854, 3.388081403542512, -10.21553592935613, 12.645128121019196
flux1:, 1.5841486895359347, 0.16811643583915065, 0.012451135632161764, 3.254871887114087, -9.672104549437961, 12.006417053361513
flux1:, 1.5851310464065387, 0.16245514021128885, 0.011513917240498705, 3.105784579907903, -9.174891885432599, 11.386153376531029
flux1:, 1.5861134032771425, 0.1546780553319486, 0.010756751499855872, 2.9818286799489284, -8.68485600914309, 10.80357538933682
flux1:, 1.5870957601477467, 0.14938725562677102, 0.009935901897763633, 2.8432788179288644, -8.237078048920612, 10.237943088539742
flux1:, 1.5880781170183504, 0.1420901183956979, 0.009272772391511194, 2.7281411809447063, -7.795205163991592, 9.70720528594621
flux1:, 1.5890604738889544, 0.13710708277971512, 0.008556876748325792, 2.599594259424819, -7.391949809449981, 9.1920479859761
flux1:, 1.5900428307595584, 0.13024656048955904, 0.007977464505219531, 2.492840054624195, -6.993452367674677, 8.70917080939822
flux1:, 1.5910251876301624, 0.12552430136561968, 0.007356201267812429, 2.3737698940613727, -6.630242036383347, 8.240632741584555
flux1:, 1.5920075445007664, 0.11907050942507898, 0.006851332233426311, 2.2749640485233678, -6.270769870617004, 7.801922705287825
flux1:, 1.5929899013713702, 0.11457622379807603, 0.006315254516211095, 2.16485182945458, -5.943551108991231, 7.376421436425671
flux1:, 1.5939722582419742, 0.10851041824529015, 0.005876698651307917, 2.0735596034814505, -5.6191779364247045, 6.978445002827757
flux1:, 1.5949546151125782, 0.10422354318519692, 0.0054170650095932546, 1.9718940437997716, -5.324305115099546, 6.592645659238636
flux1:, 1.5959369719831822, 0.09853560618834997, 0.005037375647763845, 1.8876826681761407, -5.031509022806628, 6.23220495604795
flux1:, 1.5969193288537862, 0.09444558791018011, 0.004646027617142354, 1.7939612463425596, -4.7657222423346255, 5.882996604917436
flux1:, 1.59790168572439, 0.08913144153114701, 0.004318418926480605, 1.7164025221196921, -4.501360560922856, 5.5571074705299575
flux1:, 1.598884042594994, 0.08523534926333647, 0.003987700811002245, 1.63013336850033, -4.261758412155677, 5.241582137260111
flux1:, 1.599866399465598, 0.08029444612076396, 0.003705959446348993, 1.558806583399981, -4.023037806427279, 4.94745495594893
flux1:, 1.600848756336202, 0.07659457793006932, 0.0034286740288956606, 1.4795106214387244, -3.807045996642618, 4.662889686951649
flux1:, 1.601831113206806, 0.07202761225805258, 0.0031871001048337034, 1.414005557557882, -3.5914890419036185, 4.397913222684276
flux1:, 1.6028134700774097, 0.06852923602048908, 0.0029564925559120757, 1.341218646791261, -3.396826364402988, 4.141755308116863
flux1:, 1.6037958269480137, 0.0643361967999605, 0.0027498637001428248, 1.28113826738093, -3.202236215457511, 3.9034835653821176
flux1:, 1.6047781838186177, 0.06104555430800921, 0.0025596253905449734, 1.2144130048502078, -3.026879469870228, 3.6733388278546992
flux1:, 1.6057605406892217, 0.05722420764956924, 0.0023831775434856655, 1.1593756528910617, -2.8513043013892503, 3.459480734176448
flux1:, 1.6067428975598257, 0.0541468729813275, 0.0022274609619637583, 1.0982828179971265, -2.693453852270632, 3.2531045875953164
flux1:, 1.6077252544304295, 0.05069171505647673, 0.0020768786652218475, 1.0479238784856468, -2.5351527068389386, 3.061516057433086
flux1:, 1.6087076113010335, 0.04783136194730802, 0.0019503158894414682, 0.9920533733736852, -2.3932001540893064, 2.8768067800530486
flux1:, 1.6096899681716375, 0.044733041159902925, 0.0018217267045952425, 0.9460262183140309, -2.2506116154824842, 2.7054846650244455
flux1:, 1.6106723250422414, 0.042090630037118805, 0.0017194452842632677, 0.8949875528861503, -2.1231108197760507, 2.540478347445013
flux1:, 1.6116546819128454, 0.039335796606115865, 0.0016094131662014346, 0.8529640744858682, -1.9948254674096102, 2.387555627866881
flux1:, 1.6126370387834492, 0.036909159510998185, 0.001527045236403962, 0.8063866419151698, -1.8804675882732815, 2.2404220809160447
flux1:, 1.6136193956540532, 0.034480676143049754, 0.0014325596967664624, 0.7680574360325294, -1.7652047904707335, 2.1041636862501925
flux1:, 1.6146017525246572, 0.03226445045965521, 0.0013662421193813376, 0.7255906350683812, -1.6627977167925982, 1.973202747726952
flux1:, 1.6155841093952612, 0.030141880636959516, 0.0012847013637266958, 0.6906649951957496, -1.5593868958423642, 1.8520014945132943
flux1:, 1.6165664662658652, 0.028127728876827567, 0.0012310668493039913, 0.651978417601814, -1.4678389821371012, 1.7356392321979635
flux1:, 1.617548823136469, 0.026288019933392665, 0.0011602545492099766, 0.6201843490608481, -1.3752051336790023, 1.6280114836739799
flux1:, 1.618531180007073, 0.02446506834162145, 0.0011164142507177894, 0.584968088965146, -1.2935128471818615, 1.5247959662163348
flux1:, 1.619513536877677, 0.022883351564548956, 0.0010544702452667826, 0.5560523135804919, -1.2106657471647846, 1.4293767747758732
flux1:, 1.620495893748281, 0.021238780690062048, 0.0010179900818892372, 0.5240173799080001, -1.1379045780229298, 1.3379732350445608
flux1:, 1.621478250618885, 0.01988922097503327, 0.0009633769694385079, 0.49774535188653984, -1.0639309885229569, 1.2535109004258915
flux1:, 1.6224606074894887, 0.01840894418541819, 0.0009322490573138325, 0.4686241049461943, -0.9992488930552965, 1.1726963020698056
flux1:, 1.6234429643600927, 0.017265579720819678, 0.0008837161378846502, 0.4447799763171556, -0.9333069935524193, 1.0980464200643043
flux1:, 1.6244253212306967, 0.015934947138825543, 0.000856327230391677, 0.41832645748067676, -0.8759196111171504, 1.026703517063081
flux1:, 1.6254076781013007, 0.014972467675116263, 0.0008128739113519355, 0.39671278438579716, -0.8172348444042162, 0.9608226866648014
flux1:, 1.6263900349719047, 0.013776935343109196, 0.0007879710692997077, 0.3727026333324442, -0.7664217098509376, 0.8979338009223636
flux1:, 1.6273723918425085, 0.012971351914084198, 0.0007488106614569723, 0.35313969142586094, -0.7142833323147846, 0.8398732089790018
flux1:, 1.6283547487131127, 0.011897058514107507, 0.0007254642426253998, 0.3313695021532712, -0.6693844884233646, 0.7845139135038849
flux1:, 1.6293371055837165, 0.011226224996943826, 0.0006899893242447479, 0.31369403555792696, -0.6231422425838512, 0.7334129869061985
flux1:, 1.6303194624543205, 0.010260429304247316, 0.0006675531345210642, 0.2939799870753794, -0.5835547881025106, 0.6847458808250608
flux1:, 1.6313018193249245, 0.009704388923788556, 0.0006353029560900008, 0.2780434827311542, -0.542615352992024, 0.6398261753438174
flux1:, 1.6322841761955285, 0.008835737772082112, 0.0006133713755442357, 0.2602193916335348, -0.5077897383261906, 0.5970948817505879
flux1:, 1.6332665330661325, 0.008376885866308133, 0.000584001272728516, 0.24588597800291, -0.47161281550835793, 0.5576542561513484
flux1:, 1.6342488899367362, 0.0075955070292161204, 0.0005623640108720947, 0.22980087439873537, -0.4410488290888306, 0.5201776519919149
flux1:, 1.6352312468073402, 0.007218583532647794, 0.0005356171429525814, 0.2169450886043724, -0.40914291200762753, 0.4855847267165395
flux1:, 1.6362136036779442, 0.006516024911713469, 0.0005142132224054064, 0.20246066953825687, -0.3823855293329544, 0.4527514185554022
flux1:, 1.6371959605485482, 0.006207971377212611, 0.0004898949690637126, 0.1909653758513886, -0.35430359999017, 0.42244027454473576
flux1:, 1.6381783174191522, 0.005577028415234814, 0.000468768336380083, 0.1779536095065395, -0.3309389364677275, 0.3937032426943003
flux1:, 1.639160674289756, 0.005326756230264803, 0.0004467243098809372, 0.16770829281648927, -0.3062743351641943, 0.3671682771982208
flux1:, 1.64014303116036, 0.0047612384349953836, 0.0004259838772941323, 0.15604943531700227, -0.28592592719137877, 0.34203965595403524
flux1:, 1.641125388030964, 0.004559356482527569, 0.00040608194258818207, 0.14694902254225642, -0.2643086173688569, 0.318830560727503
flux1:, 1.642107744901568, 0.004053842288148084, 0.00038586796041391937, 0.13653018645819306, -0.24663416905113253, 0.2968765322713378
flux1:, 1.643090101772172, 0.0038923856418586083, 0.00036798481840549205, 0.12847439373414504, -0.22772750930510305, 0.27659338425696006
flux1:, 1.6440724586427757, 0.003442003599782303, 0.0003484430869796966, 0.11918865368941854, -0.21241615495340527, 0.25742921206116104
flux1:, 1.6450548155133797, 0.003314191139294525, 0.0003324554681769168, 0.11208179734067146, -0.19591420269294568, 0.23971770877446907
flux1:, 1.6460371723839837, 0.0029144486660394, 0.00031371944783546826, 0.10382778641397082, -0.18268422967365058, 0.22300294704877516
flux1:, 1.6470195292545877, 0.002814482847889525, 0.0002994994059859426, 0.09757890589439576, -0.16830948923104327, 0.20754983302223312
flux1:, 1.6480018861251917, 0.0024611494250186767, 0.0002816796909639955, 0.0902607350132733, -0.156906403002197, 0.19298377232555197
flux1:, 1.6489842429957955, 0.0023840599877227044, 0.0002690932430762223, 0.08478390403442773, -0.1444079014275417, 0.17951251269314833
flux1:, 1.6499665998663995, 0.0020730998171698475, 0.0002522727549367759, 0.07831127915525361, -0.134602703245356, 0.16682991553603468
flux1:, 1.6509489567370035, 0.0020146251227900897, 0.00024118084567151206, 0.07352593309421386, -0.1237542669290841, 0.15509667669366153
flux1:, 1.6519313136076075, 0.0017421684887897022, 0.0002254143965867146, 0.06781432686997313, -0.11534183647001266, 0.1440638412453875
flux1:, 1.6529136704782115, 0.0016986656619080972, 0.00021567534020345883, 0.06364554814647187, -0.10594046579182809, 0.133853797823047
flux1:, 1.6538960273488152, 0.0014610064131946685, 0.00020099186934597856, 0.05861636490008517, -0.09873796594280057, 0.12426497593763852
flux1:, 1.6548783842194192, 0.0014293807663245497, 0.0001924643362062407, 0.05499505520802941, -0.09060224242691563, 0.1153889774919769
flux1:, 1.6558607410900232, 0.0012229884474248725, 0.00017887059457555657, 0.050575701884535966, -0.08444751180708225, 0.1070631487389874
flux1:, 1.6568430979606272, 0.0012006349650492273, 0.00017141667695297734, 0.04743861850546784, -0.0774160012021244, 0.09935472639465774
flux1:, 1.6578254548312312, 0.0010221726142999655, 0.00015890144591124776, 0.04356248352221634, -0.07216592006304022, 0.09213271682863075
flux1:, 1.658807811701835, 0.0010069237762459888, 0.00015238936466579323, 0.04085215463811704, -0.06609557273165975, 0.08544541875821043
flux1:, 1.659790168572439, 0.0008532654074108832, 0.00014092745460914777, 0.03745848340785183, -0.06162441962775853, 0.07918733320678645
flux1:, 1.660772525443043, 0.0008433425879848142, 0.00013523368857528938, 0.03512300879906542, -0.05638897494214891, 0.07339236642196131
flux1:, 1.661754882313647, 0.0007115867370147056, 0.00012478955844524628, 0.03215668727304998, -0.05258680294326339, 0.06797532503721844
flux1:, 1.662737239184251, 0.0007055534771525082, 0.00011980037908171831, 0.030149460724726976, -0.04807522990565313, 0.06295947705056108
flux1:, 1.6637195960548548, 0.0005930315129962017, 0.0001103310662053467, 0.027560739757899723, -0.04484628195705472, 0.05827561101065965
flux1:, 1.6647019529254587, 0.0005897484838177262, 0.00010594352277567472, 0.025840114874913365, -0.04096126831419867, 0.05393940779351395
flux1:, 1.6656843097960627, 0.0004940269677720893, 9.74009907659597e-05, 0.02358427085791254, -0.03822246694231367, 0.04989408416142249
flux1:, 1.6666666666666667, 0.0004926086206185927, 9.352331054653328e-05, 0.02211318780352618, -0.034878988109816336, 0.04615017478498914
