flux1:, 1.1764705882352942, 0.00024377074403289498, 1.4837666047740275e-05, 0.012446341822436308, -0.01979200740805547, 0.012058335100298908
flux1:, 1.1774529451058982, 0.00012781924178264525, -3.402356279645858e-06, 0.010468811567996263, -0.022831322610791797, 0.012542532070375582
flux1:, 1.1784353019765021, 0.0002534188120746616, 9.017081674162454e-06, 0.009551469103482214, -0.027243528959416875, 0.014126820158938298
flux1:, 1.179417658847106, 0.000505367737873429, 4.179024951400623e-05, 0.012607724974422781, -0.029642892094420774, 0.016291126866844006
flux1:, 1.18040001571771, 0.0005782965213835419, 5.355880411646009e-05, 0.016883970944831586, -0.029629783229135998, 0.017733805016742293
flux1:, 1.181382372588314, 0.0003920107526465485, 2.856508631869646e-05, 0.017592244449318742, -0.030723483999219148, 0.018296182347406847
flux1:, 1.182364729458918, 0.00022832018689382256, 3.426294196160045e-06, 0.015026709992317144, -0.03542190685057496, 0.01932303927683071
flux1:, 1.183347086329522, 0.0003663811356877698, 2.0601928621298687e-05, 0.014643366534034157, -0.041319057407621415, 0.021762644536054792
flux1:, 1.1843294432001257, 0.0006864996826896363, 6.691626750972507e-05, 0.01926430097629798, -0.044299442233092894, 0.024695189075444227
flux1:, 1.1853118000707297, 0.0008023834447213438, 8.527873325146547e-05, 0.02451318743903931, -0.04465682386300157, 0.02657896934999502
flux1:, 1.1862941569413337, 0.0005829829064241276, 5.234510692079478e-05, 0.02477615430887273, -0.04711631565664489, 0.027568207289244327
flux1:, 1.1872765138119377, 0.0003593204009829308, 1.7390057587510886e-05, 0.021649428710387282, -0.054118550325217236, 0.029459410352507594
flux1:, 1.1882588706825417, 0.0004961724805348594, 4.0337927898102454e-05, 0.022237302726297488, -0.06191489367013228, 0.03311843214768954
flux1:, 1.1892412275531457, 0.0008807922239912687, 0.00010582438581391671, 0.028887688858332625, -0.06569150197778278, 0.03708260263595536
flux1:, 1.1902235844237494, 0.001044249923320624, 0.0001353747654563418, 0.0351638989687979, -0.06681930203688298, 0.03959613808531645
flux1:, 1.1912059412943534, 0.0007940191663692862, 9.319649107037225e-05, 0.034801549584477905, -0.07141572436071149, 0.041301151208038914
flux1:, 1.1921882981649574, 0.0005042685610809254, 4.4354295520188245e-05, 0.03127533762390141, -0.08155590376262227, 0.04452422824463193
flux1:, 1.1931706550355614, 0.0006290895486980616, 7.441691860334641e-05, 0.03346945007997451, -0.09177467623198973, 0.049907641796921996
flux1:, 1.1941530119061654, 0.001069518019179873, 0.00016836694566023047, 0.04270421994648313, -0.09668605954105193, 0.05528061145336233
flux1:, 1.1951353687767692, 0.001276996054304172, 0.00021852939247961068, 0.05003420380322227, -0.09921790782423019, 0.05873208706796629
flux1:, 1.1961177256473732, 0.0009970998663999483, 0.00016754103711112223, 0.04890547173067722, -0.10701596467226968, 0.0616080594789345
flux1:, 1.1971000825179772, 0.0006458713714471425, 9.863014878364848e-05, 0.04537071708749105, -0.12134819050255505, 0.06683101061239677
flux1:, 1.1980824393885812, 0.0007634537404230125, 0.00013635479825616198, 0.05009573885821597, -0.13463904523938208, 0.07462950117169369
flux1:, 1.1990647962591852, 0.0012593074611067648, 0.0002744481928753707, 0.06261147038997147, -0.14118943816184412, 0.08194880605494499
flux1:, 1.200047153129789, 0.0015048383187518416, 0.0003666192610797308, 0.07104150937588555, -0.1460548134028785, 0.08682943959458128
flux1:, 1.201029510000393, 0.0011950633490648921, 0.0003147385639253527, 0.06915882518345921, -0.15844121042704948, 0.09157228252410207
flux1:, 1.202011866870997, 0.0008035586025000519, 0.00021379031546908212, 0.06643326481094287, -0.17819800197199842, 0.09972337813851402
flux1:, 1.202994223741601, 0.000957651888208721, 0.00024426970517353467, 0.07513547609924881, -0.19525455122409213, 0.11084449735203096
flux1:, 1.203976580612205, 0.001554920027211422, 0.0004315215064365771, 0.09199486240076367, -0.20404527492541835, 0.12082823146266296
flux1:, 1.2049589374828087, 0.0018648513186934413, 0.000590376251404921, 0.10181598553906084, -0.21242118634670049, 0.12784783473342592
flux1:, 1.2059412943534127, 0.0015357695438546909, 0.0005514524590403333, 0.09957810347597766, -0.2310348495015773, 0.13544002903394034
flux1:, 1.2069236512240167, 0.0011277499152850738, 0.0003881285783698521, 0.0990890084968916, -0.2575305634787784, 0.14772548386598555
flux1:, 1.2079060080946207, 0.0013748457942599046, 0.0003364462438077204, 0.11376521875916407, -0.27905824422661385, 0.16325817151863692
flux1:, 1.2088883649652247, 0.0021419375044452386, 0.0004916516148678264, 0.13619294871107593, -0.2909624462637394, 0.17674749194743924
flux1:, 1.2098707218358287, 0.002546942831838128, 0.0006733225906589255, 0.1474612711574611, -0.3047508041925939, 0.18682929934640966
flux1:, 1.2108530787064324, 0.0021585420450759346, 0.0006499544047055312, 0.14485181581828882, -0.33226604231277057, 0.19865039174585686
flux1:, 1.2118354355770364, 0.0016382161761548952, 0.0004423028597537132, 0.14749958464156, -0.3679131633094033, 0.21679549401388507
flux1:, 1.2128177924476404, 0.0018741739941441939, 0.000305096362222627, 0.16939380557127767, -0.39573670029065533, 0.23835524681495887
flux1:, 1.2138001493182444, 0.002736668531631031, 0.0003996946871798162, 0.19773036004531766, -0.4128684639859609, 0.2567187927675109
flux1:, 1.2147825061888484, 0.0031969191533478556, 0.0005837745066200337, 0.20997176470313958, -0.4352511548859213, 0.27140905728821546
flux1:, 1.2157648630594522, 0.002726914777853607, 0.0006002170594719829, 0.20723705689191452, -0.4753378702032269, 0.28959123425289285
flux1:, 1.2167472199300562, 0.0020747331023192456, 0.0004196708789625354, 0.21483830615574487, -0.5230516284065161, 0.3160987344385499
flux1:, 1.2177295768006602, 0.0022809135699556533, 0.00028008167520027265, 0.24620278797729958, -0.5591858030831808, 0.3459843566727453
flux1:, 1.2187119336712642, 0.0032283126679232186, 0.00036674145850479665, 0.281612576462783, -0.5838729496116231, 0.37119583882639534
flux1:, 1.2196942905418682, 0.0037516355017844353, 0.000561566350882833, 0.2952902420998307, -0.6183327668913694, 0.3926727383705904
flux1:, 1.220676647412472, 0.0032335538518500867, 0.0006029530383874277, 0.2940339628761578, -0.6748433678535881, 0.4200298056937278
flux1:, 1.221659004283076, 0.002503780886973981, 0.0004432356454800081, 0.30987955893698726, -0.737573197146017, 0.4580415968112945
flux1:, 1.22264136115368, 0.0027329595255134605, 0.0003165563670270565, 0.3539154922436124, -0.7842711431957337, 0.4991093381857392
flux1:, 1.223623718024284, 0.0037916348676599277, 0.00041872740039965313, 0.3978501954085153, -0.8196117870477483, 0.5337470922307264
flux1:, 1.224606074894888, 0.004376871287830995, 0.0006339701183975374, 0.4136356803922057, -0.8707615958874269, 0.56499870897292
flux1:, 1.2255884317654917, 0.003810222035226582, 0.0006890580828623864, 0.416111293811079, -0.9485479683456813, 0.6053286749966567
flux1:, 1.2265707886360957, 0.0030294348780457287, 0.0005319818269748764, 0.4443457994468551, -1.029953363880162, 0.6589524356227118
flux1:, 1.2275531455066997, 0.0033254039597463104, 0.00041313983650620385, 0.5047203718123194, -1.0902676276929526, 0.7149168166743789
flux1:, 1.2285355023773037, 0.004519696229774756, 0.000544648362724943, 0.5587009164664876, -1.1405986387069833, 0.7624601975432925
flux1:, 1.2295178592479077, 0.005156030362181582, 0.0007991320592638685, 0.5775937598590026, -1.214506453544687, 0.8076030138441062
flux1:, 1.2305002161185117, 0.004524542680609149, 0.0008732850503834988, 0.5870152068613326, -1.3195868593489655, 0.8660091935444305
flux1:, 1.2314825729891155, 0.003708833186688787, 0.0007087329253485432, 0.6328702390997001, -1.4241583583424757, 0.9406087425073136
flux1:, 1.2324649298597194, 0.004112016560867227, 0.0005914813486298127, 0.7137728247622582, -1.502153612335926, 1.0163127260930958
flux1:, 1.2334472867303234, 0.005458695758280553, 0.0007717968027004796, 0.7794346675100805, -1.5733500234498445, 1.081437000512306
flux1:, 1.2344296436009274, 0.006117776490085294, 0.0011093930890086834, 0.8029777516664987, -1.6777966874643548, 1.1460502784658841
flux1:, 1.2354120004715314, 0.005391013535006113, 0.0012428272513352197, 0.8238315649807739, -1.8175219861841552, 1.229280432299488
flux1:, 1.2363943573421352, 0.00456197297018874, 0.001082471249318927, 0.8937910652239401, -1.950787666311948, 1.3317962050472905
flux1:, 1.2373767142127392, 0.005128343376196362, 0.0009669372825757512, 0.9998634496099652, -2.0519416057579942, 1.4335535864469944
flux1:, 1.2383590710833432, 0.006638073729139404, 0.0012462762594272045, 1.0788793180333303, -2.151952990155017, 1.5225623856020343
flux1:, 1.2393414279539472, 0.007263447908604043, 0.0018197497363078411, 1.109536711162788, -2.296764800300094, 1.6142335487050397
flux1:, 1.2403237848245512, 0.006448000501133582, 0.0022363813755402915, 1.1491215067276404, -2.4793762498854206, 1.7313134561534622
flux1:, 1.241306141695155, 0.005887055272445538, 0.0022366093130021174, 1.2547296672226775, -2.6458693099739845, 1.8709626865788092
flux1:, 1.242288498565759, 0.0072676493469891286, 0.002036736098415915, 1.398346679864272, -2.7724888239709182, 2.0072737675993246
flux1:, 1.243270855436363, 0.009801489321060704, 0.002003007488706055, 1.5031843297281275, -2.9037724110543985, 2.1286013671717856
flux1:, 1.244253212306967, 0.011113308324036657, 0.002166211859560719, 1.5557207746469, -3.091618257756739, 2.2567448337353633
flux1:, 1.245235569177571, 0.010453732983236982, 0.0022175761678879043, 1.6301081837833882, -3.3193691718410543, 2.417650915524022
flux1:, 1.2462179260481747, 0.009790401886800935, 0.00196377185192064, 1.7815081737681917, -3.523751917816442, 2.603483443213877
flux1:, 1.2472002829187787, 0.011099641588231091, 0.0016097339764555604, 1.960007206740464, -3.688607544815704, 2.782315780352398
flux1:, 1.2481826397893827, 0.013532155058248887, 0.0014956854946607731, 2.077689476374374, -3.8741734755055757, 2.944980959862558
flux1:, 1.2491649966599867, 0.0145110397946834, 0.0016636466712473372, 2.1398122745547057, -4.132592229952144, 3.1218242113184305
flux1:, 1.2501473535305907, 0.013390115482853349, 0.0018407425721733137, 2.246223709965747, -4.428494559921181, 3.3414928237527897
flux1:, 1.2511297104011945, 0.012536342342701859, 0.0018345555391966737, 2.4496294590749104, -4.685384634818953, 3.5886298590919288
flux1:, 1.2521120672717985, 0.014122636456504198, 0.001777615232899999, 2.673124666803534, -4.8981303805599286, 3.823979846071817
flux1:, 1.2530944241424025, 0.017007563058607424, 0.0018981126125952826, 2.8166012956005306, -5.1471115730089005, 4.04218113657365
flux1:, 1.2540767810130065, 0.018205906187322676, 0.0021703186626330887, 2.9066992114073926, -5.484716350818205, 4.283751572203247
flux1:, 1.2550591378836105, 0.017090775461881726, 0.0023524243271611676, 3.0673530702247964, -5.8550663225568575, 4.579309154198473
flux1:, 1.2560414947542144, 0.016423519440362373, 0.0023481523376161955, 3.3411003693263734, -6.17052674761784, 4.903886880950422
flux1:, 1.2570238516248182, 0.01855344181117325, 0.0023577999466965972, 3.6191744752985398, -6.442026903697034, 5.210740422022884
flux1:, 1.2580062084954222, 0.022008099115868086, 0.002589766087931868, 3.794589111444243, -6.771115209995819, 5.500734670993905
flux1:, 1.2589885653660262, 0.02342043673991509, 0.002946715960388084, 3.9246228923644253, -7.205018435314527, 5.826303282474397
flux1:, 1.2599709222366302, 0.022301156856649244, 0.0031515830506653, 4.158043115202818, -7.662375894616403, 6.218512209126602
flux1:, 1.2609532791072342, 0.021910469152109847, 0.0031487967479156623, 4.518494848686834, -8.046851197789785, 6.640048774791155
flux1:, 1.261935635977838, 0.024749149914235748, 0.003202901217480273, 4.8599168725803645, -8.391930215125594, 7.03674075416821
flux1:, 1.262917992848442, 0.028897241961547325, 0.003531512589496676, 5.074775636540121, -8.821346885720686, 7.418666119113503
flux1:, 1.263900349719046, 0.030555557068458337, 0.00398309805162191, 5.26038552780528, -9.370765293679169, 7.851853989920859
flux1:, 1.26488270658965, 0.029459235761225368, 0.004233632024352339, 5.588882084238858, -9.928609003232928, 8.365600318120256
flux1:, 1.265865063460254, 0.02947344229237146, 0.004247728030162782, 6.054150924527758, -10.39400123867341, 8.907174383396054
flux1:, 1.266847420330858, 0.03322606965389714, 0.0043506061098658125, 6.468309523615846, -10.830395030150672, 9.415591113616033
flux1:, 1.2678297772014617, 0.038224464870376916, 0.004782449160131162, 6.7323962142834155, -11.38343491404635, 9.913808830906088
flux1:, 1.2688121340720657, 0.040187344305022514, 0.005347130315518544, 6.993753706380732, -12.069134781915132, 10.482933543760705
flux1:, 1.2697944909426697, 0.03917663171426547, 0.005667364203987655, 7.443718867655032, -12.741442827905532, 11.14743520524684
flux1:, 1.2707768478132737, 0.03977754981411159, 0.005716197211496519, 8.03333973197908, -13.30120628034304, 11.835822944911316
flux1:, 1.2717592046838777, 0.04470578919765286, 0.005878923667908898, 8.53002678364506, -13.849935501177033, 12.481649942613048
flux1:, 1.2727415615544815, 0.05074956025062249, 0.006428866541652612, 8.855823375416925, -14.553029203326984, 13.12512778625617
flux1:, 1.2737239184250855, 0.053099875168230205, 0.007131594889030229, 9.218212904643977, -15.396969995524627, 13.863535250396101
flux1:, 1.2747062752956895, 0.05227635887932634, 0.007549575583898775, 9.82006860258963, -16.197980063729382, 14.712478773456837
flux1:, 1.2756886321662935, 0.05371371376481506, 0.007653920522069912, 10.554401619355284, -16.867390041539956, 15.578203635368741
flux1:, 1.2766709890368975, 0.06015303620011766, 0.007891184370125287, 11.143578748369247, -17.55318311949151, 16.3910982600828
flux1:, 1.2776533459075012, 0.06748572465552648, 0.00857947129055523, 11.54680344036378, -18.435863028994817, 17.21371046955841
flux1:, 1.2786357027781052, 0.07033540386542755, 0.009451921499436784, 12.041182743013774, -19.460744020109836, 18.159980801883506
flux1:, 1.2796180596487092, 0.06984976291981804, 0.010001905199021471, 12.829099775903918, -20.404753258747576, 19.2314983900664
flux1:, 1.2806004165193132, 0.07246192233636341, 0.01018667648554662, 13.72852162601343, -21.2012978365328, 20.308733332580935
flux1:, 1.2815827733899172, 0.08084487614313979, 0.010516142330684623, 14.4200875378923, -22.05304991927848, 21.322381772254875
flux1:, 1.282565130260521, 0.08977365223272814, 0.011367675422288564, 14.920330852191656, -23.147821309694333, 22.363088863209065
flux1:, 1.283547487131125, 0.09327247789621859, 0.012449155549162821, 15.583818479751182, -24.376556097139375, 23.56107535578343
flux1:, 1.284529844001729, 0.09333957405833937, 0.013173577699833986, 16.595157626964568, -25.47780763982451, 24.89752127262954
flux1:, 1.285512200872333, 0.0975813567323366, 0.013469011590585243, 17.679030524420163, -26.421741697613054, 26.223808475236343
flux1:, 1.286494557742937, 0.1084685224898999, 0.013911164241540791, 18.482609647090705, -27.473019095264327, 27.47583563451256
flux1:, 1.2874769146135407, 0.11938494288161698, 0.014955412867961869, 19.104070555212527, -28.815134966396496, 28.77870923237535
flux1:, 1.2884592714841447, 0.12373282280583942, 0.016294165992001734, 19.980317465897155, -30.270275606182903, 30.27737195648718
flux1:, 1.2894416283547487, 0.12465141098515202, 0.017245719151901383, 21.254739403589085, -31.542974985262394, 31.924864069096113
flux1:, 1.2904239852253527, 0.13113005105979184, 0.01768852561719209, 22.5401445998305, -32.65806361361902, 33.540627495299425
flux1:, 1.2914063420959567, 0.14525057813288894, 0.018266511582501452, 23.464918697133907, -33.94764403039364, 35.072340036477414
flux1:, 1.2923886989665605, 0.15865811015215983, 0.01953757948368901, 24.23724177186913, -35.574764262253574, 36.686409841346936
flux1:, 1.2933710558371645, 0.16412080753633052, 0.021192409607790414, 25.37663757647478, -37.27788273006389, 38.53941723922343
flux1:, 1.2943534127077685, 0.1662979647099871, 0.02243640212534929, 26.954820137028683, -38.73637201400472, 40.54712006212554
flux1:, 1.2953357695783725, 0.17581881978343505, 0.023070903838151177, 28.455038091720876, -40.050828190328865, 42.494954321989304
flux1:, 1.2963181264489765, 0.19412311053554573, 0.023810122587716854, 29.50964372320384, -41.623239463584916, 44.35090349543504
flux1:, 1.2973004833195805, 0.21067310251394156, 0.025346713363651678, 30.468862045483835, -43.57492715893155, 46.329810442879165
flux1:, 1.2982828401901843, 0.2176015582448069, 0.02738889764890455, 31.92852572352497, -45.545936953115586, 48.594890851117995
flux1:, 1.2992651970607882, 0.2215821568119856, 0.029005986004878373, 33.850418520809555, -47.20503158275203, 51.014025119129705
flux1:, 1.3002475539313922, 0.23520666303667953, 0.029885197575996048, 35.573128479302895, -48.752630574229435, 53.337750689757414
flux1:, 1.3012299108019962, 0.2589352310390808, 0.030812380337991278, 36.76564458143506, -50.658627732022346, 55.565105806270275
flux1:, 1.3022122676726002, 0.2794740734404004, 0.03265740138577165, 37.95524612301269, -52.97561166194439, 57.96654811485847
flux1:, 1.303194624543204, 0.28832761889519315, 0.035172834544856445, 39.79875980606845, -55.23198699580108, 60.70457374206541
flux1:, 1.304176981413808, 0.2948292919649314, 0.03726217511868808, 42.10129683644114, -57.10745306426034, 63.58713516220454
flux1:, 1.305159338284412, 0.31394911565233036, 0.03844868819599332, 44.04645089738245, -58.928774236928675, 66.33060743746807
flux1:, 1.306141695155016, 0.34472449530442745, 0.03959009766710748, 45.38449952466637, -61.22565405965027, 68.97833539587445
flux1:, 1.30712405202562, 0.3703575510454041, 0.04178959073221147, 46.85665336047087, -63.948738668623925, 71.86331163022223
flux1:, 1.308106408896224, 0.38173326367223503, 0.04488115486050857, 49.1535076543853, -66.50454985209169, 75.1371244704177
flux1:, 1.3090887657668278, 0.39168980639366247, 0.04756411594210088, 51.867681286568036, -68.61368956961222, 78.53431922200934
flux1:, 1.3100711226374318, 0.4181264587948323, 0.049130695958341776, 54.024999061931965, -70.75745891593075, 81.73999114250996
flux1:, 1.3110534795080357, 0.4580830053092923, 0.05050905401458649, 55.516040548211286, -73.5091463380378, 84.8578340781053
flux1:, 1.3120358363786397, 0.49026823144055065, 0.053110160642766684, 57.33314483144128, -76.67767585220808, 88.28967004841489
flux1:, 1.3130181932492437, 0.5049429599316121, 0.05690045737891127, 60.15797789406656, -79.54237424504097, 92.1626286191601
flux1:, 1.3140005501198475, 0.519562629979899, 0.060325196846693616, 63.30521582550107, -81.90470476729895, 96.12299152858994
flux1:, 1.3149829069904515, 0.555709794938217, 0.062355020207390005, 65.65125627769162, -84.4292243431968, 99.83018860840508
flux1:, 1.3159652638610555, 0.6076902735563898, 0.06398469923124817, 67.30325032099465, -87.70604283746535, 103.46741104652006
flux1:, 1.3169476207316595, 0.6483898936732346, 0.06703248304143354, 69.54014373779961, -91.35576169862456, 107.510567518736
flux1:, 1.3179299776022635, 0.6673934962500583, 0.07166753016899756, 72.97199866549528, -94.53259197847912, 112.04482137620481
flux1:, 1.3189123344728673, 0.6882505658697224, 0.07601533553566102, 76.55980336130949, -97.17061934146959, 116.61200074417893
flux1:, 1.3198946913434713, 0.7372976440454457, 0.07860214479291153, 79.05458740837635, -100.1453505023477, 120.85485880215792
flux1:, 1.3208770482140753, 0.805179532591281, 0.08048228944487357, 80.87742389951407, -104.023449915913, 125.05870944180535
flux1:, 1.3218594050846793, 0.8571352564271352, 0.08401562929197307, 83.62504792624571, -108.18359125856483, 129.7773409473527
flux1:, 1.3228417619552832, 0.881902286547591, 0.0896710652414396, 87.74724470273661, -111.66748528933103, 135.0318118475087
flux1:, 1.323824118825887, 0.911105460202826, 0.09516642175866959, 91.76414547120505, -114.60762961916083, 140.24195691812284
flux1:, 1.324806475696491, 0.9774239389519337, 0.09841541990591375, 94.34734080156701, -118.11509821882878, 145.04690083379543
flux1:, 1.325788832567095, 1.06671133127357, 0.10052081272132925, 96.35586954330485, -122.67551100967833, 149.86066866851488
flux1:, 1.326771189437699, 1.1339940102852923, 0.10456831892094261, 99.72800133618364, -127.36477200946503, 155.31688122677633
flux1:, 1.327753546308303, 1.166711043370904, 0.11146155173448365, 104.629895872011, -131.1393874258572, 161.34494051923926
flux1:, 1.3287359031789068, 1.207252385812964, 0.1183900737588924, 109.03986582823218, -134.41309765566012, 167.22361184378687
flux1:, 1.3297182600495108, 1.2971249558321922, 0.1224214911361822, 111.62655620971648, -138.55137055638076, 172.60617131308132
flux1:, 1.3307006169201148, 1.4161152630695357, 0.12469130349555015, 113.84691968386379, -143.87853226901257, 178.0666124568396
flux1:, 1.3316829737907188, 1.5053154315959894, 0.12926978102794973, 117.99341155187918, -149.09911057926104, 184.3183363649065
flux1:, 1.3326653306613228, 1.5497671634629566, 0.13768544857540685, 123.77684321642951, -153.1321577882837, 191.16522156484066
flux1:, 1.3336476875319265, 1.6063109377762093, 0.14642820170730542, 128.51358989624768, -156.77708156996815, 197.7237634996335
flux1:, 1.3346300444025305, 1.7294289277293662, 0.15138756592081762, 130.9896767822337, -161.66305790675563, 203.6843916845729
flux1:, 1.3356124012731345, 1.891718620511771, 0.1537127588685663, 133.4727177435333, -167.84211455988577, 209.8181112519993
flux1:, 1.3365947581437385, 2.0147513038859506, 0.15883451969983076, 138.6071587222086, -173.56969805862565, 216.916505280684
flux1:, 1.3375771150143425, 2.078526384571531, 0.16917997859968634, 145.40443396233735, -177.80435494776552, 224.61680457878967
flux1:, 1.3385594718849465, 2.159363416561255, 0.18028318856566017, 150.36701812327988, -181.86484176288513, 231.8483945271499
flux1:, 1.3395418287555503, 2.332223928056593, 0.18636779441661935, 152.58477006056611, -187.63830312614076, 238.3668469600073
flux1:, 1.3405241856261543, 2.562688401713233, 0.18858115084404362, 155.43626404433627, -194.74893691124808, 245.18490869080284
flux1:, 1.3415065424967583, 2.744157144988959, 0.1942892876760272, 161.89917183132238, -200.913073970488, 253.1714878553081
flux1:, 1.3424888993673623, 2.8450285405732623, 0.20722493826693184, 169.92257388751523, -205.2496676146502, 261.7483260721709
flux1:, 1.3434712562379663, 2.9675931357984338, 0.22155548172376396, 174.9791882768941, -209.77402794023828, 269.62543000598873
flux1:, 1.34445361310857, 3.2223616603815053, 0.22908628125690417, 176.75723596494487, -216.60092598570628, 276.65370987252885
flux1:, 1.345435969979174, 3.57368237932495, 0.2309780666142319, 180.2159518570316, -224.7001353238279, 284.14363489319913
flux1:, 1.346418326849778, 3.873456545450039, 0.23748367987146435, 188.64183953847962, -231.13878793246207, 293.04956519621066
flux1:, 1.347400683720382, 4.061101633758713, 0.25428027082071725, 198.33716809322758, -235.38971601298837, 302.5238453390722
flux1:, 1.348383040590986, 4.270964703133179, 0.273439811926001, 203.37415281751083, -240.4149140972958, 311.0074280836217
flux1:, 1.34936539746159, 4.684033347397445, 0.2831042805877624, 204.53206626644692, -248.48113543431296, 318.4670382017782
flux1:, 1.3503477543321938, 5.293469643474879, 0.2846114254276263, 209.2224727873409, -257.5460365663279, 326.58666498224125
flux1:, 1.3513301112027978, 5.894023829046986, 0.2929102750615947, 221.09675340817165, -263.8780309963473, 336.4556739223947
flux1:, 1.3523124680734018, 6.345399847808458, 0.3167417026590992, 233.7487631433934, -267.6363603709815, 346.91905914671537
flux1:, 1.3532948249440058, 6.805074910477751, 0.34458679934073, 239.01273629196498, -273.1216826367262, 356.05322055111196
flux1:, 1.3542771818146098, 7.625584166793023, 0.3586531086530942, 239.67919911121055, -282.56909269780033, 363.90486717309136
flux1:, 1.3552595386852135, 8.990177673838085, 0.3614466334321121, 247.77750986186643, -292.26339420284427, 372.669550414453
flux1:, 1.3562418955558175, 10.688798121515033, 0.37727127347888884, 268.13658013275517, -297.43501925366945, 383.84825411713587
flux1:, 1.3572242524264215, 12.349230812545326, 0.4207627591740726, 289.4785809108411, -299.6237575097348, 396.142154979674
flux1:, 1.3582066092970255, 14.027796850619733, 0.47327378989260943, 298.7112639341592, -305.22787011745373, 407.08444872674573
flux1:, 1.3591889661676295, 16.697758515802303, 0.50705004989261, 302.7806033879329, -315.89618547923925, 416.6206532325986
flux1:, 1.3601713230382333, 22.099645841846275, 0.5354217349682325, 327.65226078732337, -324.70355999164934, 428.4489040350011
flux1:, 1.3611536799088373, 31.687307013302327, 0.6199363042697064, 389.65830224206064, -326.1739561269704, 447.7694972101161
flux1:, 1.3621360367794413, 45.00917029613141, 0.8052155196678841, 470.92804666770024, -328.2592815951101, 477.7879597742054
flux1:, 1.3631183936500453, 58.61551325009815, 1.0454143173517971, 529.776976716068, -347.90951671117324, 517.1922270007053
flux1:, 1.3641007505206493, 66.83823212645505, 1.2164354672693607, 536.5129940196073, -391.53323195688245, 558.8094238270832
flux1:, 1.365083107391253, 64.80204266321726, 1.2206619637480927, 495.3068921008025, -443.75650076634327, 590.3155627904272
flux1:, 1.366065464261857, 52.01607641883284, 1.0782592597775893, 431.5319357731775, -481.0069310448896, 599.7109756957207
flux1:, 1.367047821132461, 33.576097504610004, 0.9022400167441471, 366.0438883862911, -495.6436433837358, 585.0257725447435
flux1:, 1.368030178003065, 17.2535327061238, 0.7843197130787234, 308.034000274726, -501.21657846155625, 559.9122806801021
flux1:, 1.369012534873669, 8.239626987795447, 0.7238486274766022, 265.93472007005425, -512.5761887940754, 545.5038414998712
flux1:, 1.3699948917442728, 5.961838841945797, 0.6774038058403644, 249.61952213509556, -527.7653207231582, 551.640809757877
flux1:, 1.3709772486148768, 6.062145688259492, 0.6510415455962932, 255.359648089976, -536.7950605096828, 566.0663981574721
flux1:, 1.3719596054854808, 5.843853984467979, 0.6973040289124697, 260.0474867305923, -544.9238041065202, 567.286346008171
flux1:, 1.3729419623560848, 7.759831007890471, 0.8043209740094275, 246.60751198414096, -574.4164489661464, 552.0453963824899
flux1:, 1.3739243192266888, 17.021570756521946, 0.8265697060292191, 236.37985867769018, -634.6203943163691, 547.4524369934792
flux1:, 1.3749066760972926, 35.24773648072022, 0.588656124469752, 280.36756192880165, -695.8819847037041, 588.8896580920656
flux1:, 1.3758890329678966, 56.498628483860195, 0.08774200685060166, 403.6570655980799, -706.9350147219457, 681.6826905413016
flux1:, 1.3768713898385005, 70.23105494026979, -0.43289503188932493, 561.2302895370003, -645.5778864979582, 786.917698904634
flux1:, 1.3778537467091045, 69.08759110064727, -0.6599012045226872, 663.8612597075241, -547.5997080237876, 850.5107412921803
flux1:, 1.3788361035797085, 54.582054459228836, -0.4839852635710114, 657.125367488969, -477.78832436222905, 849.2352593605222
flux1:, 1.3798184604503125, 35.61297931630669, -0.0930598127719751, 571.3545302171615, -471.3821444284552, 808.0032525367309
flux1:, 1.3808008173209163, 21.431626455533095, 0.2147657472900735, 488.0405038473049, -508.06611101825996, 772.4295130851702
flux1:, 1.3817831741915203, 15.488890579238157, 0.30148557613467514, 460.44435788193925, -542.7565058256099, 767.1086362907762
flux1:, 1.3827655310621243, 15.005465405715364, 0.2671894546970387, 474.36858172719946, -553.8528329117407, 781.693488989571
flux1:, 1.3837478879327283, 15.328381475134735, 0.2838035028115305, 483.5759776858439, -555.6753573692815, 793.0193269327071
flux1:, 1.3847302448033323, 14.20439570297159, 0.39601542074912494, 468.54065682651407, -569.5621531749772, 793.1055967233294
flux1:, 1.3857126016739363, 12.416743251647436, 0.5065437054881913, 449.7835916025252, -595.3753764583491, 792.5853158685106
flux1:, 1.38669495854454, 11.500354659709428, 0.5266244628364665, 451.05646895829136, -616.4842488382902, 802.1403613260078
flux1:, 1.387677315415144, 11.713282237478523, 0.4880329018466554, 467.17511422316477, -624.8309953382454, 818.618583280488
flux1:, 1.388659672285748, 12.146665327353752, 0.4885722355357485, 475.4041064907995, -630.3889483512976, 831.4118394527248
flux1:, 1.389642029156352, 12.085149656894862, 0.5610127617054338, 468.08781516397113, -645.244022364979, 837.1890044084262
flux1:, 1.390624386026956, 11.717596239384617, 0.6387098856323342, 460.5410049377582, -667.0228935142472, 842.8767694440958
flux1:, 1.3916067428975598, 11.609091600444462, 0.651613640754361, 467.12401070076095, -683.9074807845801, 854.9104356583101
flux1:, 1.3925890997681638, 11.90919204761211, 0.6181127416665358, 481.53580145491264, -691.9125793512626, 870.6804242959936
flux1:, 1.3935714566387678, 12.2867989660363, 0.6148341462612003, 487.5039901098634, -699.6251267352856, 883.0715948075966
flux1:, 1.3945538135093718, 12.456385803960249, 0.6724914601083837, 482.1466425041217, -715.1849941769135, 890.4647824229253
flux1:, 1.3955361703799758, 12.501190883803801, 0.7383237009399424, 478.74447645229594, -735.0384843654004, 898.2650703551946
flux1:, 1.3965185272505796, 12.659778128418381, 0.7503437259515711, 486.8779024694043, -749.8330394095361, 910.8271554328488
flux1:, 1.3975008841211836, 12.98349725683209, 0.7199560955422928, 499.25010729533915, -757.9192554189733, 925.6063782594958
flux1:, 1.3984832409917876, 13.322868593964374, 0.7137324878316182, 503.0218341828674, -767.1296365467844, 937.2200426475521
flux1:, 1.3994655978623916, 13.570478645516802, 0.7628236940475763, 498.16507466646226, -783.1763950299319, 945.0181882873618
flux1:, 1.4004479547329955, 13.78248470235657, 0.8227901171588028, 496.7158941500649, -801.7591206621404, 953.5629888241675
flux1:, 1.4014303116035993, 14.054335804082664, 0.8353232651744844, 505.11088516458307, -815.204530330615, 965.9351705390987
flux1:, 1.4024126684742033, 14.379722941230535, 0.8065336057403815, 515.364383612405, -823.4728676101104, 979.5797429733191
flux1:, 1.4033950253448073, 14.687447458773832, 0.7971424872850044, 517.0408180471484, -833.8193946589246, 990.2054939947768
flux1:, 1.4043773822154113, 14.960498491674526, 0.8400138733432501, 512.1228310715181, -850.181948754885, 997.8128061665785
flux1:, 1.4053597390860153, 15.246835994739468, 0.8968035686793911, 511.6525290337856, -867.7669459110056, 1006.399758658374
flux1:, 1.406342095956619, 15.567343912728246, 0.910747320704455, 519.6895192083659, -880.2305148663537, 1018.1552592502181
flux1:, 1.407324452827223, 15.880778641716503, 0.8831218204164606, 527.8084983628447, -888.7392150289492, 1030.5085998740897
flux1:, 1.408306809697827, 16.15669844581482, 0.8706945848663288, 527.5170358258498, -900.011584130979, 1039.9558650869258
flux1:, 1.409289166568431, 16.430480816152595, 0.9088640370196694, 522.3241646430895, -916.5653587843638, 1046.9722345029334
flux1:, 1.410271523439035, 16.747616885837985, 0.9644928481242112, 522.3498052036427, -933.2971345701461, 1055.1259278671523
flux1:, 1.4112538803096388, 17.085199922999866, 0.981228621913443, 529.7144522009584, -945.0072354839801, 1065.9283515634409
flux1:, 1.4122362371802428, 17.3794779952118, 0.955491971171645, 535.7600121241788, -953.7964823133868, 1076.806823136795
flux1:, 1.4132185940508468, 17.62417158558355, 0.9409470268669187, 533.6907562953209, -965.8359245554661, 1084.8752370977397
flux1:, 1.4142009509214508, 17.888121051312257, 0.9761176420468275, 528.2068841808644, -982.4522933666477, 1090.9697565458669
flux1:, 1.4151833077920548, 18.21634326072811, 1.0328469910822387, 528.5078564133992, -998.381848228645, 1098.3005254442648
flux1:, 1.4161656646626586, 18.557711796485158, 1.054591220437149, 535.0686678556609, -1009.453611384682, 1107.8388175642222
flux1:, 1.4171480215332626, 18.8329353124351, 1.0326425116407598, 539.1773202422834, -1018.4917222271757, 1117.03033532769
flux1:, 1.4181303784038666, 19.051430033991615, 1.0178324943737262, 535.5782063314402, -1031.0905955219873, 1123.5000979269357
flux1:, 1.4191127352744706, 19.305145291269604, 1.0522756734745655, 529.8985556037063, -1047.5587692918136, 1128.362078512094
flux1:, 1.4200950921450746, 19.63941932828997, 1.1129779583257617, 530.3935393437926, -1062.6020303036682, 1134.5104674300744
flux1:, 1.4210774490156786, 19.98341279188566, 1.1429305396349598, 536.1188012977748, -1072.9918928883478, 1142.4751546447446
flux1:, 1.4220598058862823, 20.246160558152987, 1.127847578707588, 538.4659735588805, -1082.0963068909407, 1149.7429347583588
flux1:, 1.4230421627568863, 20.44786314097992, 1.1155988347224652, 533.5997818263236, -1094.9012016654644, 1154.3751273830107
flux1:, 1.4240245196274903, 20.697572410230695, 1.152284223079348, 527.8489028907145, -1110.8446575934279, 1157.6970391860789
flux1:, 1.4250068764980943, 21.04144973632233, 1.2205886891354891, 528.4974171992346, -1124.7175997495463, 1162.314412854131
flux1:, 1.4259892333686983, 21.393848102048498, 1.2630321085142975, 533.3765658105602, -1134.1570939435733, 1168.3940028494744
flux1:, 1.4269715902393023, 21.65404550165092, 1.259133666415216, 534.1199347487226, -1142.9126345268105, 1173.4867970968394
flux1:, 1.427953947109906, 21.849712048395972, 1.2532950197804578, 528.2036972532221, -1155.3348087127922, 1176.032273140752
flux1:, 1.42893630398051, 22.103417716959353, 1.2959232040244508, 522.4565152831295, -1170.128344824072, 1177.5101965580384
flux1:, 1.429918660851114, 22.462794225759385, 1.3762428868975458, 523.1746098753481, -1182.2718287256446, 1180.258231590228
flux1:, 1.430901017721718, 22.830397758625075, 1.4366031461984152, 527.1469888991529, -1190.1891015773401, 1184.1470381386669
flux1:, 1.431883374592322, 23.096289148391435, 1.4495417477675645, 526.3682712033515, -1197.8584919635307, 1186.8143401572868
flux1:, 1.4328657314629258, 23.29283762002536, 1.4550116568613511, 519.514219180392, -1208.9765665637958, 1187.0282700440348
flux1:, 1.4338480883335298, 23.553918389570814, 1.5078681767604756, 513.7294551431678, -1221.6475215307078, 1186.3717445703264
flux1:, 1.4348304452041338, 23.929694176453268, 1.6051044670083623, 514.3236233677158, -1231.1271744079634, 1186.9313560417809
flux1:, 1.4358128020747378, 24.31305206449353, 1.6896441570441076, 517.2231763538919, -1236.5403104634017, 1188.3426774946347
flux1:, 1.4367951589453418, 24.58431937997652, 1.7261300244540037, 514.8836744628547, -1241.9475295106017, 1188.3521671447754
flux1:, 1.4377775158159456, 24.777608049742163, 1.7484100211937486, 507.05848179763683, -1250.3825759049507, 1186.0117418814082
flux1:, 1.4387598726865496, 25.036507022601736, 1.8154546709169332, 501.0386176509007, -1259.4818469210434, 1182.959331194055
flux1:, 1.4397422295571536, 25.415388322939165, 1.9335514565818699, 501.17194930220626, -1264.8588367196407, 1181.0457868839844
flux1:, 1.4407245864277576, 25.799578087379054, 2.0476119777037516, 502.7073967417952, -1266.2500073170622, 1179.729755822817
flux1:, 1.4417069432983616, 26.058533967618533, 2.1135268264089264, 498.64560692382685, -1267.662509211132, 1176.8892896952264
flux1:, 1.4426893001689653, 26.22451836997636, 2.1564767922178296, 489.68446374588575, -1271.475004336574, 1171.8191870290698
flux1:, 1.4436716570395693, 26.44926214819844, 2.2381885405309414, 483.1058212760121, -1274.9991893278484, 1166.1665504197983
flux1:, 1.4446540139101733, 26.793904981908838, 2.37573625747448, 482.34796266589353, -1274.294236584871, 1161.5605321797082
flux1:, 1.4456363707807773, 27.139498987693013, 2.518363502978761, 482.18091470913515, -1269.6379877452114, 1157.3400570644765
flux1:, 1.4466187276513813, 27.344059422123713, 2.612942453841448, 476.2282337922282, -1264.8829655326122, 1151.5414383686075
flux1:, 1.447601084521985, 27.434103149718904, 2.672602786985701, 465.9940880981494, -1261.7991906658021, 1143.6683207592785
flux1:, 1.448583441392589, 27.56773304221008, 2.7588310260977895, 458.6095677620213, -1257.5517128583574, 1135.334680055711
flux1:, 1.449565798263193, 27.816682887683893, 2.9003114932085454, 456.68031807414764, -1248.7744250703151, 1127.9597542845042
flux1:, 1.450548155133797, 28.06388625096087, 3.0541701693079544, 454.7115174448378, -1236.2759869226363, 1120.8177715206878
flux1:, 1.451530512004401, 28.158239447363517, 3.159866370669162, 447.02893154197596, -1223.7231678812705, 1112.1351103647507
flux1:, 1.4525128688750049, 28.117845126931655, 3.2155631567958745, 435.80379217196236, -1212.3799291869686, 1101.6007090504936
flux1:, 1.4534952257456089, 28.105204742662576, 3.27815391940763, 427.876417346488, -1199.475616489118, 1090.75805089571
flux1:, 1.4544775826162128, 28.206971065779793, 3.3875812106538534, 425.09174006253454, -1182.3742732023811, 1080.8207285151436
flux1:, 1.4554599394868168, 28.316849330218044, 3.513714980156972, 421.886813442755, -1162.4373739622931, 1071.04031572008
flux1:, 1.4564422963574208, 28.280636015515007, 3.593836488554637, 413.34816965477654, -1143.1303087651531, 1059.8600495979194
flux1:, 1.4574246532280246, 28.106819500784034, 3.611423331083105, 402.15702629145017, -1125.2691528965438, 1047.1359661543522
flux1:, 1.4584070100986286, 27.957821794116462, 3.614811302400154, 394.6938991693257, -1106.2417145763404, 1034.3054657807074
flux1:, 1.4593893669692326, 27.934801319668686, 3.6531917797727766, 392.0572068042074, -1084.1436672401496, 1022.3646369016042
flux1:, 1.4603717238398366, 27.947530171085102, 3.7134909948182053, 388.7385324771638, -1060.759670273454, 1010.554685828142
flux1:, 1.4613540807104406, 27.84342365901143, 3.738506532337709, 380.59254141757197, -1039.1839605987252, 997.5394206724263
flux1:, 1.4623364375810444, 27.618649293321976, 3.700974667353274, 370.64452524869785, -1019.6510790655657, 983.3206706776768
flux1:, 1.4633187944516486, 27.42608542712195, 3.6377697821030854, 364.65064232630846, -999.5691320849801, 969.2015182245951
flux1:, 1.4643011513222524, 27.372551754432138, 3.6021164634362184, 362.9540310173679, -977.5519854404735, 955.9460508030021
flux1:, 1.4652835081928564, 27.381243164377764, 3.5972558147824167, 360.1813194955543, -955.5510332024367, 942.7792484012521
flux1:, 1.4662658650634603, 27.302542499975708, 3.57625068905146, 352.95880240247067, -936.0971159438695, 928.5730190887836
flux1:, 1.4672482219340643, 27.11897371109677, 3.5054298466327927, 344.56060084961047, -918.7501619165946, 913.4596851682643
flux1:, 1.4682305788046683, 26.966987821887752, 3.4083164507553003, 340.06179242474764, -900.8665003357983, 898.6069293239769
flux1:, 1.4692129356752721, 26.95081490885857, 3.3351497997770747, 339.11410958136213, -881.4672742301569, 884.5595406207714
flux1:, 1.470195292545876, 27.003679482051126, 3.2999560597532156, 336.57504965177, -862.5854686315846, 870.5307283501712
flux1:, 1.47117764941648, 26.98167357443557, 3.266451526413202, 329.8545479368384, -846.2318956847895, 855.5862967519026
flux1:, 1.472160006287084, 26.858034673032616, 3.1982762286222615, 322.43497511478023, -831.4453174627074, 839.9776126185997
flux1:, 1.473142363157688, 26.75402374605177, 3.106558629936606, 318.7379025944191, -815.6601829074992, 824.753192322181
flux1:, 1.4741247200282919, 26.769478989866258, 3.0344564590948635, 317.8348149121506, -798.3378508610441, 810.2716001542136
flux1:, 1.4751070768988959, 26.84670303015541, 3.001536481355941, 314.8868417937932, -781.6129230755286, 795.7470017866941
flux1:, 1.4760894337694999, 26.8500693047657, 2.9809205593790247, 308.0450000439374, -767.0990139009514, 780.4182590528073
flux1:, 1.4770717906401039, 26.748226660817433, 2.9366911140495926, 300.9321237840133, -753.5118792563594, 764.633222691127
flux1:, 1.4780541475107078, 26.650691594641675, 2.870710787142687, 297.352060324165, -738.4932498954714, 749.3322269623558
flux1:, 1.4790365043813116, 26.653581933409473, 2.818516465952944, 295.9083556733684, -721.9387826731019, 734.7214935676413
flux1:, 1.4800188612519156, 26.707570663443434, 2.8021447630781187, 292.10221995497017, -706.0457215491062, 720.0289289642475
flux1:, 1.4810012181225196, 26.685303685595763, 2.8025459156513555, 284.7294077486918, -692.0854219188028, 704.6404739375399
flux1:, 1.4819835749931236, 26.55198695944114, 2.7860275344730825, 277.4538776869752, -678.5758838443577, 688.969450854217
flux1:, 1.4829659318637276, 26.406630058672416, 2.7481072572606693, 273.4969270477933, -663.4249374509511, 673.8518846009673
flux1:, 1.4839482887343314, 26.342008916460163, 2.717543177174517, 271.11104369181385, -646.899530511895, 659.372441192173
flux1:, 1.4849306456049354, 26.316698415297108, 2.7172663305623157, 266.1632266312014, -631.1775175057751, 644.7859761741335
flux1:, 1.4859130024755394, 26.210753039085148, 2.73457540120448, 257.98060480953114, -617.2028524688942, 629.601206848996
flux1:, 1.4868953593461434, 25.98496416753113, 2.738584976448776, 250.16516707693813, -603.3780724934405, 614.2665397265597
flux1:, 1.4878777162167474, 25.727047843182785, 2.72026585433745, 245.40234575068155, -587.901198684263, 599.5164344161977
flux1:, 1.4888600730873511, 25.526346087281887, 2.7024016711053602, 241.7235747972325, -571.3351014334476, 585.3437607876028
flux1:, 1.4898424299579551, 25.350119243495968, 2.7079542471489235, 235.39481691093846, -555.7613729062734, 571.0455269772317
flux1:, 1.4908247868285591, 25.08675246227968, 2.729501301463612, 226.16904748853665, -541.8131296765672, 556.2344494754476
flux1:, 1.4918071436991631, 24.69265981844853, 2.739149624843188, 217.4967248197547, -527.8475598902709, 541.3694918731368
flux1:, 1.4927895005697671, 24.243594415232987, 2.7243858244180403, 211.58939980738643, -512.3646472865311, 527.0891770393282
flux1:, 1.4937718574403709, 23.825811810835916, 2.702509432729506, 206.40073618470737, -496.15328496080576, 513.3253166666314
flux1:, 1.4947542143109749, 23.418125462010288, 2.6959834986101976, 198.64433661539357, -481.1407225400578, 499.43577732822155
flux1:, 1.4957365711815789, 22.92190770150844, 2.7021928051237287, 188.41398103974, -467.6755729159684, 485.12621820933214
flux1:, 1.4967189280521829, 22.29313002907091, 2.6968350012809563, 178.93526367097016, -454.13019245055904, 470.8494501758872
flux1:, 1.4977012849227869, 21.59736557619502, 2.6651266258281034, 172.0087002215984, -439.3042822510176, 457.15653372708687
flux1:, 1.4986836417933906, 20.918999288332042, 2.619482166636009, 165.64443683613035, -424.1425964381907, 443.94759509484703
flux1:, 1.4996659986639946, 20.251951395345834, 2.581609326202109, 157.05072112563298, -410.368838352471, 430.6601281477195
flux1:, 1.5006483555345986, 19.516986435775905, 2.553707374252403, 146.58448555526164, -398.0709499377919, 417.0854824422395
flux1:, 1.5016307124052026, 18.67573937686481, 2.516263352835055, 137.16551416985007, -385.6763279631069, 403.6557405078532
flux1:, 1.5026130692758066, 17.78569511947267, 2.4539847250711153, 130.20239102756946, -372.2603723209834, 390.83652878249575
flux1:, 1.5035954261464104, 16.92727969916212, 2.375253941640346, 123.83041831221252, -358.84792892357615, 378.5114354348372
flux1:, 1.5045777830170146, 16.106800328113152, 2.3005532442102847, 115.74968999210321, -346.9150227593705, 366.2024866011599
flux1:, 1.5055601398876184, 15.26403433181974, 2.2363081831843896, 106.48261154234, -336.3103666410845, 353.7712668444836
flux1:, 1.5065424967582224, 14.366844862518525, 2.168343289540266, 98.54295318750135, -325.5437286859328, 341.60778592093783
flux1:, 1.5075248536288264, 13.461768887786482, 2.0821468262097906, 92.9151525109585, -313.9376548415559, 330.0812851186277
flux1:, 1.5085072104994304, 12.616860592714904, 1.9824605052341422, 87.85771132636764, -302.5387913361893, 319.0549764842322
flux1:, 1.5094895673700344, 11.839886030684795, 1.8871940645638496, 81.5204570108701, -292.56115598414556, 308.1249009876057
flux1:, 1.5104719242406381, 11.081408483934329, 1.8049754815149284, 74.51485677807949, -283.6579603087337, 297.2038503935959
flux1:, 1.5114542811112421, 10.311827516432004, 1.7259692804169442, 68.90275128844544, -274.4603042200861, 286.6243946232456
flux1:, 1.5124366379818461, 9.56439572125592, 1.636765345471473, 65.25005965501765, -264.5259006167735, 276.65487133627676
flux1:, 1.5134189948524501, 8.889841219658484, 1.5386997679154535, 61.94725771361831, -254.89588501433087, 267.13694252469134
flux1:, 1.5144013517230541, 8.290097316202464, 1.4459725361833948, 57.57236931947991, -246.5408795152699, 257.73422274633725
flux1:, 1.515383708593658, 7.721294668975887, 1.3673661178706926, 52.81224524985198, -238.978408162353, 248.40395537809158
flux1:, 1.516366065464262, 7.156663258753655, 1.2960807198718796, 49.31910302803165, -230.99826120168717, 239.42527204595177
flux1:, 1.5173484223348659, 6.620470164467165, 1.2200938844101077, 47.312920919508095, -222.37826009057693, 230.97935279890098
flux1:, 1.5183307792054699, 6.1497715728346805, 1.1382927907761948, 45.34793908796799, -214.13176553900956, 222.89620712077257
flux1:, 1.5193131360760739, 5.74118407401599, 1.0613076389340177, 42.409455697861105, -207.00844647872032, 214.9061282836936
flux1:, 1.5202954929466777, 5.3559197567757835, 0.9971433985094385, 39.25601835905542, -200.4396070673168, 207.00942438544823
flux1:, 1.5212778498172816, 4.972250000584028, 0.9412101255210169, 37.19469974677079, -193.3897012659699, 199.44269008973504
flux1:, 1.5222602066878856, 4.610958321304737, 0.8832300229143732, 36.18365548768212, -185.82447939792743, 192.3189087010962
flux1:, 1.5232425635584896, 4.301030103480469, 0.8208523354660026, 34.95884942783839, -178.70116796669336, 185.46671923989197
flux1:, 1.5242249204290936, 4.036318576593441, 0.7619462005610752, 32.86304272492176, -172.5666849257012, 178.67856387400474
flux1:, 1.5252072772996974, 3.7830278264445867, 0.713512436342146, 30.69765473911561, -166.80343261835554, 171.99192496487504
flux1:, 1.5261896341703014, 3.52479081987665, 0.6725753136206005, 29.473195446580178, -160.55081299116176, 165.60812094966843
flux1:, 1.5271719910409054, 3.281473172418989, 0.6306692825917325, 28.95633838829209, -153.9227463979492, 159.58759439708606
flux1:, 1.5281543479115094, 3.0774127121088486, 0.5850546593465394, 28.066434536663298, -147.79419965665846, 153.76417191519107
flux1:, 1.5291367047821134, 2.90538093006803, 0.5416167779918388, 26.438135558948456, -142.529270319248, 147.98403947679432
flux1:, 1.5301190616527172, 2.7359203407492805, 0.5063505157864738, 24.874323831705134, -137.49306319389802, 142.31237822859322
flux1:, 1.5311014185233212, 2.5569269404990944, 0.4773841365186321, 24.125920889169528, -131.99324279628138, 136.91904554004844
flux1:, 1.5320837753939252, 2.3876741802478003, 0.44786612827854283, 23.827027715119367, -126.25334530317052, 131.82428644489522
flux1:, 1.5330661322645291, 2.2493039451411088, 0.41510741084890596, 23.07550122931662, -121.04765823624993, 126.8712666881252
flux1:, 1.5340484891351331, 2.1343327407861583, 0.3835819567662835, 21.73369467459466, -116.58117641642983, 121.95055098898337
flux1:, 1.535030846005737, 2.0169728645796456, 0.35835342931775443, 20.567932470346335, -112.22921777746858, 117.14513414231786
flux1:, 1.536013202876341, 1.888156083987045, 0.33825548696673646, 20.103348633527578, -107.45706302779372, 112.59590223445349
flux1:, 1.536995559746945, 1.7661356828094212, 0.31775876710767487, 19.892005127458305, -102.56342702644626, 108.29305216098405
flux1:, 1.537977916617549, 1.6693346094271082, 0.29441126311424753, 19.202571378666633, -98.21186276777387, 104.09191905112644
flux1:, 1.538960273488153, 1.590366824709324, 0.27167753060923144, 18.068826437587006, -94.47463552998896, 99.91869770228575
flux1:, 1.5399426303587567, 1.5066524181878782, 0.2538046834459724, 17.192217498715948, -90.76010890835826, 95.86556486803052
flux1:, 1.5409249872293607, 1.4113254630515655, 0.24005973604373926, 16.905770403377097, -86.6773642935176, 92.04674203716257
flux1:, 1.5419073440999647, 1.3212321876486688, 0.22595787627642427, 16.72198876440232, -82.57050692604773, 88.4309131680371
flux1:, 1.5428897009705687, 1.2522372245373747, 0.20934194540756232, 16.069821934317314, -78.9895145190907, 84.88752760758697
flux1:, 1.5438720578411727, 1.1971615518109278, 0.19294790601299577, 15.106691530287998, -75.90110076630755, 81.3708486658638
flux1:, 1.5448544147117764, 1.1363096495504847, 0.1803352838404193, 14.451016569940188, -72.76417307375196, 77.975463751886
flux1:, 1.5458367715823806, 1.0645642145296386, 0.17103639524779876, 14.277162054905135, -69.31516631492462, 74.79149794319068
flux1:, 1.5468191284529844, 0.9972363304520969, 0.16138357019538976, 14.092211360802459, -65.91834251732413, 71.77329313452651
flux1:, 1.5478014853235884, 0.9477763140174826, 0.1495107869073806, 13.47166693590162, -63.01287784089738, 68.80560600062253
flux1:, 1.5487838421941924, 0.9092050747731845, 0.13761837102053373, 12.656342205155251, -60.48620785716564, 65.86445595638337
flux1:, 1.5497661990647964, 0.8644155723306957, 0.12869993401420482, 12.172080225971767, -57.85973811325403, 63.04194643543525
flux1:, 1.5507485559354004, 0.8097884634266048, 0.12245510998520541, 12.066701902497652, -54.97893514908651, 60.4069700387711
flux1:, 1.5517309128060042, 0.7591793076822658, 0.1158578825529295, 11.867759538623117, -52.20739574321497, 57.90540624208922
flux1:, 1.5527132696766082, 0.7238353622970553, 0.10730266124176743, 11.280765500830402, -49.88038354211954, 55.437764756815604
flux1:, 1.5536956265472122, 0.696925713985023, 0.09858393804290463, 10.596434255449626, -47.8301752698825, 52.99658004927922
flux1:, 1.5546779834178162, 0.6636082522071658, 0.09223276747078182, 10.245341515882167, -45.64740060313628, 50.668175476340394
flux1:, 1.5556603402884202, 0.6215694840196313, 0.08806071594338007, 10.178561744046707, -43.26737796172443, 48.503216635187535
flux1:, 1.556642697159024, 0.5833896945277294, 0.08355157417105902, 9.962404229496924, -41.036590220997226, 46.44374920629116
flux1:, 1.557625054029628, 0.5583882349118189, 0.07732103284135065, 9.413997853715745, -39.19618223677028, 44.405761565354624
flux1:, 1.558607410900232, 0.5398325766694997, 0.07084443401004022, 8.846787941596437, -37.54447923976541, 42.393934416965905
flux1:, 1.559589767770836, 0.5147963333953424, 0.06627336975957028, 8.598722733368858, -35.74350384817632, 40.486782974193446
flux1:, 1.56057212464144, 0.48206966972891585, 0.06350073703841203, 8.550930114778051, -33.799439139233144, 38.71973098335616
flux1:, 1.5615544815120437, 0.4531587389295259, 0.06042242487584663, 8.320124441751236, -32.02950540708518, 37.03447067678436
flux1:, 1.5625368383826477, 0.43576948325866516, 0.05583737827840101, 7.815923438605703, -30.592428527301113, 35.36158914558245
flux1:, 1.5635191952532517, 0.4232500892884063, 0.05096035117986129, 7.353274632043532, -29.270486549259697, 33.71428351774596
flux1:, 1.5645015521238557, 0.40424328266913806, 0.04762853102510925, 7.184115512664833, -27.795530841650976, 32.16221627232272
flux1:, 1.5654839089944597, 0.378414242334254, 0.04579954151088638, 7.143008086530123, -26.226703913611658, 30.728421075970004
flux1:, 1.5664662658650634, 0.3563715794290815, 0.043709423096064265, 6.903146458299692, -24.84388620912694, 29.356727580421357
flux1:, 1.5674486227356674, 0.3445350756775008, 0.0403076997879564, 6.447769174231583, -23.736123353126672, 27.99100339877916
flux1:, 1.5684309796062714, 0.3363629249593469, 0.03658915789420904, 6.077548424506612, -22.684116473356877, 26.64998544151839
flux1:, 1.5694133364768754, 0.32175431399463106, 0.03412669898225021, 5.967765493772581, -21.485103138208583, 25.394183568749607
flux1:, 1.5703956933474794, 0.3010029012475747, 0.03293345131915897, 5.926166788301788, -20.23501416034212, 24.236883596083963
flux1:, 1.5713780502180832, 0.2839488689731332, 0.031532645708200475, 5.684005989143632, -19.171981548443245, 23.125729282903915
flux1:, 1.5723604070886872, 0.2760395739064425, 0.028998486667596707, 5.280322839973696, -18.328390431677597, 22.016283125511606
flux1:, 1.5733427639592912, 0.2709195120348814, 0.026135143109131728, 4.990566548153915, -17.494466143054215, 20.930425595782168
flux1:, 1.5743251208298952, 0.2594895464097246, 0.02428919897419572, 4.924338883999539, -16.52633310956844, 19.919747703604113
flux1:, 1.5753074777004992, 0.24242581231925553, 0.023523156558490427, 4.878664966434197, -15.54268324208224, 18.990162075420468
flux1:, 1.576289834571103, 0.22887334693135652, 0.022608068783922616, 4.640990396478095, -14.738618347969451, 18.09415353123068
flux1:, 1.577272191441707, 0.22358247004420093, 0.020723812910106183, 4.289967482385196, -14.102518131145391, 17.197275370008068
flux1:, 1.578254548312311, 0.22049435218192603, 0.018506576946403768, 4.0689996093728045, -13.442076128737197, 16.322664811209943
flux1:, 1.579236905182915, 0.21132681153349556, 0.01710491231329733, 4.033646500713849, -12.66449884414717, 15.513577529219035
flux1:, 1.580219262053519, 0.1969138118274259, 0.016624806986559514, 3.982787265273958, -11.89955257848163, 14.770618745871497
flux1:, 1.5812016189241227, 0.1857259147553211, 0.01605496778942737, 3.755728486377219, -11.300533033257329, 14.051639249711233
flux1:, 1.5821839757947267, 0.1820336783886245, 0.014668243629163608, 3.4565728338188406, -10.823586727437906, 13.330484004852492
flux1:, 1.5831663326653307, 0.18019797575510096, 0.012952085667473126, 3.2932434201964216, -10.298983328787235, 12.630102918581967
flux1:, 1.5841486895359347, 0.1726386478735688, 0.011878067478573897, 3.278764441765991, -9.676559398741075, 11.986197122140357
flux1:, 1.5851310464065387, 0.16016270956688952, 0.011588351151536143, 3.2231833266606555, -9.087830828066494, 11.395796573464807
flux1:, 1.5861134032771425, 0.15054711515544342, 0.011264715243539105, 3.011758679079675, -8.64737519041333, 10.82226914041251
flux1:, 1.5870957601477467, 0.14773134565822826, 0.010265446660328918, 2.7621415430702148, -8.289616846664286, 10.246156997714376
flux1:, 1.5880781170183504, 0.14660807018332092, 0.008947478089087914, 2.646018389438647, -7.870074267261686, 9.689167885351281
flux1:, 1.5890604738889544, 0.14024319758849313, 0.008121775371805938, 2.644649082278861, -7.3726740279506595, 9.180314912172381
flux1:, 1.5900428307595584, 0.12928465543842602, 0.007957421930794939, 2.5856451628034405, -6.923611119229869, 8.714446408965586
flux1:, 1.5910251876301624, 0.12077600124018205, 0.007807458691088404, 2.393481631481802, -6.603082724300845, 8.260329974486122
flux1:, 1.5920075445007664, 0.11840661755794814, 0.007111626996040982, 2.1897984714192753, -6.332798890842635, 7.803785123655752
flux1:, 1.5929899013713702, 0.11768229469375413, 0.006114884876289607, 2.111311255834986, -5.994207468379663, 7.364566047278839
flux1:, 1.5939722582419742, 0.11230024191298932, 0.005481689569238001, 2.117130341320977, -5.597149118156172, 6.965876302171537
flux1:, 1.5949546151125782, 0.1026746469428241, 0.0053973476718147395, 2.0563006985082515, -5.257484020582076, 6.601451712824297
flux1:, 1.5959369719831822, 0.09507624112872175, 0.005365263580814665, 1.8855500559054987, -5.0260655051685506, 6.245155990616329
flux1:, 1.5969193288537862, 0.09296904347217003, 0.0049043416584746685, 1.7232382029822235, -4.819276646609666, 5.886878526268261
flux1:, 1.59790168572439, 0.09251060157339357, 0.00416671245907814, 1.673815047895335, -4.543634720610862, 5.544008252547298
flux1:, 1.598884042594994, 0.08803534170504486, 0.0036840257257736643, 1.682450062087478, -4.227426318757813, 5.234787049489999
flux1:, 1.599866399465598, 0.07970283483441702, 0.0036468249225744625, 1.621379261792573, -3.972968473640235, 4.952613896932769
flux1:, 1.600848756336202, 0.07299011494434554, 0.0036880732848248634, 1.4728333585954763, -3.807044923254836, 4.676021292256804
flux1:, 1.601831113206806, 0.07112321353696728, 0.003403547054692241, 1.3467459110708426, -3.6464713518914706, 4.397981260926657
flux1:, 1.6028134700774097, 0.07090532814626044, 0.0028716826030582765, 1.3189439721470204, -3.420866616250068, 4.133358034751257
flux1:, 1.6037958269480137, 0.06731582486369861, 0.0025056136282626323, 1.3273601575328775, -3.170441756922662, 3.8962280111488163
flux1:, 1.6047781838186177, 0.0602813141432923, 0.002491135520504584, 1.2674882102969578, -2.9822948641255556, 3.680179577651558
flux1:, 1.6057605406892217, 0.054494070007163616, 0.00257016444470944, 1.1408263502589464, -2.8642975592404403, 3.4679112576414757
flux1:, 1.6067428975598257, 0.05291339156151602, 0.0024119460853595028, 1.0456048461470477, -2.737916294934161, 3.2546948465209273
flux1:, 1.6077252544304295, 0.05294430662511354, 0.002039287401566176, 1.0331879904615273, -2.5531880860306146, 3.0529085181275533
flux1:, 1.6087076113010335, 0.05020695274075456, 0.0017617401733715317, 1.0394970090498912, -2.356811391657511, 2.873196582789551
flux1:, 1.6096899681716375, 0.04444312777333084, 0.0017522725210404831, 0.9820733876438218, -2.2202443022564515, 2.70966292968839
flux1:, 1.6106723250422414, 0.03960108103136009, 0.0018419835409047673, 0.8761465802505758, -2.137237862784306, 2.5486315752880797
flux1:, 1.6116546819128454, 0.03834644714611319, 0.0017687435748180806, 0.8065277747418466, -2.0367426519370877, 2.387064852827506
flux1:, 1.6126370387834492, 0.03861730271648234, 0.0015158163461470313, 0.8044536684452073, -1.8861493849127065, 2.2350323140157617
flux1:, 1.6136193956540532, 0.0366518952098792, 0.0013041965745821263, 0.8076978389054907, -1.7343318111279995, 2.1004077851800207
flux1:, 1.6146017525246572, 0.032065137108246336, 0.0012881143041902426, 0.7537561613222007, -1.6376643139505356, 1.97798385691477
flux1:, 1.6155841093952612, 0.028127394636436112, 0.0013695699924269338, 0.6668488886098286, -1.5800428434507905, 1.8571617890874628
flux1:, 1.6165664662658652, 0.027196296524331306, 0.0013490540126976822, 0.6178849175330343, -1.4995501361982864, 1.7361236910480093
flux1:, 1.617548823136469, 0.027663251490845784, 0.001184024144997943, 0.6222134405463436, -1.3777520613930614, 1.6228896143567868
flux1:, 1.618531180007073, 0.02634382347596415, 0.0010214281986249357, 0.6221345153495872, -1.2624647278470638, 1.5231450003955231
flux1:, 1.619513536877677, 0.022780579309842917, 0.0009927797287404502, 0.5724774588787688, -1.1962399709763822, 1.4324335987727872
flux1:, 1.620495893748281, 0.01964660183862105, 0.0010544785935731858, 0.5025397179369173, -1.156767504143892, 1.3427030443059256
flux1:, 1.621478250618885, 0.01899281781433117, 0.0010629056402551363, 0.46975506554791585, -1.0919439509796034, 1.2529920016204845
flux1:, 1.6224606074894887, 0.019584888297754507, 0.0009612229562799407, 0.4775250181134532, -0.9944190128360028, 1.1695649206265222
flux1:, 1.6234429643600927, 0.01876203424522332, 0.0008360748397733475, 0.4743556631327707, -0.90868820801796, 1.096417785083834
flux1:, 1.6244253212306967, 0.0160384251142704, 0.0007939073364552802, 0.4295641957654283, -0.8651899865651994, 1.0298338997127878
flux1:, 1.6254076781013007, 0.013573968745858691, 0.0008307404783655697, 0.3744216402914024, -0.8384036518051781, 0.9638150619389215
flux1:, 1.6263900349719047, 0.013127217976609684, 0.0008515692701080001, 0.3539298954460603, -0.7859767034930627, 0.8979777892970688
flux1:, 1.6273723918425085, 0.013766644421728633, 0.0007947329580750711, 0.3630359540189158, -0.7087838678747982, 0.8371264011552957
flux1:, 1.6283547487131127, 0.013295514787001184, 0.0006996092081677196, 0.35733019211575745, -0.6465624892542504, 0.783984716452688
flux1:, 1.6293371055837165, 0.011231383257615302, 0.0006468271861718603, 0.3177877525206859, -0.619567349160971, 0.7355205141743466
flux1:, 1.6303194624543205, 0.009300742847569921, 0.0006589341944699289, 0.27531018068681506, -0.6014156947311851, 0.687352703580881
flux1:, 1.6313018193249245, 0.00899193545508761, 0.0006816516653747174, 0.2638774671390898, -0.5589086683248808, 0.6394653489000237
flux1:, 1.6322841761955285, 0.009614698045729753, 0.0006558208557704428, 0.272937899247447, -0.4986194217584031, 0.5954786565907436
flux1:, 1.6332665330661325, 0.009376385017129283, 0.0005858396018533235, 0.26541990659178044, -0.45476082115456934, 0.557184763597147
flux1:, 1.6342488899367362, 0.00781938589369916, 0.0005275376404230041, 0.23131601857589407, -0.43936875788736285, 0.522159955907056
flux1:, 1.6352312468073402, 0.006308436883665071, 0.000518875500013044, 0.19950572060704097, -0.4269369124524598, 0.487267900058586
flux1:, 1.6362136036779442, 0.006086955568952135, 0.0005379014710261564, 0.19453107082383347, -0.392476686373549, 0.4527060097836889
flux1:, 1.6371959605485482, 0.006653585918713191, 0.0005328427051813714, 0.20272561758010946, -0.3461265471316607, 0.4211547304423961
flux1:, 1.6381783174191522, 0.006562608761814315, 0.0004842198652600446, 0.19414152573254526, -0.31633477040153857, 0.3937440246745507
flux1:, 1.639160674289756, 0.005395200548033779, 0.00042578175471657295, 0.16544673896804873, -0.30878285752782153, 0.36857549864172884
flux1:, 1.64014303116036, 0.00421748546295902, 0.0004022379688506603, 0.1424506730553412, -0.3000315557691693, 0.3434514575280347
flux1:, 1.641125388030964, 0.004053925809568013, 0.0004155950837248492, 0.14187834007359745, -0.2721699938363595, 0.3186739725766507
flux1:, 1.642107744901568, 0.004547646127592174, 0.0004238920777771784, 0.14877738131524026, -0.23718733332924355, 0.29619099293613277
flux1:, 1.643090101772172, 0.0045467612229999985, 0.00039307525443660454, 0.13977849032043665, -0.21792363620802718, 0.2766759128526734
flux1:, 1.6440724586427757, 0.0036798985573631843, 0.000338698626776686, 0.11623350466280376, -0.2153838525088721, 0.2586723708028778
flux1:, 1.6450548155133797, 0.002770176223231405, 0.00030620610601536543, 0.10033669048503484, -0.20891716853386852, 0.24067687863188386
flux1:, 1.6460371723839837, 0.0026491931807860474, 0.00031398690456062463, 0.1025587284331027, -0.18649028335536777, 0.22302370278275366
flux1:, 1.6470195292545877, 0.003067411533652053, 0.0003303356009421615, 0.1079886387032931, -0.16063660512457686, 0.20709878594069314
flux1:, 1.6480018861251917, 0.0031181702509580416, 0.00031376455271770484, 0.09907912623746516, -0.1490241956211959, 0.19327013575462984
flux1:, 1.6489842429957955, 0.0024820142202471515, 0.0002658992765929986, 0.08023339344977973, -0.1494255695387637, 0.180444241102843
flux1:, 1.6499665998663995, 0.00178776702688082, 0.00022925691902589502, 0.06987645108980596, -0.14431755981377842, 0.16762147074881886
flux1:, 1.6509489567370035, 0.001700222876670293, 0.00023236701699482661, 0.07366254798105333, -0.1263651074244758, 0.15512394369643556
flux1:, 1.6519313136076075, 0.0020470465607745065, 0.0002529810325382299, 0.07762103206167509, -0.10770941513385934, 0.1439131564453727
flux1:, 1.6529136704782115, 0.002122916090538293, 0.0002472319118665292, 0.06916117418757597, -0.10145833873378805, 0.1341594856413383
flux1:, 1.6538960273488152, 0.0016610502120044913, 0.00020680612090944128, 0.05444645319155521, -0.10334420553308692, 0.12506016728923894
flux1:, 1.6548783842194192, 0.0011378141470997842, 0.00016937993672520719, 0.04825967845296713, -0.09901729785543731, 0.11597446258645615
flux1:, 1.6558607410900232, 0.0010766832746849546, 0.00016884637020400805, 0.052707514815457025, -0.08474441132740945, 0.10718873239626914
flux1:, 1.6568430979606272, 0.0013590113666564405, 0.00019103378122451884, 0.05530957964091984, -0.07165469173948533, 0.09934947500888561
flux1:, 1.6578254548312312, 0.0014419607265860669, 0.00019304032297224363, 0.04754099507738692, -0.06899471911986084, 0.09250426695977347
flux1:, 1.658807811701835, 0.001109043494794457, 0.00015999046505947624, 0.03634488086667809, -0.0713997947360211, 0.08607793427599153
flux1:, 1.659790168572439, 0.0007190836163362264, 0.00012394249729984704, 0.033173390778022525, -0.0675301577017772, 0.07968037031053372
flux1:, 1.660772525443043, 0.0006783458574328285, 0.00012067995572841418, 0.037661445292645195, -0.056282046530589686, 0.07355267758380604
flux1:, 1.661754882313647, 0.0009042964827069449, 0.00014256835117410166, 0.039096666231664155, -0.04741121071606733, 0.06811215678664191
flux1:, 1.662737239184251, 0.0009830120850703292, 0.00014974894557546537, 0.03216695661989102, -0.04701933468046158, 0.06333427124428304
flux1:, 1.6637195960548548, 0.0007436252862269902, 0.00012348421641911498, 0.023886723997347436, -0.04935607632572067, 0.058817988517000395
flux1:, 1.6647019529254587, 0.000455711137633659, 9.012835415736747e-05, 0.02279481461516004, -0.04579292238207118, 0.05434437552131587
flux1:, 1.6656843097960627, 0.00043031720678828, 8.49240326978865e-05, 0.026931064699470656, -0.037029928187344706, 0.05010846053415872
flux1:, 1.6666666666666667, 0.0006084607293870182, 0.00010527905681237942, 0.027426196433452146, -0.03128978736981696, 0.046364440274615774
