flux1:, 1.1764705882352942, 0.00027176191870534837, 8.099264269281628e-05, 0.009136071432108416, -0.01637716184036792, 0.011780898361278248
flux1:, 1.1774529451058982, 0.00023194830234912612, 7.632738432095187e-05, 0.009346123549664492, -0.018321965403556493, 0.012920882146824325
flux1:, 1.1784353019765021, 0.0003227750988610842, 9.769347916922647e-05, 0.010647180064494504, -0.019451693700361202, 0.013808733428720084
flux1:, 1.179417658847106, 0.0002706985362200327, 9.28264282439844e-05, 0.010906069351870029, -0.021714362842100706, 0.015130709244156987
flux1:, 1.18040001571771, 0.00037760085790877805, 0.00011752812644134839, 0.012379530444564753, -0.023077310578124795, 0.016168924378431766
flux1:, 1.181382372588314, 0.0003120361035318289, 0.00011255853483218677, 0.012696089472328758, -0.02570766320150479, 0.017701900674060064
flux1:, 1.182364729458918, 0.00043487329075978643, 0.0001409661017363829, 0.014362617627021757, -0.027346621491619816, 0.018915010171977234
flux1:, 1.183347086329522, 0.00035494083349693514, 0.00013604439389618708, 0.014747898662816873, -0.03040170725176405, 0.020692546627597893
flux1:, 1.1843294432001257, 0.0004928586308104672, 0.00016856641615067036, 0.016630959400589042, -0.03236630001975158, 0.022109428924380205
flux1:, 1.1853118000707297, 0.0003981306942746454, 0.00016392249218953695, 0.017098917822538317, -0.035911284830260404, 0.024170217438928842
flux1:, 1.1862941569413337, 0.000549573087369106, 0.00020104532482650037, 0.01922544243967256, -0.038258839947544025, 0.025824832879550445
flux1:, 1.1872765138119377, 0.0004401492355777724, 0.0001970319143349197, 0.019793716508985395, -0.04236794345319296, 0.028213269015963858
flux1:, 1.1882588706825417, 0.0006029557161776024, 0.00023938533247260308, 0.0221948891365271, -0.04516441589737576, 0.0301454000733718
flux1:, 1.1892412275531457, 0.00047949170291404145, 0.0002365431519883488, 0.022885658522697215, -0.04992186152936157, 0.03291214992628501
flux1:, 1.1902235844237494, 0.0006510794221275006, 0.00028499863167394477, 0.02559787210227275, -0.05324275912703357, 0.03516812904048165
flux1:, 1.1912059412943534, 0.0005147642359703796, 0.0002841534031787132, 0.026438884227987586, -0.05874363860453918, 0.038370659640451193
flux1:, 1.1921882981649574, 0.0006923971435221103, 0.0003399617353325636, 0.029505007125807326, -0.06267480862430747, 0.04100403513779867
flux1:, 1.1931706550355614, 0.0005448964388848361, 0.0003423681646462209, 0.03053097994471471, -0.06902564865122132, 0.04470707747898826
flux1:, 1.1941530119061654, 0.0007260704324035536, 0.0004073409608355688, 0.034002298648403054, -0.07366363455262621, 0.04777913037770155
flux1:, 1.1951353687767692, 0.0005694852208917669, 0.0004148902351240696, 0.03525717175685582, -0.08098225204682721, 0.05205495441331709
flux1:, 1.1961177256473732, 0.000752526501567775, 0.0004916122594369317, 0.03919673855809225, -0.08643364907375521, 0.05563487317154252
flux1:, 1.1971000825179772, 0.0005894678498226608, 0.0005071016687579014, 0.04073764115295415, -0.0948475831179774, 0.060563099467506966
flux1:, 1.1980824393885812, 0.0007745747403517548, 0.000599088959811692, 0.04522638069367838, -0.10122639452286232, 0.06472735571556305
flux1:, 1.1990647962591852, 0.0006085351284776655, 0.0006264568676635126, 0.047130686780017424, -0.1108688796565827, 0.07039375618427328
flux1:, 1.200047153129789, 0.0007996877816256748, 0.0007379374710728748, 0.05227831681750814, -0.11829059298302763, 0.07522387108144316
flux1:, 1.201029510000393, 0.0006359701231931715, 0.0007820351939294922, 0.054655023369560456, -0.12929362650280113, 0.08171748047076725
flux1:, 1.202011866870997, 0.0008441953527640682, 0.0009163836840690711, 0.06061683800360393, -0.13786632848389357, 0.0872953444310643
flux1:, 1.202994223741601, 0.0006914188941001487, 0.0009809945222283853, 0.06361899900259153, -0.15035555025880387, 0.0947043357553309
flux1:, 1.203976580612205, 0.0009387527857196273, 0.001135666097624468, 0.07060980287577062, -0.16017815652665668, 0.10110686447588885
flux1:, 1.2049589374828087, 0.0008091295447938367, 0.001217355643369047, 0.07442550018695739, -0.1742929481220497, 0.10952015434308264
flux1:, 1.2059412943534127, 0.00112745742790027, 0.001373494469112002, 0.08268965713821054, -0.18549763480298095, 0.11682632092429919
flux1:, 1.2069236512240167, 0.0010292478051636966, 0.0014517979779238676, 0.08745338251390074, -0.201487772871323, 0.12636295395346445
flux1:, 1.2079060080946207, 0.0014404520017362865, 0.0015671157515166907, 0.09712429727286541, -0.2143721247318852, 0.13470037287209294
flux1:, 1.2088883649652247, 0.00135817339366744, 0.0016070535721035403, 0.10274252740622326, -0.23275625474999073, 0.14557916762618167
flux1:, 1.2098707218358287, 0.001839776738199968, 0.0016387509143330062, 0.11368691541963269, -0.2478889181872567, 0.15519095518817747
flux1:, 1.2108530787064324, 0.0017297334925542177, 0.001624019122146622, 0.11984715337350534, -0.2694117534570778, 0.16775287814156292
flux1:, 1.2118354355770364, 0.002220811630180234, 0.0015733028564228295, 0.13183368735896006, -0.2874339153073038, 0.17896337086045844
flux1:, 1.2128177924476404, 0.0020508747105869906, 0.001528038462694546, 0.1383675166905824, -0.3127226742013781, 0.19355686523366178
flux1:, 1.2138001493182444, 0.002505713515026728, 0.001435783905645373, 0.15141205831301252, -0.33406794447188204, 0.20665376167600996
flux1:, 1.2147825061888484, 0.0022824856094393236, 0.00139517017886518, 0.15848631486436035, -0.36350255497526907, 0.22354844965385764
flux1:, 1.2157648630594522, 0.002691476201469136, 0.0012989192438024899, 0.1728544374322965, -0.38846346056418657, 0.23876698287218495
flux1:, 1.2167472199300562, 0.0024404891035840204, 0.001281643903679346, 0.18079252434345333, -0.42237259129261623, 0.2582025133791281
flux1:, 1.2177295768006602, 0.0028116980526297145, 0.0011987274733083618, 0.1968142329579675, -0.4512902207069973, 0.2757876264421944
flux1:, 1.2187119336712642, 0.0025549643985108062, 0.0012085078543555392, 0.20592923030526214, -0.49010469783207744, 0.29803877569473947
flux1:, 1.2196942905418682, 0.0028982317320787095, 0.0011429759959320253, 0.22391356676921367, -0.5234389900113386, 0.3182829721408317
flux1:, 1.220676647412472, 0.00264867890500477, 0.001177814259672382, 0.23447563556803144, -0.5677192166987947, 0.34368283008212613
flux1:, 1.221659004283076, 0.0029709869628493668, 0.0011287673505788465, 0.2547119802258495, -0.6060437284204124, 0.3669343064902333
flux1:, 1.22264136115368, 0.002734607333508097, 0.0011862381688037564, 0.2669688406587677, -0.6564656246756819, 0.395876482495576
flux1:, 1.223623718024284, 0.003040154113446472, 0.001151950902428141, 0.28974695111749443, -0.7004534397968281, 0.422539381220757
flux1:, 1.224606074894888, 0.002818754576954816, 0.0012310585684764505, 0.3039465326603067, -0.7577969519865682, 0.45547759548086575
flux1:, 1.2255884317654917, 0.003109855120400877, 0.0012105079266554342, 0.3295721200140631, -0.8082153642722039, 0.48601346461613393
flux1:, 1.2265707886360957, 0.002902726456102061, 0.0013122334866745617, 0.34597763729980086, -0.8733618986128486, 0.523463503771339
flux1:, 1.2275531455066997, 0.003180560343706028, 0.0013056880296521778, 0.3747822604251809, -0.9310746105371758, 0.5583953523039971
flux1:, 1.2285355023773037, 0.002985218224257324, 0.001433367341238051, 0.3936821128973952, -1.0050102985627287, 0.6009396061360756
flux1:, 1.2295178592479077, 0.003250470810923048, 0.0014428748596132604, 0.42603054257865913, -1.0709834848827655, 0.6408581848272595
flux1:, 1.2305002161185117, 0.003062892057252626, 0.0016029546847616555, 0.4477472179436043, -1.154804567435524, 0.6891522211574074
flux1:, 1.2314825729891155, 0.003316712255005485, 0.0016332035935994926, 0.4840466290462416, -1.2301132418395389, 0.7347242314108745
flux1:, 1.2324649298597194, 0.003131600854355146, 0.0018368452902278256, 0.5089507307683927, -1.3250288257647962, 0.7895050227764511
flux1:, 1.2334472867303234, 0.003377975188132835, 0.0018969176021270356, 0.5496703908236773, -1.4108572400149715, 0.8414831414974295
flux1:, 1.2344296436009274, 0.0031903723406035193, 0.0021632010477723148, 0.5782146286146997, -1.5181784314489886, 0.9035783141868343
flux1:, 1.2354120004715314, 0.0034432243661385717, 0.002270084499176266, 0.623942308942195, -1.6157959648655909, 0.9628121476933988
flux1:, 1.2363943573421352, 0.0032560722032781582, 0.0026320540262638223, 0.6567630687399015, -1.7368760281454043, 1.0331470574149044
flux1:, 1.2373767142127392, 0.0035623104774679267, 0.002817007051269768, 0.7083876607120987, -1.8475236488684201, 1.1005883819574707
flux1:, 1.2383590710833432, 0.003417733922468019, 0.003330766366657076, 0.746637843962894, -1.9835252014991234, 1.1801735044492938
flux1:, 1.2393414279539472, 0.003935492357942934, 0.0036450111025111177, 0.8059702647243455, -2.107978230909417, 1.2568371901660904
flux1:, 1.2403237848245512, 0.004034516479524423, 0.004383989716736547, 0.8524239250899835, -2.2590492020426325, 1.3466501056692894
flux1:, 1.241306141695155, 0.005276134557653815, 0.004853829812654774, 0.9241098024217944, -2.396187745779925, 1.4333496467891165
flux1:, 1.242288498565759, 0.006300804394699851, 0.0057423563906533765, 0.9856734981120149, -2.559479230783201, 1.5338068136316907
flux1:, 1.243270855436363, 0.00935889226233437, 0.006013651600847329, 1.078661287995571, -2.70494902207516, 1.6303340187662776
flux1:, 1.244253212306967, 0.011963324418857422, 0.0062055359803785, 1.1602113841298822, -2.8788824912129387, 1.7409531568451888
flux1:, 1.245235569177571, 0.01594325777117834, 0.005355415099519931, 1.2668569690527498, -3.040419243494959, 1.8477496076881283
flux1:, 1.2462179260481747, 0.017551943035715254, 0.0044000658413111595, 1.3443973028825063, -3.2457482625334824, 1.9720923968085258
flux1:, 1.2472002829187787, 0.01917694722837794, 0.0033003753048152437, 1.4414139007387048, -3.4440748393858547, 2.0945063638804333
flux1:, 1.2481826397893827, 0.01902394259380202, 0.00255365414236846, 1.510097483368765, -3.6887580226439862, 2.237337535967056
flux1:, 1.2491649966599867, 0.01929509384778623, 0.0020491733716663245, 1.6090138541229075, -3.919061867789367, 2.3775529601628738
flux1:, 1.2501473535305907, 0.018939109151874776, 0.0017414263182008011, 1.6839296908061634, -4.1954530790410125, 2.539554023000498
flux1:, 1.2511297104011945, 0.019030469805180004, 0.0016023551673212488, 1.7948403527445087, -4.453689421844084, 2.6982530810667016
flux1:, 1.2521120672717985, 0.018955986410703337, 0.0015185189187274628, 1.8813910001713585, -4.761343782502699, 2.8805547266654186
flux1:, 1.2530944241424025, 0.01914166060022684, 0.0015364601505829648, 2.007033118352259, -5.049274883954726, 3.0593623965259926
flux1:, 1.2540767810130065, 0.019371452566833234, 0.001557974440434176, 2.1066603562921413, -5.391130330971244, 3.263946653078615
flux1:, 1.2550591378836105, 0.019678724224760868, 0.001645261142670401, 2.248237059207771, -5.712051967991132, 3.465048580479165
flux1:, 1.2560414947542144, 0.02017169324170135, 0.0017237890228738598, 2.3618933488392733, -6.091826846744753, 3.6943328279024006
flux1:, 1.2570238516248182, 0.02058807112736829, 0.0018464307194003236, 2.520618076207883, -6.449398143964298, 3.920237020807657
flux1:, 1.2580062084954222, 0.02131281478473272, 0.0019625205527036187, 2.6494225592039458, -6.8710793841580005, 4.176937719255168
flux1:, 1.2589885653660262, 0.02182570181522709, 0.0021074247666068376, 2.8267447761100835, -7.269155137148608, 4.430421072186159
flux1:, 1.2599709222366302, 0.02276601458696946, 0.0022532637157696, 2.97205218660104, -7.736945518339829, 4.717529979689156
flux1:, 1.2609532791072342, 0.023368142102519723, 0.0024158054463409534, 3.169661107448712, -8.179582954718866, 5.001638969328921
flux1:, 1.261935635977838, 0.024519195808814023, 0.002588605926482592, 3.333049508149385, -8.697919536416606, 5.32243092023844
flux1:, 1.262917992848442, 0.02520805173260275, 0.0027678754115351657, 3.552860768729275, -9.189404727495882, 5.640496489078671
flux1:, 1.263900349719046, 0.026572845120286917, 0.0029672463263481835, 3.736108727817472, -9.762980841207598, 5.998545039533283
flux1:, 1.26488270658965, 0.027349634413905064, 0.003164116289279452, 3.9802447788943747, -10.307842046351404, 6.354200258424966
flux1:, 1.265865063460254, 0.02893679571811523, 0.0033909203835778253, 4.185333309399171, -10.941622170172199, 6.753398335483837
flux1:, 1.266847420330858, 0.029805627621887848, 0.003607242194819993, 4.456133715048855, -11.544647384760612, 7.150601479136089
flux1:, 1.2678297772014617, 0.03162796944995561, 0.0038630982626604716, 4.685242540776919, -12.243872689389592, 7.595179422855937
flux1:, 1.2688121340720657, 0.03259541054359392, 0.004101338365068078, 4.985262021111352, -12.910107606852518, 8.038229793959546
flux1:, 1.2697944909426697, 0.03466916725173018, 0.004388383684247491, 5.240773308583757, -13.680300414325675, 8.532775612914886
flux1:, 1.2707768478132737, 0.03574411646918657, 0.0046514719478927, 5.572789814037841, -14.415049608922583, 9.0263351510335
flux1:, 1.2717592046838777, 0.038088580393151036, 0.004972247549027111, 5.85729576627761, -15.262009693787476, 9.575813714681866
flux1:, 1.2727415615544815, 0.03928224756741562, 0.005263517927011223, 6.224320049130279, -16.070829529475006, 10.124925441864072
flux1:, 1.2737239184250855, 0.04191957478034109, 0.005620918081125013, 6.540631235090812, -17.000626473464344, 10.734696805353602
flux1:, 1.2747062752956895, 0.043245654919058386, 0.005944096975961963, 6.945917330362112, -17.88931383924754, 11.344802599328185
flux1:, 1.2756886321662935, 0.046200913553426946, 0.006341350737382227, 7.297071842926093, -18.908274725352683, 12.020639150301957
flux1:, 1.2766709890368975, 0.04767586183974854, 0.006700567701151585, 7.744128218439531, -19.882850834186392, 12.697596210836794
flux1:, 1.2776533459075012, 0.050977215242726096, 0.007141237501407963, 8.13340119850974, -20.99754301714312, 13.445698336769832
flux1:, 1.2786357027781052, 0.05262062348921269, 0.007541051097650101, 8.626002258127075, -22.064232148149696, 14.19579398357721
flux1:, 1.2796180596487092, 0.05629964872875056, 0.008029044563130097, 9.05691538082332, -23.28144093021815, 15.02280389891408
flux1:, 1.2806004165193132, 0.058134704003003884, 0.008474475862834804, 9.599112856320119, -24.446643892276995, 15.852768262227912
flux1:, 1.2815827733899172, 0.06222684021942173, 0.00901406378022921, 10.07544351470892, -25.773345005971876, 16.7657813973449
flux1:, 1.282565130260521, 0.06428086474178919, 0.009510634926869816, 10.671577659535002, -27.04360713761412, 17.682797528595508
flux1:, 1.283547487131125, 0.06882600220184194, 0.010106475060480975, 11.197367396180239, -28.486933691534443, 18.689371188723474
flux1:, 1.284529844001729, 0.07113107492714525, 0.010660251297435716, 11.852077443028588, -29.8689070786361, 19.70108210789124
flux1:, 1.285512200872333, 0.07617429039587433, 0.011317416703115882, 12.43163953736402, -31.436110812027103, 20.80924074611697
flux1:, 1.286494557742937, 0.07876794352857318, 0.011935051056597994, 13.149873681696207, -32.936510609489275, 21.923752949598708
flux1:, 1.2874769146135407, 0.08436039833307923, 0.012659061500152611, 13.787799698806422, -34.634917321861984, 23.141989683187465
flux1:, 1.2884592714841447, 0.08728639590488328, 0.013347841057552948, 14.574823938537676, -36.260471868836554, 24.367872590071446
flux1:, 1.2894416283547487, 0.09348641162394435, 0.014144698003378529, 15.275988557311386, -38.09743070625648, 25.705146399188813
flux1:, 1.2904239852253527, 0.0967956032767631, 0.014912592240779943, 16.137394058489235, -39.854825428130766, 27.05142727618594
flux1:, 1.2914063420959567, 0.10366993360095211, 0.015788817353524665, 16.906958170408068, -41.83765240038688, 28.517155466889573
flux1:, 1.2923886989665605, 0.10742119473521959, 0.016644527346669467, 17.848667971801625, -43.73346780337366, 29.993309315947023
flux1:, 1.2933710558371645, 0.11504651786012464, 0.017607202727003196, 18.69208220284538, -45.86938342801345, 31.59735442224252
flux1:, 1.2943534127077685, 0.11930777311158883, 0.018560209173852045, 19.72035961169319, -47.91002619034862, 33.21328801900765
flux1:, 1.2953357695783725, 0.12777242871399647, 0.019617019959799847, 20.64336581458463, -50.20608567157505, 34.96593953128964
flux1:, 1.2963181264489765, 0.1326218023073009, 0.020677634589460783, 21.764815795630174, -52.39771245737872, 36.73197088383055
flux1:, 1.2973004833195805, 0.14202783888280124, 0.021836917860449993, 22.773440912171573, -54.86073097365859, 38.64392159609331
flux1:, 1.2982828401901843, 0.14755491303913404, 0.02301633527371111, 23.995011511819467, -57.20916782853525, 40.570752230539064
flux1:, 1.2992651970607882, 0.15802041429576918, 0.02428713042181721, 25.095565256441446, -59.84563996098251, 42.65306640180505
flux1:, 1.3002475539313922, 0.1643276089589602, 0.02559747743445234, 26.42455146956086, -62.356294204677084, 44.75174619365515
flux1:, 1.3012299108019962, 0.1759894394902441, 0.02698957475660815, 27.623622913132415, -65.1723089771778, 47.015822605766
flux1:, 1.3022122676726002, 0.18319367323582522, 0.0284439554712788, 29.067670084771763, -67.85007954275734, 49.29771225419762
flux1:, 1.303194624543204, 0.19621068969058558, 0.02996795451313304, 30.372122317252906, -70.85123165715923, 51.75524517603414
flux1:, 1.304176981413808, 0.20444516139203345, 0.0315805092907999, 31.939227835466227, -73.70040752346291, 54.231971080894276
flux1:, 1.305159338284412, 0.2190018953774599, 0.033247886719326374, 33.35619071550026, -76.89169651321836, 56.89489847221793
flux1:, 1.306141695155016, 0.22841827752600768, 0.03503384155876037, 35.05470847110538, -79.91585065507122, 59.578298199227675
flux1:, 1.30712405202562, 0.24472940814976224, 0.03685701608438714, 36.59157479741356, -83.30158179001882, 62.45874796528582
flux1:, 1.308106408896224, 0.2555005053115804, 0.03883273422560681, 38.43022480257829, -86.5034630831872, 65.36081522592842
flux1:, 1.3090887657668278, 0.27381618920227474, 0.04082514542013685, 40.0946498662659, -90.08714275786244, 68.47104811987897
flux1:, 1.3100711226374318, 0.28613922425763155, 0.04300818613635876, 42.082534539448545, -93.46856090194663, 71.60387297113154
flux1:, 1.3110534795080357, 0.30675158759269755, 0.0451843878327933, 43.88244171936034, -97.25278732383558, 74.95622197891451
flux1:, 1.3120358363786397, 0.3208523809828653, 0.04759357367884799, 46.02907338933218, -100.81449172872347, 78.33192854554153
flux1:, 1.3130181932492437, 0.34410355316714475, 0.04996934671146909, 47.97267080587272, -104.8008406592939, 81.93873694397021
flux1:, 1.3140005501198475, 0.3602419773220561, 0.05262484382476591, 50.288016487943445, -108.54239388888489, 85.56942115245892
flux1:, 1.3149829069904515, 0.3865342463116657, 0.05521733796273393, 52.38383073260665, -112.73130024273088, 89.44298243864725
flux1:, 1.3159652638610555, 0.405011520606845, 0.05814076134016118, 54.87838270552921, -116.6509442312319, 93.34065276283467
flux1:, 1.3169476207316595, 0.4348204165294405, 0.06096867989654372, 57.13531842522815, -121.04157756552843, 97.49315566347498
flux1:, 1.3179299776022635, 0.45598904666857204, 0.0641832352298427, 59.820202169671035, -125.13609106290868, 101.66968101094966
flux1:, 1.3189123344728673, 0.48988052447366537, 0.06726708145963838, 62.24763969608971, -129.7262232538944, 106.11316452314065
flux1:, 1.3198946913434713, 0.5141580843629785, 0.0707977657879517, 65.13477591544232, -133.99076728269952, 110.58023474500001
flux1:, 1.3208770482140753, 0.5528115639651788, 0.07416017818392875, 67.74272549774615, -138.7766287305201, 115.32656011022821
flux1:, 1.3218594050846793, 0.5807001601050464, 0.07803407014800853, 70.84507072525933, -143.20457458586333, 120.09566776890307
flux1:, 1.3228417619552832, 0.624940056572221, 0.08170028825994881, 73.64440823867912, -148.18069259151855, 125.1565173621766
flux1:, 1.323824118825887, 0.6570542509024972, 0.08594697139429967, 76.97630810911164, -152.7634237154617, 130.23897200262675
flux1:, 1.324806475696491, 0.7078939757282005, 0.08994548871797392, 79.97913061808497, -157.92243298189237, 135.62588923870499
flux1:, 1.325788832567095, 0.7450014807408543, 0.09459767602064317, 83.55683762537419, -162.6491067640069, 141.03288157267417
flux1:, 1.326771189437699, 0.8037061201047858, 0.09896116562881907, 86.77699498976432, -167.98151528101954, 146.7573731525171
flux1:, 1.327753546308303, 0.846788145181684, 0.10405562111509395, 90.61942778929931, -172.83876222207414, 152.50011525428314
flux1:, 1.3287359031789068, 0.9149656514502547, 0.1088222584859898, 94.07331643914662, -178.33264568804327, 158.57384834003955
flux1:, 1.3297182600495108, 0.9653080494754813, 0.11440116426840471, 98.20317989119407, -183.30417062720252, 164.66383021604517
flux1:, 1.3307006169201148, 1.0450449584728119, 0.11961653477183229, 101.9109337814611, -188.944752690311, 171.098975621157
flux1:, 1.3316829737907188, 1.1043788270486579, 0.12572952741562332, 106.35638825763334, -194.01078121213288, 177.54840247804646
flux1:, 1.3326653306613228, 1.1984473464663588, 0.13144941933755666, 110.34368403617074, -199.77983067105262, 184.35820608627165
flux1:, 1.3336476875319265, 1.2691712215679642, 0.1381566606656451, 115.14087290187635, -204.91631064688826, 191.18072189730543
flux1:, 1.3346300444025305, 1.381354211046489, 0.1444512103882714, 119.44171308237564, -210.79124370123506, 198.38044193176518
flux1:, 1.3356124012731345, 1.4668952208566335, 0.15182807047270253, 124.63866871825958, -215.96865416218597, 205.59231966947016
flux1:, 1.3365947581437385, 1.602512786879441, 0.15878804337473346, 129.29976899897133, -221.92115911860128, 213.20076745929217
flux1:, 1.3375771150143425, 1.707933371253195, 0.16693238182795117, 134.96261896076066, -227.1026809040433, 220.82288147427676
flux1:, 1.3385594718849465, 1.8747284151238575, 0.17467891922764534, 140.05052387744624, -233.09655664901408, 228.8649958444159
flux1:, 1.3395418287555503, 2.0077858137427396, 0.1837226993082602, 146.2736609217918, -238.23520349145272, 236.92616821394
flux1:, 1.3405241856261543, 2.2174790166252496, 0.19242292484534015, 151.88670434224895, -244.22289829928732, 245.4374320878078
flux1:, 1.3415065424967583, 2.3905619248146173, 0.2025512792282235, 158.81015095909984, -249.25690408578316, 253.98028339184464
flux1:, 1.3424888993673623, 2.661724705141323, 0.21244414861542407, 165.09942689994034, -255.1738633639256, 263.0145950449692
flux1:, 1.3434712562379663, 2.8955904304858233, 0.223927841510975, 172.9398796397162, -260.0191462273832, 272.1062342948473
flux1:, 1.34445361310857, 3.25928275409492, 0.23536870325675616, 180.14791183521075, -265.7744808856313, 281.75063335986164
flux1:, 1.345435969979174, 3.590750826329262, 0.2486215489937934, 189.2573972535558, -270.3122382002618, 291.50326898090987
flux1:, 1.346418326849778, 4.1024108952231835, 0.2621620753066142, 197.7937570640408, -275.77344034912585, 301.90718986857814
flux1:, 1.347400683720382, 4.601482700300608, 0.2778462582792467, 208.7777409155618, -279.8302938742022, 312.52056644142687
flux1:, 1.348383040590986, 5.368265566802222, 0.2943823961771226, 219.37708929062595, -284.80009632624734, 323.9582459193056
flux1:, 1.34936539746159, 6.17995030531463, 0.3136045599788922, 233.34962445987134, -288.12132581165434, 335.8139268581938
flux1:, 1.3503477543321938, 7.430396683832796, 0.33464649517839773, 247.42534364205204, -292.3161455562476, 348.8284969328777
flux1:, 1.3513301112027978, 8.8886939482839, 0.3592917802716495, 266.59685969306315, -294.5650709756845, 362.71626370283724
flux1:, 1.3523124680734018, 11.171763192746534, 0.3873385561863021, 287.0631011002036, -297.6954881352469, 378.4750253579367
flux1:, 1.3532948249440058, 14.14583508136436, 0.4202362859977909, 316.0796789054422, -298.7602998690966, 396.15271862511935
flux1:, 1.3542771818146098, 18.945509977285894, 0.4579294543384075, 348.9088503041805, -301.506225602058, 417.25572520481893
flux1:, 1.3552595386852135, 25.864248742680402, 0.4980886356649832, 396.1254199830573, -304.3230536276378, 442.3256296730224
flux1:, 1.3562418955558175, 36.841403251418775, 0.5305373902536706, 445.45457117200493, -316.12917291212847, 472.1177440220857
flux1:, 1.3572242524264215, 50.85626958650562, 0.5211429069299722, 493.8841658777142, -344.73298921793776, 501.07161052901097
flux1:, 1.3582066092970255, 61.83691522129445, 0.4210003600721406, 473.98923906441274, -405.56665484726125, 511.5439257213287
flux1:, 1.3591889661676295, 57.87646973475331, 0.25662869413153866, 382.94316781414074, -471.63672301911015, 490.20965635524925
flux1:, 1.3601713230382333, 43.034275236920344, 0.14557794677729188, 270.8994434678356, -509.4211636918412, 460.14886749837
flux1:, 1.3611536799088373, 29.622755011276052, 0.1146743341537179, 211.2746541161729, -517.1478125830395, 443.62316357926613
flux1:, 1.3621360367794413, 20.279739396551676, 0.12438628463672374, 181.27054367703076, -517.3833704942789, 440.0411390988441
flux1:, 1.3631183936500453, 14.800801791992804, 0.1490422325033067, 174.73617023996394, -513.8003626359679, 443.81559651204367
flux1:, 1.3641007505206493, 11.052177004068271, 0.17698910012386357, 173.31188695027964, -514.2418195296792, 451.57844629543496
flux1:, 1.365083107391253, 8.934570567557396, 0.20468952981804428, 178.98445562549034, -513.6302512187585, 461.096284638191
flux1:, 1.366065464261857, 7.268785892363108, 0.2319726585953835, 183.67772989948872, -517.7278030208779, 472.01958728113567
flux1:, 1.367047821132461, 6.389000612584188, 0.2569468051258132, 191.72988233709933, -520.0292077891377, 483.24943251688586
flux1:, 1.368030178003065, 5.5761136163392715, 0.28287986344216703, 197.48605544799818, -527.1439759388627, 495.38529096275823
flux1:, 1.369012534873669, 5.2208111602657095, 0.30562104765958514, 205.80386654944053, -531.6264677001003, 507.4146975255345
flux1:, 1.3699948917442728, 4.838436014369518, 0.331570261340971, 211.38922630836686, -541.4607830793432, 520.4360237241298
flux1:, 1.3709772486148768, 4.752217790411231, 0.3529274537623324, 219.54632019985658, -547.9163387671846, 533.2412592626409
flux1:, 1.3719596054854808, 4.6728454001585495, 0.3803302652158161, 224.66698015347131, -560.8779424546642, 547.4825384960446
flux1:, 1.3729419623560848, 4.787108427850437, 0.4006494965245058, 232.74280404508767, -569.7712590841031, 561.6091998461164
flux1:, 1.3739243192266888, 5.078873120954808, 0.4305848727765783, 237.57344503695222, -587.362642570771, 578.2463985743076
flux1:, 1.3749066760972926, 5.507943507935783, 0.44854182959629807, 246.2655410435383, -600.3837114940687, 595.4008801171245
flux1:, 1.3758890329678966, 6.66002597904566, 0.4792582727130677, 252.3537563081077, -626.6257437869143, 618.0761707411951
flux1:, 1.3768713898385005, 8.171538574258864, 0.48386189432703425, 265.45986372775275, -648.7648448053972, 644.3508317614854
flux1:, 1.3778537467091045, 12.865838537981332, 0.4862051836215219, 284.05755439994147, -695.0661433085436, 688.199307894459
flux1:, 1.3788361035797085, 21.414091253832797, 0.3674134782610636, 334.54714066420956, -738.9253740712268, 756.0332913834567
flux1:, 1.3798184604503125, 53.74170111692828, -0.10392488607672574, 498.8378803176947, -802.5015126250302, 914.6155791889921
flux1:, 1.3808008173209163, 101.76026343162269, -1.4076060148032898, 849.1439015441513, -610.3143831676836, 1053.270199103474
flux1:, 1.3817831741915203, 83.50148108082755, -1.3773072033462852, 811.3717776510863, -333.9887643719967, 849.4649746353027
flux1:, 1.3827655310621243, 41.70629393671095, -0.5501187223119739, 580.6408087698203, -351.15187876600925, 696.3354673250909
flux1:, 1.3837478879327283, 28.285812872565224, -0.21602225245414156, 498.5154108802021, -393.34835406317796, 665.0129026858683
flux1:, 1.3847302448033323, 19.945049492675096, 0.03313331897873889, 445.1009488905044, -437.7779890368403, 656.1631252104429
flux1:, 1.3857126016739363, 17.058875437661666, 0.12312101810789955, 429.74985914144463, -460.9563458629627, 661.6478871034063
flux1:, 1.38669495854454, 14.438059481231504, 0.23726665545399656, 412.90566441752867, -487.1865870125463, 667.642409651833
flux1:, 1.387677315415144, 13.552277490963636, 0.2726514940874674, 411.39657499961345, -500.8056224651221, 677.1735083401635
flux1:, 1.388659672285748, 12.474556633836297, 0.3448636767821278, 405.1435563859422, -518.8384533966017, 685.6713859365905
flux1:, 1.389642029156352, 12.192294406511706, 0.3619482230379157, 407.80893613154257, -528.2784729418097, 695.6211161613345
flux1:, 1.390624386026956, 11.713395508897992, 0.4158568112666663, 405.75209061314644, -542.1082159651077, 704.5685129311562
flux1:, 1.3916067428975598, 11.672109980195154, 0.4247274183997166, 409.9113689191041, -549.4035536295777, 714.3056799980615
flux1:, 1.3925890997681638, 11.480836004152351, 0.4685878077886363, 409.80129073505833, -560.7465175191916, 723.1954460798501
flux1:, 1.3935714566387678, 11.552917399442109, 0.4728038432240577, 414.46203430607335, -566.7765380253272, 732.5897856775294
flux1:, 1.3945538135093718, 11.518638472991507, 0.5100979383554682, 415.2989706503739, -576.4802079271728, 741.2639726684388
flux1:, 1.3955361703799758, 11.64846897737776, 0.5110960731750367, 420.01098146440927, -581.6794998716039, 750.29330240809
flux1:, 1.3965185272505796, 11.706121557455884, 0.5434594737053097, 421.27213622093717, -590.2179294629185, 758.6946538912152
flux1:, 1.3975008841211836, 11.865075410815816, 0.5418676079339637, 425.7983115226216, -594.8324831154791, 767.3616813611465
flux1:, 1.3984832409917876, 11.977791851020902, 0.5701198136355027, 427.177614563998, -602.5050315755406, 775.466347956814
flux1:, 1.3994655978623916, 12.14908419034125, 0.5662405186481699, 431.38031584450795, -606.6976022628575, 783.7775450809297
flux1:, 1.4004479547329955, 12.293881524880192, 0.5908196247727306, 432.685996054896, -613.718471788202, 791.5729124072204
flux1:, 1.4014303116035993, 12.466772486067475, 0.5848394865778835, 436.48285686229934, -617.6163452757751, 799.5323519766008
flux1:, 1.4024126684742033, 12.628429721420446, 0.6060132290245901, 437.5924189051372, -624.1581712904651, 807.0083811270256
flux1:, 1.4033950253448073, 12.79583221048876, 0.5981047691623252, 440.93761412899437, -627.8757348348713, 814.615645042447
flux1:, 1.4043773822154113, 12.964061360955052, 0.6160833049323484, 441.77604980552894, -634.0912962641336, 821.7609664954339
flux1:, 1.4053597390860153, 13.121505261506499, 0.6064568144646262, 444.6514462669709, -637.7401065013503, 829.0103556570485
flux1:, 1.406342095956619, 13.289551168823985, 0.621455000173734, 445.17931608758374, -643.7724563395882, 835.810387415935
flux1:, 1.407324452827223, 13.434697480662383, 0.6103825567657395, 447.5892990060237, -647.4644731621571, 842.6907297244095
flux1:, 1.408306809697827, 13.598570555569308, 0.6226522793415146, 447.79495907174686, -653.4505256248734, 849.1268988105269
flux1:, 1.409289166568431, 13.730926078514656, 0.610474260235933, 449.76234066030037, -657.297491987835, 855.6217930733291
flux1:, 1.410271523439035, 13.888903332435197, 0.6203173707870436, 449.65579955201724, -663.367924195802, 861.6714882012703
flux1:, 1.4112538803096388, 14.009581716956156, 0.6074377950553974, 451.21782673525723, -667.4787382502572, 867.7599114548696
flux1:, 1.4122362371802428, 14.161808892494204, 0.6152065483064068, 450.8252443909094, -673.7560368340496, 873.3969436402533
flux1:, 1.4132185940508468, 14.273279149497082, 0.6020822289130086, 452.02950211239215, -678.2333681094731, 879.0541256477547
flux1:, 1.4142009509214508, 14.421406112974314, 0.6081726509287723, 451.38808008493993, -684.8292295816874, 884.2495042298899
flux1:, 1.4151833077920548, 14.527219194594458, 0.5953004561542876, 452.2884502846267, -689.7661886836122, 889.447936353581
flux1:, 1.4161656646626586, 14.674051578587061, 0.6001431633073512, 451.4417928210516, -696.7789990836817, 894.1707695480294
flux1:, 1.4171480215332626, 14.778558758171268, 0.5880488651952979, 452.0947323048466, -702.256279839325, 898.8812028950788
flux1:, 1.4181303784038666, 14.927731590697624, 0.5921008023178309, 451.0888425067089, -709.7689803020446, 903.0995591697638
flux1:, 1.4191127352744706, 15.035814798146575, 0.5813319964918087, 451.5501981851491, -715.8525380856402, 907.291861816691
flux1:, 1.4200950921450746, 15.191499259139661, 0.5850715518653714, 450.4302048610396, -723.9308352212414, 910.9734633821764
flux1:, 1.4210774490156786, 15.308329057943507, 0.5761958922513876, 450.75266858186694, -730.6698820111893, 914.6172510851794
flux1:, 1.4220598058862823, 15.474978947753678, 0.5801225396492861, 449.5602869597666, -739.3604971104896, 917.7299336174332
flux1:, 1.4230421627568863, 15.605806204372161, 0.5737314809884964, 449.7914538488915, -746.785381411234, 920.7949378444258
flux1:, 1.4240245196274903, 15.787941831720602, 0.5783701458186432, 448.56305699219814, -756.1138578486191, 923.3068561909839
flux1:, 1.4250068764980943, 15.937917947513508, 0.575087329875348, 448.7439468844127, -764.233280302854, 925.7630433414305
flux1:, 1.4259892333686983, 16.139935244633794, 0.5809966815259409, 447.50904954991427, -774.2007806392718, 927.6426663791709
flux1:, 1.4269715902393023, 16.313945255630152, 0.5814892664700837, 447.6728768879091, -782.9977494377126, 929.4601696718237
flux1:, 1.427953947109906, 16.539929285202877, 0.5892722683766619, 446.4527992732503, -793.5762563530678, 930.6761426100397
flux1:, 1.42893630398051, 16.742413947291503, 0.594262520663509, 446.62375936088523, -803.0022083664517, 931.8251117317086
flux1:, 1.429918660851114, 16.995929401139062, 0.6045766023155047, 445.4302315087284, -814.1276155483632, 932.346119156366
flux1:, 1.430901017721718, 17.230666786869847, 0.614849969492094, 445.6220819020159, -824.0942675890925, 932.7966392547216
flux1:, 1.431883374592322, 17.51449487364304, 0.628412900160142, 444.4556083543878, -835.6570502673511, 932.591450415081
flux1:, 1.4328657314629258, 17.784310360882305, 0.6448172143418881, 444.6699032182033, -846.025839259768, 932.3137395248531
flux1:, 1.4338480883335298, 18.100103051627244, 0.6624031794135873, 443.51780649449745, -857.8594182486424, 931.3516768157095
flux1:, 1.4348304452041338, 18.406481621896024, 0.6858318625484087, 443.7417651758834, -868.4289756592495, 930.3168263468393
flux1:, 1.4358128020747378, 18.75431470519055, 0.708250392195172, 442.5760027600652, -880.2966711745939, 928.5689577312676
flux1:, 1.4367951589453418, 19.096905750442094, 0.739600636390442, 442.7802159156832, -890.7897907153824, 926.7505396140125
flux1:, 1.4377775158159456, 19.474737120815114, 0.7676494805223605, 441.5553457460589, -902.372544468822, 924.1919347150427
flux1:, 1.4387598726865496, 19.850776532259324, 0.8077455862975881, 441.69185102369045, -912.425674870499, 921.5688018219556
flux1:, 1.4397422295571536, 20.25386287574928, 0.8421288648162344, 440.3438872817489, -923.3145875821627, 918.1821516253963
flux1:, 1.4407245864277576, 20.657596383854177, 0.8916033736938006, 440.34556918832004, -932.4748822878125, 914.7426682579193
flux1:, 1.4417069432983616, 21.07799332074448, 0.9328104390861958, 438.7929236754862, -942.1745607908583, 910.5233536927528
flux1:, 1.4426893001689653, 21.500267419207773, 0.9919430170862547, 438.5755779609235, -949.9114258050296, 906.2709427773843
flux1:, 1.4436716570395693, 21.9266253381023, 1.0400936317909804, 436.7235340725334, -957.8618275090515, 901.233205905884
flux1:, 1.4446540139101733, 22.354897800981036, 1.1086242923814353, 436.19214402101085, -963.6005750203693, 896.1925711957101
flux1:, 1.4456363707807773, 22.772834351498393, 1.1633048247388902, 433.94224045701645, -969.2240186795888, 890.3756820358257
flux1:, 1.4466187276513813, 23.19189466327475, 1.2402612181693322, 433.00249015675075, -972.4063879947968, 884.5981875504788
flux1:, 1.447601084521985, 23.585207294045283, 1.3003990073968337, 430.2671323407557, -975.1813777922536, 878.0706677184764
flux1:, 1.448583441392589, 23.978812176716712, 1.3840008172223988, 428.84173068542754, -975.3500057129224, 871.636654691692
flux1:, 1.449565798263193, 24.331618477590197, 1.4478403371928668, 425.5623653134487, -974.9031964269471, 864.496115876523
flux1:, 1.450548155133797, 24.684983452770407, 1.535550889931254, 423.6093845849804, -971.7949411563767, 857.5118397873725
flux1:, 1.451530512004401, 24.98452537469829, 1.6007877520883995, 419.7740237342929, -967.9897438656438, 849.8784899741638
flux1:, 1.4525128688750049, 25.287210007522955, 1.6895561602303424, 417.3021188649216, -961.6111490912165, 842.4665147239322
flux1:, 1.4534952257456089, 25.526648808525465, 1.7536416426681114, 412.9563358730863, -954.6031938518057, 834.4702455992709
flux1:, 1.4544775826162128, 25.775022542841846, 1.8403148242701852, 410.03105176533364, -945.2586755923406, 826.7545128315206
flux1:, 1.4554599394868168, 25.95533356043312, 1.900874351607268, 405.27740990025933, -935.4928313644837, 818.5181922289004
flux1:, 1.4564422963574208, 26.1537736224749, 1.9826827228089308, 402.0150421427046, -923.7484585634526, 810.6075533674359
flux1:, 1.4574246532280246, 26.284044749217628, 2.037932909828788, 396.99969759051356, -911.8913907540539, 802.2312341171975
flux1:, 1.4584070100986286, 26.444419304292552, 2.1129117660154253, 393.5497798074007, -898.48105244595, 794.2063762468005
flux1:, 1.4593893669692326, 26.540437399053374, 2.161952695753236, 388.4399932532162, -885.308484932926, 785.7571147014049
flux1:, 1.4603717238398366, 26.68008455509354, 2.229184406867749, 384.9619177545914, -871.0116902117428, 777.6645649535883
flux1:, 1.4613540807104406, 26.761742159155368, 2.2720959452303906, 379.9214959795622, -857.2858593708551, 769.1742462395906
flux1:, 1.4623364375810444, 26.90068604829666, 2.331733391837099, 376.56243182201035, -842.8141540780404, 761.0282162940002
flux1:, 1.4633187944516486, 26.989084910593334, 2.369483953284053, 371.73190515336574, -829.1855048291825, 752.4986249363736
flux1:, 1.4643011513222524, 27.147355882013674, 2.422596448141486, 368.6114182337871, -815.1048119168577, 744.2886263250498
flux1:, 1.4652835081928564, 27.262390976867465, 2.456832647402877, 364.0966964968512, -802.0564203215655, 735.7007827716599
flux1:, 1.4662658650634603, 27.458059751509722, 2.5051593936267453, 361.29993352651195, -788.7541430063794, 727.4016395695555
flux1:, 1.4672482219340643, 27.616894677823527, 2.5379607243129296, 357.1695081633129, -776.588939045269, 718.7259925796261
flux1:, 1.4682305788046683, 27.865024945680002, 2.5836547149912907, 354.74765365592043, -764.2787463949528, 710.3072541214058
flux1:, 1.4692129356752721, 28.081477657803813, 2.6173166707493056, 351.0359411505516, -753.137614036794, 701.5122606373141
flux1:, 1.470195292545876, 28.393875766972435, 2.662731614818398, 349.01109614537376, -741.8873693870642, 692.9452810447153
flux1:, 1.47117764941648, 28.678487381716227, 2.699606593600945, 345.7247769897855, -731.7829825093254, 684.0032748721951
flux1:, 1.472160006287084, 29.063970375335526, 2.747145252317329, 344.0963402895223, -721.551581934543, 675.2654976606248
flux1:, 1.473142363157688, 29.42444956775857, 2.78954214268132, 341.2209928973937, -712.4056063450103, 666.1558311769695
flux1:, 1.4741247200282919, 29.889332851942264, 2.841559983088126, 339.97133541263526, -703.0787362138151, 657.2326215605318
flux1:, 1.4751070768988959, 30.331090521047273, 2.8916869250951356, 337.47653519130637, -694.754844203358, 647.9426266793712
flux1:, 1.4760894337694999, 30.879639553552444, 2.9504326135863654, 336.5745874963885, -686.1744167812234, 638.8273126658869
flux1:, 1.4770717906401039, 31.406180446941942, 3.0103608775653288, 334.4164120357922, -678.5038157480444, 629.3517653816033
flux1:, 1.4780541475107078, 32.04081743550426, 3.0779303527515114, 333.8183909905977, -670.4893767285165, 620.0445327717808
flux1:, 1.4790365043813116, 32.65379238745176, 3.1495549586568368, 331.93876330354726, -663.2883115110649, 610.3842049042408
flux1:, 1.4800188612519156, 33.37486956069074, 3.2278332900527915, 331.58560041973004, -655.650738448843, 600.890339489712
flux1:, 1.4810012181225196, 34.07359755019379, 3.312803148856788, 329.9081446286576, -648.7308303619417, 591.0500572864988
flux1:, 1.4819835749931236, 34.87853821271342, 3.403364019122543, 329.71932736769935, -641.2795462565277, 581.3778642806271
flux1:, 1.4829659318637276, 35.658785718577064, 3.5029483933668226, 328.141545815746, -634.4523839103238, 571.3643501305344
flux1:, 1.4839482887343314, 36.54036548796842, 3.606873477311355, 328.0052248322981, -626.9976394500779, 561.5229695023241
flux1:, 1.4849306456049354, 37.392142955454254, 3.7217224763285306, 326.3870453144525, -620.0752553450553, 551.3426782608183
flux1:, 1.4859130024755394, 38.33566936291403, 3.83929382608271, 326.146652668394, -612.4272391128793, 541.3399967407875
flux1:, 1.4868953593461434, 39.23982004239667, 3.969042601210498, 324.29607030351445, -605.2203848971153, 530.9971967602294
flux1:, 1.4878777162167474, 40.2190411564198, 4.099257329847011, 323.7347432690096, -597.1873544592137, 520.8381550671174
flux1:, 1.4888600730873511, 41.142558124412226, 4.241927484019593, 321.39288692781753, -589.504129702021, 510.33367647508675
flux1:, 1.4898424299579551, 42.11443003301154, 4.381801887356535, 320.2192857154764, -580.8926440535834, 500.0195130076164
flux1:, 1.4908247868285591, 43.00492325609731, 4.5329930793480635, 317.0503825519802, -572.5411639222275, 489.35090330258896
flux1:, 1.4918071436991631, 43.90410965499521, 4.6766937862881095, 314.89356266752634, -563.1628122542842, 478.8802384393247
flux1:, 1.4927895005697671, 44.68489068811259, 4.8286710153401415, 310.4901915961805, -553.9629496355171, 468.04443973147636
flux1:, 1.4937718574403709, 45.42025801265964, 4.966673822177013, 306.9167069155611, -543.6530408106581, 457.41742307162644
flux1:, 1.4947542143109749, 45.98919999953478, 5.107677027181694, 300.83597407072546, -533.4626267017578, 446.4172212199785
flux1:, 1.4957365711815789, 46.446434932066865, 5.226424236531451, 295.4062771287362, -522.1152056182868, 435.64377607115904
flux1:, 1.4967189280521829, 46.68349417965012, 5.340826329026378, 287.2527968991131, -510.8727746255016, 424.49850373069825
flux1:, 1.4977012849227869, 46.73906201897471, 5.42362483826087, 279.6285187556498, -498.4898893392222, 413.6102210406324
flux1:, 1.4986836417933906, 46.527113527527504, 5.49373077542851, 269.18562561477137, -486.2660371189877, 402.3687470061284
flux1:, 1.4996659986639946, 46.07638073264378, 5.5235756751186145, 259.2744858322084, -473.00560400092513, 391.43072990530675
flux1:, 1.5006483555345986, 45.33483168871678, 5.5334593732333275, 246.64932734428047, -460.0394071624582, 380.1808856436957
flux1:, 1.5016307124052026, 44.32891171796735, 5.497644532439011, 234.7316244495918, -446.23125432495016, 369.2962042757812
flux1:, 1.5026130692758066, 43.0489882254626, 5.438170489164181, 220.43784877009878, -432.9187801389815, 358.162374820339
flux1:, 1.5035954261464104, 41.523735805582405, 5.333028874458312, 207.18907592923193, -419.01956788248486, 347.4618871481647
flux1:, 1.5045777830170146, 39.785625157992456, 5.205713754513727, 192.088383372932, -405.83691973441535, 336.5861950424869
flux1:, 1.5055601398876184, 37.86315442687825, 5.038820511204174, 178.44556708719142, -392.325469887348, 326.2038038600608
flux1:, 1.5065424967582224, 35.82031222806069, 4.85605725895698, 163.54119837180903, -379.7104242255855, 315.7166221299758
flux1:, 1.5075248536288264, 33.677265740438486, 4.644240827512298, 150.45792258660748, -366.96879932036614, 305.76069996672715
flux1:, 1.5085072104994304, 31.51331151744694, 4.425463983223075, 136.63548930456486, -355.21900014014085, 295.7548436155068
flux1:, 1.5094895673700344, 29.33193193677288, 4.189636635123808, 124.84971770153155, -343.45862522144347, 286.2901878487509
flux1:, 1.5104719242406381, 27.213205697905494, 3.9556189045088557, 112.69451266767064, -332.6935479638952, 276.81075501085616
flux1:, 1.5114542811112421, 25.140346006686443, 3.7152988752309257, 102.61404880404689, -321.9527667968371, 267.85768166073046
flux1:, 1.5124366379818461, 23.185806375303763, 3.4834822673096584, 92.3676086782065, -312.14150526842894, 258.9084127496919
flux1:, 1.5134189948524501, 21.314587833513162, 3.25336051880052, 84.08769416605149, -302.3352734262353, 250.4545429084821
flux1:, 1.5144013517230541, 19.589114981106057, 3.035704734275962, 75.71482060480847, -293.35724543284107, 242.0127412098365
flux1:, 1.515383708593658, 17.96154430309569, 2.8247632374361715, 69.11197893580304, -284.340927015959, 234.0283714313433
flux1:, 1.516366065464262, 16.485380964945648, 2.6278256655883596, 62.40973447939335, -276.0445919752028, 226.05969979193657
flux1:, 1.5173484223348659, 15.105812860504189, 2.4401714136313863, 57.24728562537865, -267.6645158866984, 218.51012194282413
flux1:, 1.5183307792054699, 13.869674686264254, 2.2663482218913553, 51.942737494846284, -259.9066757342836, 210.97880821538757
flux1:, 1.5193131360760739, 12.719898320631401, 2.1026809491254355, 47.951464998816014, -252.02907980826046, 203.8315102477877
flux1:, 1.5202954929466777, 11.698734145299733, 1.9516788531852356, 43.7671281814044, -244.69368152083854, 196.70555697022996
flux1:, 1.5212778498172816, 10.749947346674249, 1.810682657484636, 40.693144617981936, -237.2157110912732, 189.93315565335953
flux1:, 1.5222602066878856, 9.912716898353787, 1.680738993905997, 37.38135903097319, -230.21836135775305, 183.18601164421048
flux1:, 1.5232425635584896, 9.133327293591359, 1.560118320206103, 35.00784432926182, -223.0681969547151, 176.76660813958932
flux1:, 1.5242249204290936, 8.448854777102405, 1.448841292840077, 32.363558253532666, -216.35312502930853, 170.37694149870273
flux1:, 1.5252072772996974, 7.808813789134094, 1.3459835767576087, 30.51624368937965, -209.48510786159576, 164.29330463197635
flux1:, 1.5261896341703014, 7.248755747520321, 1.2508586520675655, 28.377591448478164, -203.01925945849658, 158.24402884418754
flux1:, 1.5271719910409054, 6.72155482250274, 1.1632074953252127, 26.9219136997953, -196.40760339087302, 152.48245470355687
flux1:, 1.5281543479115094, 6.261564875913074, 1.0818658143865314, 25.165146016944846, -190.17441010280413, 146.75963438256096
flux1:, 1.5291367047821134, 5.824855355544076, 1.0071019837368893, 24.00005340939148, -183.80722038303136, 141.30889082995682
flux1:, 1.5301190616527172, 5.444752576592658, 0.9374384609555739, 22.532678720760742, -177.80118942794155, 135.90080132106849
flux1:, 1.5311014185233212, 5.0802442171554185, 0.8735453826480776, 21.58384482373481, -171.67564796331155, 130.7512493875219
flux1:, 1.5320837753939252, 4.763695529603342, 0.8137506761468483, 20.337726624214444, -165.89796602460734, 125.64759817212894
flux1:, 1.5330661322645291, 4.456726633481481, 0.7590177947747098, 19.55117802366347, -160.016307352637, 120.79058560477016
flux1:, 1.5340484891351331, 4.190734723763808, 0.7075657693728048, 18.47663286913257, -154.47164736215632, 115.98198336010744
flux1:, 1.535030846005737, 3.9297286412087273, 0.6605613210944823, 17.81354393646554, -148.83849084840108, 111.40933898371173
flux1:, 1.536013202876341, 3.7040760292096695, 0.6161766754894709, 16.87443022956116, -143.5326602579352, 106.88685721303689
flux1:, 1.536995559746945, 3.479992277883686, 0.5757092964383169, 16.306909376209497, -138.15300752355478, 102.59054672253222
flux1:, 1.537977916617549, 3.286714676470775, 0.5373293735845088, 15.476825173162121, -133.09138925730787, 98.34540065743778
flux1:, 1.538960273488153, 3.0925451274933757, 0.5024083770355481, 14.984715504549454, -127.9693546580604, 94.317263338492
flux1:, 1.5399426303587567, 2.925465037300531, 0.4691463848779165, 14.24413478837412, -123.15594409526709, 90.34057137125615
flux1:, 1.5409249872293607, 2.7557957486205136, 0.43894570475690353, 13.812656627332487, -118.29401606054509, 86.57213288422356
flux1:, 1.5419073440999647, 2.6101268401460174, 0.41005858484182456, 13.146850132991178, -113.73091742659571, 82.85474712523644
flux1:, 1.5428897009705687, 2.460771457449046, 0.3838862748825905, 12.76492651777482, -109.1296211803392, 79.33710078597832
flux1:, 1.5438720578411727, 2.3327942147006957, 0.35874819407948894, 12.162505214898545, -104.816877818106, 75.86950414869604
flux1:, 1.5448544147117764, 2.200497337796479, 0.3360217213786421, 11.8216156152038, -100.47472101271366, 72.59325708523707
flux1:, 1.5458367715823806, 2.0873012438473335, 0.31410294256819155, 11.27354464914846, -96.41037322250635, 69.36552429687846
flux1:, 1.5468191284529844, 1.9695059378036368, 0.29432966804668753, 10.966966944664136, -92.32397754177853, 66.32080361749496
flux1:, 1.5478014853235884, 1.8687906224649309, 0.2751800053868267, 10.465918512728322, -88.50426080403403, 63.322619008331124
flux1:, 1.5487838421941924, 1.763461819636, 0.25794192468883914, 10.188242468548786, -84.66859973236794, 60.499128052656694
flux1:, 1.5497661990647964, 1.6733880806633616, 0.24117782973312965, 9.728179204044887, -81.08821472720398, 57.71984899883594
flux1:, 1.5507485559354004, 1.5788824047257461, 0.22611961363434874, 9.474997886025257, -77.49689831920324, 55.106960842811276
flux1:, 1.5517309128060042, 1.4979634962782227, 0.21141399452858692, 9.050903066840274, -74.14930410107578, 52.53571292616071
flux1:, 1.5527132696766082, 1.4129357933589008, 0.19823348685266268, 8.818612869586062, -70.7948698267219, 50.12258648893197
flux1:, 1.5536956265472122, 1.3399596950400186, 0.1853075216071294, 8.426307550805559, -67.67256795068461, 47.74837567205652
flux1:, 1.5546779834178162, 1.2632971465652794, 0.17374802743199808, 8.211969495224512, -64.54675159813253, 45.52408013897871
flux1:, 1.5556603402884202, 1.1972714131675555, 0.16236441097098572, 7.847976860982675, -61.64154161964084, 43.33590846838081
flux1:, 1.556642697159024, 1.1280472019736203, 0.15220827448974442, 7.64920874434702, -58.735513312103194, 41.289544239889935
flux1:, 1.557625054029628, 1.0681592592893094, 0.14216548639097462, 7.310641505394088, -56.03870949255361, 39.27651838125166
flux1:, 1.558607410900232, 1.0055991556177013, 0.1332285935006539, 7.1255250407668, -53.34326835799914, 37.39732514297962
flux1:, 1.559589767770836, 0.9511863012091495, 0.12435589950256117, 6.809984967541686, -50.845874757831346, 35.54874938132816
flux1:, 1.56057212464144, 0.8946430324590746, 0.11648284937569141, 6.636980665642218, -48.35160102096244, 33.826195335443515
flux1:, 1.5615544815120437, 0.8451678561204484, 0.10863584023997157, 6.342464822007463, -46.04444424936509, 32.13164512895291
flux1:, 1.5625368383826477, 0.7940995828791543, 0.1016956155871944, 6.180332447366457, -43.741809361105936, 30.555495339806683
flux1:, 1.5635191952532517, 0.7491279081050055, 0.09475216222660879, 5.905146683616419, -41.61563228151514, 29.004870493892074
flux1:, 1.5645015521238557, 0.703078547652776, 0.08863419570859192, 5.7528735925618975, -39.495072900141935, 27.565234817747623
flux1:, 1.5654839089944597, 0.6622583363276141, 0.0824907546627547, 5.495556587527474, -37.54059584702666, 26.148793816539143
flux1:, 1.5664662658650634, 0.6208387321031485, 0.07710134532487975, 5.352297020777022, -35.59255873978548, 24.836156939215815
flux1:, 1.5674486227356674, 0.5838795631807655, 0.07166960254271378, 5.1115578219917195, -33.80051616611082, 23.54453601668419
flux1:, 1.5684309796062714, 0.5467495361823522, 0.06692868808659327, 4.976584726484761, -32.01548303218694, 22.349774428334957
flux1:, 1.5694133364768754, 0.5134031891808852, 0.0621325706996453, 4.75125642925851, -30.376644253601974, 21.17399673479473
flux1:, 1.5703956933474794, 0.48025522798303183, 0.0579708891815469, 4.62393712469681, -28.745152301308632, 20.08838212388426
flux1:, 1.5713780502180832, 0.4502984128139246, 0.05374397414347757, 4.412945698461504, -27.25034295387705, 19.019860086630032
flux1:, 1.5723604070886872, 0.42084403916406776, 0.05010069143069764, 4.292704500580701, -25.762990037386917, 18.035073701109592
flux1:, 1.5733427639592912, 0.3940644791504284, 0.04638410308706192, 4.095056882141971, -24.403106739975343, 17.065611770980315
flux1:, 1.5743251208298952, 0.36802420615397685, 0.043204890716344695, 3.981387694497316, -23.050587385480636, 16.173735222445586
flux1:, 1.5753074777004992, 0.34421083779511746, 0.039945646457934095, 3.7961631290889946, -21.816631165117734, 15.295533164083336
flux1:, 1.576289834571103, 0.32130815082826075, 0.03718127328836681, 3.6886187225749114, -20.589764779816985, 14.489057829180243
flux1:, 1.577272191441707, 0.3002457288308111, 0.03433110746433366, 3.514972142548959, -19.472880593609762, 13.69471545480805
flux1:, 1.578254548312311, 0.2802049253700353, 0.03193646962725172, 3.4131680110909266, -18.362658320183133, 12.966545502976004
flux1:, 1.579236905182915, 0.261672609395633, 0.029451058851496077, 3.2503332327203713, -17.354184552505135, 12.249068837897495
flux1:, 1.580219262053519, 0.24421978332557878, 0.02738458730256413, 3.153948641849198, -16.3518223687687, 11.59252512289763
flux1:, 1.5812016189241227, 0.22799280611732933, 0.025223095503146165, 3.001239936119137, -15.443344935560715, 10.945332086170952
flux1:, 1.5821839757947267, 0.21285893225097055, 0.023446441351127424, 2.9100157518263248, -14.540339211223657, 10.354154397487715
flux1:, 1.5831663326653307, 0.1987122034584469, 0.021571287240903333, 2.7668258212431, -13.723745385915967, 9.771078311122272
flux1:, 1.5841486895359347, 0.1856372122281625, 0.020049187187578133, 2.6805585085362917, -12.911925846201827, 9.239424593043928
flux1:, 1.5851310464065387, 0.17334973176503646, 0.018425940542650152, 2.5463525571624044, -12.179453053760994, 8.714714023254409
flux1:, 1.5861134032771425, 0.16208661718439474, 0.017126170842786653, 2.464884790635107, -11.451028634736197, 8.237155583086528
flux1:, 1.5870957601477467, 0.1514457907943801, 0.015723501784676897, 2.339191109763616, -10.795304574989126, 7.765469808219507
flux1:, 1.5880781170183504, 0.14176408025959486, 0.014616856352853086, 2.26240004479657, -10.142899334835263, 7.3369823945154495
flux1:, 1.5890604738889544, 0.132569338929265, 0.013406486558927885, 2.1447986049389605, -9.556971597083258, 6.9133824240059365
flux1:, 1.5900428307595584, 0.12425756454439219, 0.012466734780366112, 2.072583640771892, -8.973649619493566, 6.52933331823201
flux1:, 1.5910251876301624, 0.11632299327742673, 0.01142335818007573, 1.9626942634165048, -8.451004457812799, 6.149268794140349
flux1:, 1.5920075445007664, 0.10919006562639222, 0.010627160775894838, 1.8949654984954303, -7.93028387650606, 5.805400601314003
flux1:, 1.5929899013713702, 0.10234598548247296, 0.009728323356367044, 1.7924366885999516, -7.464854689150882, 5.464693436982952
flux1:, 1.5939722582419742, 0.09622155731326834, 0.009055101966095087, 1.7291049891069454, -7.000711805279779, 5.157105448222587
flux1:, 1.5949546151125782, 0.09031517068810645, 0.00828104104672947, 1.6336043693719053, -6.586878696434343, 4.851931045394098
flux1:, 1.5959369719831822, 0.08504918175070914, 0.007712805660018679, 1.5745737946577127, -6.173743856123162, 4.577058891750255
flux1:, 1.5969193288537862, 0.07994446789825117, 0.007046255579727776, 1.4857807684749285, -5.806325940285643, 4.303925682314253
flux1:, 1.59790168572439, 0.07540609462631596, 0.006567399771793609, 1.430943406572405, -5.439072731905856, 4.058520071291522
flux1:, 1.598884042594994, 0.07098316409745596, 0.005993375104727184, 1.3485439159698156, -5.113314653138476, 3.8142482837733187
flux1:, 1.599866399465598, 0.06705938907177139, 0.0055904509604259404, 1.2977769692194279, -4.787243998872606, 3.595353494867691
flux1:, 1.600848756336202, 0.06321349310432131, 0.005096017707122263, 1.2214603650960452, -4.498798236858389, 3.377053655127644
flux1:, 1.601831113206806, 0.059807476302652506, 0.0047575011214161566, 1.1746252256433538, -4.209618882804064, 3.18198618786047
flux1:, 1.6028134700774097, 0.056447830063981345, 0.004331545508710351, 1.104082869501551, -3.954525157452307, 2.9870378416140015
flux1:, 1.6037958269480137, 0.05347722147533971, 0.004047601600648897, 1.061025736755197, -3.6983317509515583, 2.813365595370481
flux1:, 1.6047781838186177, 0.05052576483035583, 0.003680604295647435, 0.995950984123076, -3.472994566945321, 2.639396539071869
flux1:, 1.6057605406892217, 0.04792105783272774, 0.0034428598945133704, 0.9565045770183048, -3.246244284360226, 2.484918723568516
flux1:, 1.6067428975598257, 0.045311234127740276, 0.0031266810220614083, 0.8965936556949078, -3.047409488566212, 2.3297849740022105
flux1:, 1.6077252544304295, 0.04301422102194112, 0.0029280102078028036, 0.8605796555455404, -2.846898004234147, 2.1925129187703045
flux1:, 1.6087076113010335, 0.04068982554172313, 0.002655690136663564, 0.8055331805540895, -2.671628997805266, 2.0542795993411236
flux1:, 1.6096899681716375, 0.03865218945413541, 0.0024900177222359284, 0.7727649586080428, -2.4944663964641998, 1.9324186023323582
flux1:, 1.6106723250422414, 0.03656630849122624, 0.00225559665734531, 0.7222895421149518, -2.3401206140960196, 1.8093417935984328
flux1:, 1.6116546819128454, 0.03474835958417593, 0.0021177228229094023, 0.6925749672088863, -2.1837077218199124, 1.7012739846155147
flux1:, 1.6126370387834492, 0.032862401390203716, 0.0019160813559606178, 0.6463848464012778, -2.0479136253824834, 1.5917835718822908
flux1:, 1.6136193956540532, 0.03123195020710635, 0.0018015308364978462, 0.6195289459564761, -1.9099189720363297, 1.4960518584150717
flux1:, 1.6146017525246572, 0.029514750056293844, 0.0016282535438221371, 0.5773472872219437, -1.7905538408058383, 1.3987354063620858
flux1:, 1.6155841093952612, 0.02804609283232978, 0.0015331519049902502, 0.5531546352080791, -1.6688914683262008, 1.3140284921884997
flux1:, 1.6165664662658652, 0.0264730627164776, 0.0013844147334089313, 0.5147144791040774, -1.5640600925105386, 1.2276161397365721
flux1:, 1.617548823136469, 0.025146047788322773, 0.0013053927958891851, 0.49299128314320284, -1.456868290717041, 1.1527546272947933
flux1:, 1.618531180007073, 0.02369833580332975, 0.0011778735481807136, 0.4580360135922166, -1.364882631916103, 1.076105000456682
flux1:, 1.619513536877677, 0.022497474769528118, 0.0011119996353693893, 0.4385918253403541, -1.2705035715066053, 1.0100285413540988
flux1:, 1.620495893748281, 0.021161101608162248, 0.00100281009976356, 0.40687519297043495, -1.189863324113692, 0.9421156736393715
flux1:, 1.621478250618885, 0.020074696961678972, 0.0009475473564964015, 0.389524345504543, -1.1068235394051815, 0.8838711686338699
flux1:, 1.6224606074894887, 0.018839650638576164, 0.0008541833002753435, 0.360810170847061, -1.036197569220323, 0.8237724540365957
flux1:, 1.6234429643600927, 0.017858924815034902, 0.0008073661112876581, 0.34537300721475656, -0.9631893319615642, 0.7725032789193303
flux1:, 1.6244253212306967, 0.016718218332872858, 0.0007276693500330639, 0.3194347544882137, -0.9013980762726532, 0.7193884768128783
flux1:, 1.6254076781013007, 0.015836455492010452, 0.0006874901243543236, 0.3057387407051494, -0.837261704808922, 0.6743247331011775
flux1:, 1.6263900349719047, 0.014785182745079712, 0.0006196161269667932, 0.28235911880845094, -0.7832605602415613, 0.6274460783274551
flux1:, 1.6273723918425085, 0.013996919361968016, 0.0005846129764822557, 0.2702398850469603, -0.7269678195495133, 0.5878958456052633
flux1:, 1.6283547487131127, 0.013031369598719318, 0.0005269983413009567, 0.2492106705863864, -0.6798317190692973, 0.5465792806533166
flux1:, 1.6293371055837165, 0.012331689204563389, 0.0004960353441584713, 0.23851298527236992, -0.6304705193125711, 0.5119208364818159
flux1:, 1.6303194624543205, 0.011448593904026295, 0.0004473613878626444, 0.21963512186944725, -0.5893798743802245, 0.475558371685275
flux1:, 1.6313018193249245, 0.010832582800232584, 0.00041959639708377303, 0.210213765384751, -0.5461404809797029, 0.445233336018997
flux1:, 1.6322841761955285, 0.010028556951212577, 0.00037874832646822397, 0.19329777730305422, -0.5103686741081882, 0.4132764889600485
flux1:, 1.6332665330661325, 0.009490958903565834, 0.0003535882924219466, 0.18501822784453725, -0.47253159085860613, 0.38678379576244976
flux1:, 1.6342488899367362, 0.008762167824507911, 0.00031961274154791876, 0.16988482147749603, -0.4414340794424255, 0.3587379886894872
flux1:, 1.6352312468073402, 0.008297242693918152, 0.00029666065253035285, 0.16262368467662347, -0.40835960382293873, 0.3356285684843567
flux1:, 1.6362136036779442, 0.007639286594828843, 0.00026872569843410443, 0.14910442007135802, -0.38136457605126534, 0.31104831870491
flux1:, 1.6371959605485482, 0.007240843964503984, 0.00024772574369027594, 0.14274952039514552, -0.3524839063048066, 0.29092035934013527
flux1:, 1.6381783174191522, 0.00664881587385753, 0.00022508781557247987, 0.13068734071414964, -0.329084298202992, 0.26940509263224116
flux1:, 1.639160674289756, 0.006310368926823191, 0.0002058754284349625, 0.1251374467726759, -0.3038919447309652, 0.25189978064282575
flux1:, 1.64014303116036, 0.005779020870838336, 0.00018785552154743814, 0.11438698026632493, -0.2836385691912383, 0.23309010453192555
flux1:, 1.641125388030964, 0.005493997517723367, 0.00017031698455986682, 0.10955125303518677, -0.2616858068974787, 0.21788772601761563
flux1:, 1.642107744901568, 0.005017950006960948, 0.00015628657320737333, 0.09997886680415484, -0.24418135026980592, 0.20146200844951964
flux1:, 1.643090101772172, 0.004779907724141622, 0.00014033014422448127, 0.09577610730543652, -0.22507045057483577, 0.1882783434049227
flux1:, 1.6440724586427757, 0.0043538517041819755, 0.0001297052613282545, 0.08725968140946669, -0.2099641163893603, 0.17394951815270984
flux1:, 1.6450548155133797, 0.004156659179366227, 0.00011524330743432018, 0.08361745058789517, -0.19334316388052247, 0.16253248155422786
flux1:, 1.6460371723839837, 0.0037755187771624753, 0.00010748404911160526, 0.07604592463371868, -0.18032582028143168, 0.15004502313347767
flux1:, 1.6470195292545877, 0.0036134867136077683, 9.44242093919364e-05, 0.0728996309636695, -0.16588399181890837, 0.14017153511098948
flux1:, 1.6480018861251917, 0.0032725311641866547, 8.903714884288974e-05, 0.06617241201193445, -0.15468374063122556, 0.12929858628477992
flux1:, 1.6489842429957955, 0.0031404899992847493, 7.727975933666191e-05, 0.06346444576233118, -0.1421469714378945, 0.1207716582040495
flux1:, 1.6499665998663995, 0.0028353959794165493, 7.382074517860627e-05, 0.05749071506816919, -0.13252508557846115, 0.11131231559469303
flux1:, 1.6509489567370035, 0.002728727524048636, 6.326004934415817e-05, 0.05516964604149297, -0.12165209400432783, 0.1039583530724253
flux1:, 1.6519313136076075, 0.0024556013817595966, 6.133621511666512e-05, 0.04986763643504466, -0.1133993125144062, 0.09573510884879655
flux1:, 1.6529136704782115, 0.0023702360913166547, 5.186344547490209e-05, 0.04788751173303177, -0.10397796828452609, 0.08940142479943416
flux1:, 1.6538960273488152, 0.0021256075856230464, 5.113352522574084e-05, 0.0431837850091813, -0.09691112928456581, 0.08225778700772558
flux1:, 1.6548783842194192, 0.002057998779209008, 4.264046217011213e-05, 0.0415035042658013, -0.0887551591923888, 0.07681032751451992
flux1:, 1.6558607410900232, 0.0018387973265034383, 4.281343834874808e-05, 0.037332249724549973, -0.08271416822365887, 0.07060861176834198
flux1:, 1.6568430979606272, 0.001785882520348691, 3.5195694061859734e-05, 0.03591503252945584, -0.07566018210682339, 0.06592988454901023
flux1:, 1.6578254548312312, 0.001589404202468765, 3.602792398231203e-05, 0.03221741116417764, -0.0705052879345106, 0.060549187427510184
flux1:, 1.658807811701835, 0.0015485601776122277, 2.9187643098116935e-05, 0.031030330010052048, -0.0644101156909555, 0.0565363775171708
flux1:, 1.659790168572439, 0.0013724315062552655, 3.0478946895197673e-05, 0.027753844774201657, -0.06001948257919864, 0.0518707170717867
flux1:, 1.660772525443043, 0.0013414282689666263, 2.432678205121661e-05, 0.026767415282830363, -0.0547577923001356, 0.04843399138124495
flux1:, 1.661754882313647, 0.0011835698600783544, 2.5915896408247823e-05, 0.023865328000284833, -0.0510253367940738, 0.04439062606092189
flux1:, 1.662737239184251, 0.0011605258501011496, 2.037227921896201e-05, 0.023053152715948773, -0.046487517665188355, 0.04145161187219246
flux1:, 1.6637195960548548, 0.0010191179357989931, 2.2132070253787607e-05, 0.020483932912713824, -0.043320988038915854, 0.03794950805593301
flux1:, 1.6647019529254587, 0.0010024575923974677, 1.712788575065494e-05, 0.019822381506641604, -0.03941126204889346, 0.035439919276758734
flux1:, 1.6656843097960627, 0.0008759071141018583, 1.896057700796721e-05, 0.01754916836641253, -0.0367305313133393, 0.03240837140100395
flux1:, 1.6666666666666667, 0.0008643209444344921, 1.4437207119280174e-05, 0.017017095143095018, -0.03336527995733497, 0.030268795710805256
