flux1:, 1.1764705882352942, 0.0006211549110533317, 7.702742291407074e-06
flux1:, 1.1774529451058982, 0.0003204910362730619, 5.004955539087851e-05
flux1:, 1.1784353019765021, 6.199290875195631e-05, 0.00015179101541430001
flux1:, 1.179417658847106, 0.0005895475671297523, 5.9025722368246517e-05
flux1:, 1.18040001571771, 0.0005926826123415801, 1.3872654286488485e-05
flux1:, 1.181382372588314, 3.907314369474142e-05, 0.0001478022625217934
flux1:, 1.182364729458918, 0.0004034003893388753, 0.00012803852322558677
flux1:, 1.183347086329522, 0.0008344612060596542, 7.198819081609251e-06
flux1:, 1.1843294432001257, 0.00021784614503790375, 0.00010380161400070936
flux1:, 1.1853118000707297, 0.000151596418199218, 0.00017899821049433833
flux1:, 1.1862941569413337, 0.0009000696350951143, 4.118754293398565e-05
flux1:, 1.1872765138119377, 0.0005687751155067737, 4.838318621373252e-05
flux1:, 1.1882588706825417, -5.41712629075138e-07, 0.0001872211238945987
flux1:, 1.1892412275531457, 0.0007347425220678675, 9.998379470012642e-05
flux1:, 1.1902235844237494, 0.0009472608532171017, 1.3774950374358655e-05
flux1:, 1.1912059412943534, 7.690210870456417e-05, 0.00015507999201328643
flux1:, 1.1921882981649574, 0.00041847137000547424, 0.0001563791713020035
flux1:, 1.1931706550355614, 0.0011853714849469586, 1.4903124649341035e-05
flux1:, 1.1941530119061654, 0.0004025025713030055, 0.00010371037210584677
flux1:, 1.1951353687767692, 0.00011448455145744829, 0.00019097190076670497
flux1:, 1.1961177256473732, 0.0011806634407980298, 4.772287920859398e-05
flux1:, 1.1971000825179772, 0.0008870322611991732, 5.6355471811087844e-05
flux1:, 1.1980824393885812, -9.048696228393706e-06, 0.00019911214139615047
flux1:, 1.1990647962591852, 0.0009321794022673944, 9.936347766922137e-05
flux1:, 1.200047153129789, 0.0013793977739140861, 2.841864553604902e-05
flux1:, 1.201029510000393, 0.0001655151271670667, 0.00018768701627706438
flux1:, 1.202011866870997, 0.0005370091205048336, 0.0001587669253052624
flux1:, 1.202994223741601, 0.0017171300998332062, 2.646810942708647e-05
flux1:, 1.203976580612205, 0.00067672304831995, 0.00016873839033770946
flux1:, 1.2049589374828087, 0.00017196323443495755, 0.00022387930146152283
flux1:, 1.2059412943534127, 0.0017706826587209742, 5.4060865706899756e-05
flux1:, 1.2069236512240167, 0.0014697423482195112, 0.0001543174316863404
flux1:, 1.2079060080946207, 7.233703570993879e-05, 0.0003057660547576601
flux1:, 1.2088883649652247, 0.001487946162825654, 0.00012489843400834803
flux1:, 1.2098707218358287, 0.002382928195967912, 0.00015679321970588013
flux1:, 1.2108530787064324, 0.000503538092847211, 0.0004300369726122826
flux1:, 1.2118354355770364, 0.0009571015309051907, 0.0002877912820170949
flux1:, 1.2128177924476404, 0.0031239306759401645, 0.00020608603512240292
flux1:, 1.2138001493182444, 0.0016812977756239537, 0.0006336537672232465
flux1:, 1.2147825061888484, 0.0005114240178776344, 0.0006627827414192748
flux1:, 1.2157648630594522, 0.003257808021433482, 0.0004104600756047494
flux1:, 1.2167472199300562, 0.0034823459067613452, 0.0009513041779401085
flux1:, 1.2177295768006602, 0.000788935504961992, 0.0014200616440301031
flux1:, 1.2187119336712642, 0.00242741783543946, 0.0010439963653876567
flux1:, 1.2196942905418682, 0.004844990655099534, 0.0013938617656411001
flux1:, 1.220676647412472, 0.0021491094880602586, 0.0024644140303187304
flux1:, 1.221659004283076, 0.0011459403366868637, 0.0023098624946803112
flux1:, 1.22264136115368, 0.004334900341231719, 0.0019829729479283933
flux1:, 1.223623718024284, 0.003520221862932805, 0.0031653237858509614
flux1:, 1.224606074894888, 0.0006287815530584147, 0.0037157217764411613
flux1:, 1.2255884317654917, 0.0027064382498699375, 0.002834711909536207
flux1:, 1.2265707886360957, 0.00393548436283785, 0.0033448893868438623
flux1:, 1.2275531455066997, 0.0009511348826197692, 0.004678762639528807
flux1:, 1.2285355023773037, 0.0015664783019923483, 0.004071665305597063
flux1:, 1.2295178592479077, 0.004112920258382344, 0.0036295615621529803
flux1:, 1.2305002161185117, 0.0018004257778173013, 0.0052699857625255865
flux1:, 1.2314825729891155, 0.0011374714133562064, 0.0057287269826340505
flux1:, 1.2324649298597194, 0.0049322374970846156, 0.004671962479433325
flux1:, 1.2334472867303234, 0.003942250644515822, 0.005808018113741698
flux1:, 1.2344296436009274, 0.0014730739064650342, 0.007583016101004122
flux1:, 1.2354120004715314, 0.006310883584163435, 0.006736142423732534
flux1:, 1.2363943573421352, 0.008851683443319425, 0.006358592983701848
flux1:, 1.2373767142127392, 0.004244015060722331, 0.008215084144797644
flux1:, 1.2383590710833432, 0.006376310128607913, 0.008112863769870944
flux1:, 1.2393414279539472, 0.013270543984955134, 0.005909865575286729
flux1:, 1.2403237848245512, 0.009764455777522635, 0.005656231843163735
flux1:, 1.241306141695155, 0.004784127361573286, 0.005975461111255651
flux1:, 1.242288498565759, 0.010294169400862859, 0.004181640447894539
flux1:, 1.243270855436363, 0.012039278713004467, 0.0029432346319733806
flux1:, 1.244253212306967, 0.004938325129501107, 0.0034212674443986246
flux1:, 1.245235569177571, 0.005456605612581288, 0.002923962538546375
flux1:, 1.2462179260481747, 0.01066252984380684, 0.001964322300936035
flux1:, 1.2472002829187787, 0.006487521678263409, 0.0023614586830109224
flux1:, 1.2481826397893827, 0.002989805874158851, 0.0024788362523058154
flux1:, 1.2491649966599867, 0.008109393842667584, 0.0018415614305366547
flux1:, 1.2501473535305907, 0.007991276891942269, 0.002175495229684201
flux1:, 1.2511297104011945, 0.0027912178550489756, 0.0025728775527382145
flux1:, 1.2521120672717985, 0.005611386333779843, 0.002079814631230716
flux1:, 1.2530944241424025, 0.008753263556228224, 0.0023359077768330067
flux1:, 1.2540767810130065, 0.004085762353677527, 0.0029894812085340984
flux1:, 1.2550591378836105, 0.0038215525468138865, 0.0025873669297097482
flux1:, 1.2560414947542144, 0.00858984527632744, 0.002647754198431873
flux1:, 1.2570238516248182, 0.0061104655605663675, 0.003567293004870242
flux1:, 1.2580062084954222, 0.0031569306462746263, 0.003374202505847776
flux1:, 1.2589885653660262, 0.007677187570711531, 0.003112276917200209
flux1:, 1.2599709222366302, 0.008165319620944796, 0.004190249038049153
flux1:, 1.2609532791072342, 0.003793593141429632, 0.004424966697375679
flux1:, 1.261935635977838, 0.006466089402881482, 0.003829882879938522
flux1:, 1.262917992848442, 0.009691847751934542, 0.004813368082648349
flux1:, 1.263900349719046, 0.005614361060799138, 0.005664591683249497
flux1:, 1.26488270658965, 0.005560897979301655, 0.004922615308382965
flux1:, 1.265865063460254, 0.010389485969480937, 0.005489928942198987
flux1:, 1.266847420330858, 0.008217304377538903, 0.006978239813685817
flux1:, 1.2678297772014617, 0.005549271920969712, 0.006465651227776923
flux1:, 1.2688121340720657, 0.010305526484272944, 0.0063732712040409
flux1:, 1.2697944909426697, 0.011016786253660262, 0.008266554965569068
flux1:, 1.2707768478132737, 0.006818846763488109, 0.008440206014435916
flux1:, 1.2717592046838777, 0.009842846799739461, 0.007680435035885322
flux1:, 1.2727415615544815, 0.013423869959595963, 0.00951346599826191
flux1:, 1.2737239184250855, 0.009418867204940794, 0.010726199530430145
flux1:, 1.2747062752956895, 0.009657746980672831, 0.009621858262725212
flux1:, 1.2756886321662935, 0.015056679042675878, 0.010837345141214845
flux1:, 1.2766709890368975, 0.013023750917929483, 0.013145044233467861
flux1:, 1.2776533459075012, 0.010461181357112232, 0.012318925246290451
flux1:, 1.2786357027781052, 0.01590918236930017, 0.01249772658912467
flux1:, 1.2796180596487092, 0.017029319581760318, 0.015545378204370706
flux1:, 1.2806004165193132, 0.012778106111969965, 0.01574289309680127
flux1:, 1.2815827733899172, 0.016408290786399226, 0.014842726301379967
flux1:, 1.282565130260521, 0.02076812820401035, 0.01790440780530136
flux1:, 1.283547487131125, 0.01674786944827144, 0.019708389753716506
flux1:, 1.284529844001729, 0.017318860248157212, 0.018204871989687496
flux1:, 1.285512200872333, 0.023781430235482667, 0.020403611128842657
flux1:, 1.286494557742937, 0.022049016162522028, 0.02393942521226319
flux1:, 1.2874769146135407, 0.01950835676464266, 0.022778176141863102
flux1:, 1.2884592714841447, 0.02605109017671539, 0.023438051909084198
flux1:, 1.2894416283547487, 0.0279985815819514, 0.02819847458464963
flux1:, 1.2904239852253527, 0.02364132559954656, 0.028526512382370976
flux1:, 1.2914063420959567, 0.02809262117399197, 0.027537195789905787
flux1:, 1.2923886989665605, 0.033815039515133954, 0.032438601545062326
flux1:, 1.2933710558371645, 0.029915516867362355, 0.03517290652506125
flux1:, 1.2943534127077685, 0.03084869976033178, 0.033208535631216
flux1:, 1.2953357695783725, 0.0389650300002556, 0.0369176061966835
flux1:, 1.2963181264489765, 0.03795530777395089, 0.04229674716863436
flux1:, 1.2973004833195805, 0.03539376936164817, 0.04075261043934382
flux1:, 1.2982828401901843, 0.043464216912151035, 0.042213689872949024
flux1:, 1.2992651970607882, 0.046934027192862646, 0.049525324953267634
flux1:, 1.3002475539313922, 0.04254169224120227, 0.05012358189212305
flux1:, 1.3012299108019962, 0.04799759952539156, 0.04910958287212263
flux1:, 1.3022122676726002, 0.0559133447563675, 0.05676087113524766
flux1:, 1.303194624543204, 0.05250711389966856, 0.06090900658347037
flux1:, 1.304176981413808, 0.0537761615108185, 0.05836129460146154
flux1:, 1.305159338284412, 0.06429241507359813, 0.06435322286500805
flux1:, 1.306141695155016, 0.06477693361459426, 0.07246930294807995
flux1:, 1.30712405202562, 0.062144977081966264, 0.0704224588760784
flux1:, 1.308106408896224, 0.07219132457869844, 0.07312887034680901
flux1:, 1.3090887657668278, 0.07828716839069962, 0.08421811599746062
flux1:, 1.3100711226374318, 0.07406925058851865, 0.0852327531940062
flux1:, 1.3110534795080357, 0.0805875908869026, 0.08422682021124515
flux1:, 1.3120358363786397, 0.09188529826501497, 0.09595887303455893
flux1:, 1.3130181932492437, 0.08970409627260012, 0.10217857809139128
flux1:, 1.3140005501198475, 0.09109741994931887, 0.09876275612050542
flux1:, 1.3149829069904515, 0.10492782658844954, 0.1081474907049284
flux1:, 1.3159652638610555, 0.1082588044651974, 0.12028716942697354
flux1:, 1.3169476207316595, 0.10542913086923354, 0.11742194364392153
flux1:, 1.3179299776022635, 0.11777143789135291, 0.12195082238591556
flux1:, 1.3189123344728673, 0.12827969575203035, 0.13863103092244147
flux1:, 1.3198946913434713, 0.12468876068177087, 0.14013601473443002
flux1:, 1.3208770482140753, 0.13191194470836223, 0.13902520038546876
flux1:, 1.3218594050846793, 0.14831597546660155, 0.1568257538746376
flux1:, 1.3228417619552832, 0.14882423705260053, 0.1660009617686942
flux1:, 1.323824118825887, 0.14962793127787596, 0.16103816264076934
flux1:, 1.324806475696491, 0.1677542898718268, 0.17543810992499448
flux1:, 1.325788832567095, 0.17649970624421155, 0.1935314472248771
flux1:, 1.326771189437699, 0.1731738586606348, 0.1890671671859846
flux1:, 1.327753546308303, 0.18748221781681368, 0.19611549647236529
flux1:, 1.3287359031789068, 0.20557300767516745, 0.22123285899332773
flux1:, 1.3297182600495108, 0.20377887019134702, 0.22308932660869565
flux1:, 1.3307006169201148, 0.2100316903353663, 0.2213160436196467
flux1:, 1.3316829737907188, 0.23413167712530708, 0.24834364277154486
flux1:, 1.3326653306613228, 0.24086155914287863, 0.261788867649634
flux1:, 1.3336476875319265, 0.23898694200101311, 0.25364659352579527
flux1:, 1.3346300444025305, 0.26179505564180355, 0.27550420657129676
flux1:, 1.3356124012731345, 0.28189746462663146, 0.30283908694060147
flux1:, 1.3365947581437385, 0.2776926222529212, 0.2949634864283162
flux1:, 1.3375771150143425, 0.29080305263992867, 0.30508718198148127
flux1:, 1.3385594718849465, 0.32324726516018176, 0.34367978183592796
flux1:, 1.3395418287555503, 0.3275939001233235, 0.3455056056422161
flux1:, 1.3405241856261543, 0.3263661487345938, 0.3409949574130826
flux1:, 1.3415065424967583, 0.3620040702680993, 0.38265805591480606
flux1:, 1.3424888993673623, 0.38678823378313926, 0.4033658216168628
flux1:, 1.3434712562379663, 0.37588300798629465, 0.38787849794432877
flux1:, 1.34445361310857, 0.39865232600659906, 0.4203032160304257
flux1:, 1.345435969979174, 0.4494987504565713, 0.46455125593917296
flux1:, 1.346418326849778, 0.4469145248617036, 0.4499056717616418
flux1:, 1.347400683720382, 0.4402391257289215, 0.4605682432846826
flux1:, 1.348383040590986, 0.5072232763097219, 0.5237874145834341
flux1:, 1.34936539746159, 0.5441382960749127, 0.529331389699193
flux1:, 1.3503477543321938, 0.5042395422608231, 0.5123078611088331
flux1:, 1.3513301112027978, 0.5526249219423268, 0.5763231241840127
flux1:, 1.3523124680734018, 0.6657167956233084, 0.6250867142121508
flux1:, 1.3532948249440058, 0.625701960120068, 0.5929381750076259
flux1:, 1.3542771818146098, 0.5896690046304246, 0.6224992209073998
flux1:, 1.3552595386852135, 0.7992349868683142, 0.7311860491214534
flux1:, 1.3562418955558175, 0.8819618663632963, 0.7443720129981107
flux1:, 1.3572242524264215, 0.6710164482902338, 0.6890036748990441
flux1:, 1.3582066092970255, 0.9154519142935797, 0.8332013300771843
flux1:, 1.3591889661676295, 1.5357804453139787, 1.1361539098267286
flux1:, 1.3601713230382333, 1.1773674002698264, 1.0319803263589882
flux1:, 1.3611536799088373, 0.9539279745984824, 0.9014036889211908
flux1:, 1.3621360367794413, 5.085061594990225, 3.7346761880071764
flux1:, 1.3631183936500453, 13.727144947852606, 11.847658461633294
flux1:, 1.3641007505206493, 19.432289373758135, 20.354391889043356
flux1:, 1.365083107391253, 16.164692840996178, 20.003821710319492
flux1:, 1.366065464261857, 7.773443052670942, 10.388433334714344
flux1:, 1.367047821132461, 2.1506563525766023, 2.3096160853379493
flux1:, 1.368030178003065, 1.2390965338437498, 2.041340774684681
flux1:, 1.369012534873669, 1.7714757785836313, 3.661034198049151
flux1:, 1.3699948917442728, 1.672212067923961, 2.2439508527830774
flux1:, 1.3709772486148768, 1.2789171523147689, 1.5365988678374327
flux1:, 1.3719596054854808, 1.151098116974245, 3.176409910827408
flux1:, 1.3729419623560848, 1.3496025231336548, 2.884550831424654
flux1:, 1.3739243192266888, 1.604558555432077, 1.5932136780858257
flux1:, 1.3749066760972926, 2.1431923622213134, 5.291326642890267
flux1:, 1.3758890329678966, 4.257890228833615, 11.768108378379015
flux1:, 1.3768713898385005, 7.6884868610292685, 12.351824972876909
flux1:, 1.3778537467091045, 8.869365142222078, 6.654246383397108
flux1:, 1.3788361035797085, 5.878668468201093, 2.200822092671374
flux1:, 1.3798184604503125, 2.407094945733542, 1.7306831417609296
flux1:, 1.3808008173209163, 2.081202738399737, 2.0510841620959193
flux1:, 1.3817831741915203, 3.0307756122487173, 1.8074754962389201
flux1:, 1.3827655310621243, 2.6106066901871228, 1.9329572572309632
flux1:, 1.3837478879327283, 2.0353574964707883, 2.164254519149737
flux1:, 1.3847302448033323, 2.5326316490536125, 2.062846726291702
flux1:, 1.3857126016739363, 2.7597825118768253, 2.1396103075120596
flux1:, 1.38669495854454, 2.3237723076805064, 2.3663467334191512
flux1:, 1.387677315415144, 2.43643950114245, 2.3423730193943193
flux1:, 1.388659672285748, 2.8527192354641633, 2.3639572857815256
flux1:, 1.389642029156352, 2.673081226571307, 2.5774582066300384
flux1:, 1.390624386026956, 2.543374302623241, 2.6252923740747045
flux1:, 1.3916067428975598, 2.9199937866273116, 2.6113301769909922
flux1:, 1.3925890997681638, 2.998839514787208, 2.7908372417595877
flux1:, 1.3935714566387678, 2.785268618887021, 2.903766934871501
flux1:, 1.3945538135093718, 3.002474934537991, 2.881340665269459
flux1:, 1.3955361703799758, 3.2630079068680753, 3.008800662078566
flux1:, 1.3965185272505796, 3.1057983433769483, 3.169054387978172
flux1:, 1.3975008841211836, 3.136678752805555, 3.1669554275713705
flux1:, 1.3984832409917876, 3.459006232538741, 3.235631687152749
flux1:, 1.3994655978623916, 3.446367275934846, 3.414219355395374
flux1:, 1.4004479547329955, 3.3414946647860844, 3.454968016533633
flux1:, 1.4014303116035993, 3.6058167432566544, 3.4737955085645726
flux1:, 1.4024126684742033, 3.753753695911371, 3.6367042320173146
flux1:, 1.4033950253448073, 3.610047666709507, 3.728638885836489
flux1:, 1.4043773822154113, 3.7374100680512856, 3.720764130851093
flux1:, 1.4053597390860153, 3.9926541343131934, 3.8388313480723215
flux1:, 1.406342095956619, 3.9104049183088874, 3.971982032063945
flux1:, 1.407324452827223, 3.8874361320693915, 3.967434390522423
flux1:, 1.408306809697827, 4.154524151329305, 4.025968369273385
flux1:, 1.409289166568431, 4.196010459407887, 4.174284230603223
flux1:, 1.410271523439035, 4.073978591119437, 4.199140981224995
flux1:, 1.4112538803096388, 4.257353598650729, 4.203114654752083
flux1:, 1.4122362371802428, 4.422604733819029, 4.333094713065873
flux1:, 1.4132185940508468, 4.290656382249692, 4.399338701140523
flux1:, 1.4142009509214508, 4.335280368482905, 4.371465700519783
flux1:, 1.4151833077920548, 4.564961631672681, 4.454363109348625
flux1:, 1.4161656646626586, 4.5084580328202275, 4.554812739064568
flux1:, 1.4171480215332626, 4.421889587566353, 4.526688470337645
flux1:, 1.4181303784038666, 4.626125102322453, 4.549546286876502
flux1:, 1.4191127352744706, 4.68811322829516, 4.6604129011460795
flux1:, 1.4200950921450746, 4.53448313308391, 4.65998358022509
flux1:, 1.4210774490156786, 4.634794116757564, 4.63085535256407
flux1:, 1.4220598058862823, 4.797754761128536, 4.721309624205024
flux1:, 1.4230421627568863, 4.666571800488562, 4.761755154325103
flux1:, 1.4240245196274903, 4.631899797525516, 4.706695128552554
flux1:, 1.4250068764980943, 4.82783993873294, 4.751720786359426
flux1:, 1.4259892333686983, 4.792112746777434, 4.8264538419356
flux1:, 1.4269715902393023, 4.652521436906435, 4.779290423274299
flux1:, 1.427953947109906, 4.796402626114596, 4.770530875577312
flux1:, 1.42893630398051, 4.879435712886245, 4.85652760779703
flux1:, 1.429918660851114, 4.711444806721435, 4.845516569464751
flux1:, 1.430901017721718, 4.742184694277118, 4.7955225193691025
flux1:, 1.431883374592322, 4.908224000594072, 4.86370799012366
flux1:, 1.4328657314629258, 4.7988421199902795, 4.900532605662828
flux1:, 1.4338480883335298, 4.708775614465343, 4.838485070044069
flux1:, 1.4348304452041338, 4.881544982528506, 4.866915479206158
flux1:, 1.4358128020747378, 4.887778029492019, 4.942597893709313
flux1:, 1.4367951589453418, 4.726899068606679, 4.9030658271533625
flux1:, 1.4377775158159456, 4.827238934945871, 4.887404449859243
flux1:, 1.4387598726865496, 4.949849640407474, 4.97692185688773
flux1:, 1.4397422295571536, 4.802717658332871, 4.986102162289336
flux1:, 1.4407245864277576, 4.787748842773251, 4.942845175091427
flux1:, 1.4417069432983616, 4.971613049554047, 5.016708556552276
flux1:, 1.4426893001689653, 4.917336824012523, 5.081770804461184
flux1:, 1.4436716570395693, 4.802583674481422, 5.042472361238116
flux1:, 1.4446540139101733, 4.9639546611265075, 5.080557851227291
flux1:, 1.4456363707807773, 5.037782013978314, 5.186704879558338
flux1:, 1.4466187276513813, 4.890993578939697, 5.185080762607274
flux1:, 1.447601084521985, 4.9593764602974675, 5.1867305774993575
flux1:, 1.448583441392589, 5.134525888221438, 5.303650636637558
flux1:, 1.449565798263193, 5.042761160487254, 5.36061038217263
flux1:, 1.450548155133797, 4.9973008403457, 5.346064975462382
flux1:, 1.451530512004401, 5.197165469050816, 5.441515380868907
flux1:, 1.4525128688750049, 5.22195142801954, 5.554631323353536
flux1:, 1.4534952257456089, 5.103207815869678, 5.556150889179074
flux1:, 1.4544775826162128, 5.239724535188579, 5.610885376581422
flux1:, 1.4554599394868168, 5.382775881522148, 5.753665287308716
flux1:, 1.4564422963574208, 5.271479101289056, 5.799366788996504
flux1:, 1.4574246532280246, 5.29112635366142, 5.816133731475611
flux1:, 1.4584070100986286, 5.4903373398923945, 5.94858695503003
flux1:, 1.4593893669692326, 5.4619069851571975, 6.046302425589196
flux1:, 1.4603717238398366, 5.374046818914246, 6.04754202518362
flux1:, 1.4613540807104406, 5.535021886594349, 6.1339907055819
flux1:, 1.4623364375810444, 5.6143184013242315, 6.2639442810389765
flux1:, 1.4633187944516486, 5.483623354951815, 6.278233338941771
flux1:, 1.4643011513222524, 5.531181143378917, 6.303660056682941
flux1:, 1.4652835081928564, 5.67557570339445, 6.425454571535877
flux1:, 1.4662658650634603, 5.580774169842006, 6.469551981753928
flux1:, 1.4672482219340643, 5.499857283254559, 6.445291427869431
flux1:, 1.4682305788046683, 5.623713252340981, 6.516935569521285
flux1:, 1.4692129356752721, 5.607931558338917, 6.584122216587983
flux1:, 1.470195292545876, 5.447281110065549, 6.539147309440479
flux1:, 1.47117764941648, 5.4735074580416185, 6.537843763858407
flux1:, 1.472160006287084, 5.519405257790196, 6.600260475816649
flux1:, 1.473142363157688, 5.35584979862469, 6.563178190664784
flux1:, 1.4741247200282919, 5.260087651730817, 6.495553340242434
flux1:, 1.4751070768988959, 5.306104595301786, 6.519292448284453
flux1:, 1.4760894337694999, 5.195446943407079, 6.502124523587516
flux1:, 1.4770717906401039, 5.013873279540237, 6.398126941443529
flux1:, 1.4780541475107078, 4.997720692291586, 6.361413007388972
flux1:, 1.4790365043813116, 4.946473369297363, 6.354405379859205
flux1:, 1.4800188612519156, 4.746038272713929, 6.249484637592906
flux1:, 1.4810012181225196, 4.643153858037809, 6.1529593388198025
flux1:, 1.4819835749931236, 4.616930730234479, 6.131779719479119
flux1:, 1.4829659318637276, 4.453361352958546, 6.0481465565423
flux1:, 1.4839482887343314, 4.285694177986178, 5.912291695306506
flux1:, 1.4849306456049354, 4.241799986649995, 5.851766701458497
flux1:, 1.4859130024755394, 4.134832958875433, 5.788264831034138
flux1:, 1.4868953593461434, 3.949833249563923, 5.640919456623225
flux1:, 1.4878777162167474, 3.866468078042813, 5.527748383930079
flux1:, 1.4888600730873511, 3.803326650712698, 5.462615835396535
flux1:, 1.4898424299579551, 3.6433650910298345, 5.324456464114934
flux1:, 1.4908247868285591, 3.5256751151229575, 5.163917594316995
flux1:, 1.4918071436991631, 3.480330168203317, 5.069306789319477
flux1:, 1.4927895005697671, 3.3644571246521333, 4.945591672882417
flux1:, 1.4937718574403709, 3.2307130060593505, 4.759717588258981
flux1:, 1.4947542143109749, 3.179186130211167, 4.620335257183716
flux1:, 1.4957365711815789, 3.103529439377232, 4.502783566561912
flux1:, 1.4967189280521829, 2.971017628588436, 4.31947982822439
flux1:, 1.4977012849227869, 2.8971621274817343, 4.14222021696016
flux1:, 1.4986836417933906, 2.8444936137725874, 4.017724728521284
flux1:, 1.4996659986639946, 2.7256867122232826, 3.8562903549938485
flux1:, 1.5006483555345986, 2.6244511474418073, 3.664066190250641
flux1:, 1.5016307124052026, 2.573522743954446, 3.52374909848861
flux1:, 1.5026130692758066, 2.4755055124421697, 3.3873784049280937
flux1:, 1.5035954261464104, 2.3547901421307382, 3.204996398074509
flux1:, 1.5045777830170146, 2.288396609714142, 3.0493242890046464
flux1:, 1.5055601398876184, 2.210448237609068, 2.928928880990261
flux1:, 1.5065424967582224, 2.0868018280849925, 2.772400444157748
flux1:, 1.5075248536288264, 1.998322248306952, 2.61095151438109
flux1:, 1.5085072104994304, 1.9321104789212882, 2.494692807535932
flux1:, 1.5094895673700344, 1.8215457069017822, 2.367984331725536
flux1:, 1.5104719242406381, 1.7165903911231655, 2.2148514077134656
flux1:, 1.5114542811112421, 1.6514207448816007, 2.096036257100526
flux1:, 1.5124366379818461, 1.5620485460359979, 1.9936471853675886
flux1:, 1.5134189948524501, 1.4539178910032264, 1.8612994975909039
flux1:, 1.5144013517230541, 1.3831170705843407, 1.741196075476461
flux1:, 1.515383708593658, 1.3138952996232622, 1.6535553629048616
flux1:, 1.516366065464262, 1.2161698406307173, 1.5482576516807067
flux1:, 1.5173484223348659, 1.1399395745844716, 1.4341278109743376
flux1:, 1.5183307792054699, 1.084475579789667, 1.3529528247129587
flux1:, 1.5193131360760739, 1.0054257932168487, 1.2735445462159947
flux1:, 1.5202954929466777, 0.9292032275923036, 1.1741819100166528
flux1:, 1.5212778498172816, 0.8807402653337376, 1.0957304366262297
flux1:, 1.5222602066878856, 0.8218803616107615, 1.0356500383153764
flux1:, 1.5232425635584896, 0.7524971723533703, 0.9570966560118959
flux1:, 1.5242249204290936, 0.7069880815851372, 0.8825540465506448
flux1:, 1.5252072772996974, 0.6649787153746983, 0.8335459485501125
flux1:, 1.5261896341703014, 0.6074298589022427, 0.7768273440838457
flux1:, 1.5271719910409054, 0.5639681626236407, 0.7104098706448084
flux1:, 1.5281543479115094, 0.5336097499130494, 0.6659836400457737
flux1:, 1.5291367047821134, 0.4897913474084581, 0.6273408602267262
flux1:, 1.5301190616527172, 0.44943100132420344, 0.5734752067529956
flux1:, 1.5311014185233212, 0.42593294162606576, 0.5307794328507145
flux1:, 1.5320837753939252, 0.39507680625054786, 0.5037264120927698
flux1:, 1.5330661322645291, 0.3594238815272141, 0.4646858533093164
flux1:, 1.5340484891351331, 0.33936959550727624, 0.42444669745721386
flux1:, 1.535030846005737, 0.31916577306513305, 0.40244380070995583
flux1:, 1.536013202876341, 0.2895300417622868, 0.3773009816609441
flux1:, 1.536995559746945, 0.2708995333281031, 0.3423179098265185
flux1:, 1.537977916617549, 0.25846363534595485, 0.3209245903902883
flux1:, 1.538960273488153, 0.2356189134621287, 0.3059801447568142
flux1:, 1.5399426303587567, 0.21749786383593714, 0.27909126316426425
flux1:, 1.5409249872293607, 0.20988651731231697, 0.25691136050304886
flux1:, 1.5419073440999647, 0.19409280262190934, 0.24717911624365682
flux1:, 1.5428897009705687, 0.17646980736447204, 0.22960131854945046
flux1:, 1.5438720578411727, 0.17089931583859366, 0.20790352480392713
flux1:, 1.5448544147117764, 0.16185372956695115, 0.19892281067431675
flux1:, 1.5458367715823806, 0.1455384371526621, 0.18955684099209485
flux1:, 1.5468191284529844, 0.13961171250966015, 0.17093996330570918
flux1:, 1.5478014853235884, 0.13624686455380608, 0.160178160568771
flux1:, 1.5487838421941924, 0.12269848551814531, 0.15601624387800134
flux1:, 1.5497661990647964, 0.11481463471552292, 0.1427720209876237
flux1:, 1.5507485559354004, 0.11513181151564938, 0.13012138707698293
flux1:, 1.5517309128060042, 0.10598227232231322, 0.12746329528039727
flux1:, 1.5527132696766082, 0.09583268866127032, 0.12031962461222763
flux1:, 1.5536956265472122, 0.09707276885863378, 0.10757815697596444
flux1:, 1.5546779834178162, 0.09333914944986109, 0.10347742077900904
flux1:, 1.5556603402884202, 0.08216192689080255, 0.10119791492375764
flux1:, 1.556642697159024, 0.08149713824072619, 0.09082499786749819
flux1:, 1.557625054029628, 0.08278014272861232, 0.08412955850145137
flux1:, 1.558607410900232, 0.0730129472758636, 0.08407506794309598
flux1:, 1.559589767770836, 0.06861728427787449, 0.07779733531347617
flux1:, 1.56057212464144, 0.07278427554729285, 0.06933773834819122
flux1:, 1.5615544815120437, 0.06700988272554172, 0.06868326188339764
flux1:, 1.5625368383826477, 0.05899678239763218, 0.06658574394151184
flux1:, 1.5635191952532517, 0.06275387301558255, 0.058446806449343136
flux1:, 1.5645015521238557, 0.06230129883701118, 0.05544688799411962
flux1:, 1.5654839089944597, 0.05287151066518893, 0.05596561857466344
flux1:, 1.5664662658650634, 0.05316917837973609, 0.050218459479525364
flux1:, 1.5674486227356674, 0.057139323965129635, 0.04487832813694251
flux1:, 1.5684309796062714, 0.049592092169405334, 0.04566525607491552
flux1:, 1.5694133364768754, 0.04518754840478748, 0.0432265456554269
flux1:, 1.5703956933474794, 0.050635185442598235, 0.03703791039125443
flux1:, 1.5713780502180832, 0.04760996328137989, 0.036195383234125016
flux1:, 1.5723604070886872, 0.0397987004834779, 0.036420197582736256
flux1:, 1.5733427639592912, 0.043161156762451705, 0.0313471399192353
flux1:, 1.5743251208298952, 0.04512296941672515, 0.028318871503847796
flux1:, 1.5753074777004992, 0.037047521522811246, 0.02949905011204274
flux1:, 1.576289834571103, 0.036031330964260595, 0.02683744328315196
flux1:, 1.577272191441707, 0.04099117405618662, 0.022476200812069625
flux1:, 1.578254548312311, 0.03587546355368687, 0.022865936955058588
flux1:, 1.579236905182915, 0.030619152435060935, 0.022633439138232243
flux1:, 1.580219262053519, 0.03528309472989314, 0.01850307394232461
flux1:, 1.5812016189241227, 0.03469273239446945, 0.017216324612570617
flux1:, 1.5821839757947267, 0.027506679360351914, 0.018336096227645024
flux1:, 1.5831663326653307, 0.029088856710381243, 0.01575470990120735
flux1:, 1.5841486895359347, 0.03225446576542802, 0.013052998273920225
flux1:, 1.5851310464065387, 0.026204250072962443, 0.014087792627766212
flux1:, 1.5861134032771425, 0.023784037297752317, 0.013480195865908729
flux1:, 1.5870957601477467, 0.02825348554640384, 0.010409431467703702
flux1:, 1.5880781170183504, 0.025525338097467216, 0.010341736695162734
flux1:, 1.5890604738889544, 0.02025827867614792, 0.011179302020453157
flux1:, 1.5900428307595584, 0.023325941830335675, 0.008880453068611013
flux1:, 1.5910251876301624, 0.02428085867374905, 0.007523860416035273
flux1:, 1.5920075445007664, 0.018538428533514124, 0.008754932325305064
flux1:, 1.5929899013713702, 0.018577341813698526, 0.007868184892427374
flux1:, 1.5939722582419742, 0.02185367191584751, 0.005784519247299322
flux1:, 1.5949546151125782, 0.017916131549567185, 0.0064339828530470015
flux1:, 1.5959369719831822, 0.014970214215370243, 0.006868675258027799
flux1:, 1.5969193288537862, 0.018387921015995467, 0.0049398578356700884
flux1:, 1.59790168572439, 0.017404245784127956, 0.004551868650163616
flux1:, 1.598884042594994, 0.01289843193886115, 0.005653755764762503
flux1:, 1.599866399465598, 0.014585553115666006, 0.004586681073986846
flux1:, 1.600848756336202, 0.016233932732726202, 0.003334911427085034
flux1:, 1.601831113206806, 0.012104019490854068, 0.00428928163410137
flux1:, 1.6028134700774097, 0.011287266647796071, 0.004299730876671784
flux1:, 1.6037958269480137, 0.014157509202212664, 0.002781908542408996
flux1:, 1.6047781838186177, 0.011900846809123414, 0.0030183179381436435
flux1:, 1.6057605406892217, 0.009069031441538365, 0.003805046486700344
flux1:, 1.6067428975598257, 0.011463084128945106, 0.0026781701245654427
flux1:, 1.6077252544304295, 0.011544801475253266, 0.0020901583823096513
flux1:, 1.6087076113010335, 0.008026828715663124, 0.0030566195188137884
flux1:, 1.6096899681716375, 0.008751234293853646, 0.002709735469693794
flux1:, 1.6106723250422414, 0.010562739122064986, 0.0016221087094175103
flux1:, 1.6116546819128454, 0.007806716281917146, 0.0022000027865198275
flux1:, 1.6126370387834492, 0.006613774370168669, 0.0026079657312743933
flux1:, 1.6136193956540532, 0.008907529328798309, 0.001549608294450266
flux1:, 1.6146017525246572, 0.007824057647651766, 0.001458354853522633
flux1:, 1.6155841093952612, 0.005368938376752593, 0.002253887403716758
flux1:, 1.6165664662658652, 0.006903328632923061, 0.0016718650127833478
flux1:, 1.617548823136469, 0.007547333829955788, 0.0010040891907381712
flux1:, 1.618531180007073, 0.004957023111450926, 0.0017007362652081577
flux1:, 1.619513536877677, 0.005038511923732796, 0.0017570455989702114
flux1:, 1.620495893748281, 0.006715448893517725, 0.0008760204319500463
flux1:, 1.621478250618885, 0.0050169043152604245, 0.0011155144802399352
flux1:, 1.6224606074894887, 0.0037186112308410357, 0.0016496158056070334
flux1:, 1.6234429643600927, 0.005404975445706254, 0.000973410569329389
flux1:, 1.6244253212306967, 0.005084291170166259, 0.0006769340986248627
flux1:, 1.6254076781013007, 0.0030926063912044477, 0.0013287566441939696
flux1:, 1.6263900349719047, 0.00393928588810808, 0.0011193153978423802
flux1:, 1.6273723918425085, 0.00480803207394222, 0.00048303754465385383
flux1:, 1.6283547487131127, 0.003019213097276664, 0.0008955158948662742
flux1:, 1.6293371055837165, 0.002701306856689235, 0.0011538948690957168
flux1:, 1.6303194624543205, 0.00408572297702011, 0.000511598135013649
flux1:, 1.6313018193249245, 0.003169607564105667, 0.0005030510851010276
flux1:, 1.6322841761955285, 0.0019469516147256353, 0.00100791766422038
flux1:, 1.6332665330661325, 0.0030677961745311645, 0.0006462517792900216
flux1:, 1.6342488899367362, 0.0032016853193439928, 0.0002711761102316085
flux1:, 1.6352312468073402, 0.0017044544820744782, 0.0007216712404467743
flux1:, 1.6362136036779442, 0.002045527145328249, 0.0007468718567252881
flux1:, 1.6371959605485482, 0.002915445809684428, 0.00023031834976836054
flux1:, 1.6381783174191522, 0.0017947200017271333, 0.00040627622054294275
flux1:, 1.639160674289756, 0.0012910060472370434, 0.0007220831110595742
flux1:, 1.64014303116036, 0.002318846179197668, 0.0003197373429986117
flux1:, 1.641125388030964, 0.0019459395060920652, 0.0001751664247361082
flux1:, 1.642107744901568, 0.000931730862679222, 0.0005656782693258762
flux1:, 1.643090101772172, 0.0015855524232828203, 0.0004329063791899997
flux1:, 1.6440724586427757, 0.001933464596183718, 8.601335992132758e-05
flux1:, 1.6450548155133797, 0.0009147007200897447, 0.00034331192343903434
flux1:, 1.6460371723839837, 0.0009415858473772998, 0.0004784835937338967
flux1:, 1.6470195292545877, 0.0016731435488488967, 0.00012185657342244667
flux1:, 1.6480018861251917, 0.0010627221221583703, 0.0001450031704048293
flux1:, 1.6489842429957955, 0.0005477492531777594, 0.0004219135235548011
flux1:, 1.6499665998663995, 0.0012306038812822172, 0.00021406415849970325
flux1:, 1.6509489567370035, 0.0011791523235852026, 3.49039264534419e-05
flux1:, 1.6519313136076075, 0.0004358956895059628, 0.00028965044719003394
flux1:, 1.6529136704782115, 0.0007575742330417322, 0.000286567645570212
flux1:, 1.6538960273488152, 0.0011407096016965601, 2.5066545838535734e-05
flux1:, 1.6548783842194192, 0.0005195307686572824, 0.000141892846674432
flux1:, 1.6558607410900232, 0.0004009577869493094, 0.0002937754976801575
flux1:, 1.6568430979606272, 0.0009357178234597095, 8.121760664255687e-05
flux1:, 1.6578254548312312, 0.0006579008238101375, 3.5154962860144855e-05
flux1:, 1.658807811701835, 0.00023461251744643228, 0.00023440760482186046
flux1:, 1.659790168572439, 0.0006414684542388018, 0.00014977771196131664
flux1:, 1.660772525443043, 0.0007306484259289608, -3.981993805058944e-06
flux1:, 1.661754882313647, 0.00024133486479844925, 0.00014050686788611588
flux1:, 1.662737239184251, 0.00036594545338403816, 0.00018723955361776382
flux1:, 1.6637195960548548, 0.0006850273119058106, 1.6010898323765893e-05
flux1:, 1.6647019529254587, 0.0003413004821218008, 5.364604491385776e-05
flux1:, 1.6656843097960627, 0.0001903118525861323, 0.00017705586295861832
flux1:, 1.6666666666666667, 0.0005405386933868463, 6.426760756164458e-05
