flux1:, 1.1764705882352942, 0.00023576358023709093, 7.56607102357459e-05
flux1:, 1.1774529451058982, 0.0004652095789875231, 0.00011745709710987679
flux1:, 1.1784353019765021, 4.7653673548266836e-05, 0.00031671762243733913
flux1:, 1.179417658847106, 8.943917558668635e-05, 0.00018765906208401505
flux1:, 1.18040001571771, 0.000588294106590806, 9.509753071800889e-05
flux1:, 1.181382372588314, 0.00025531068181192324, 0.00035053295498943375
flux1:, 1.182364729458918, -6.592996636389903e-05, 0.00035162024129459
flux1:, 1.183347086329522, 0.0005858882891875155, 0.00012914929189251833
flux1:, 1.1843294432001257, 0.0006108485073886025, 0.0003332325165621641
flux1:, 1.1853118000707297, -9.759889988546775e-05, 0.0005257682511162823
flux1:, 1.1862941569413337, 0.00039328429377737594, 0.00025797004923666525
flux1:, 1.1872765138119377, 0.0010077478346486146, 0.0002891386964675263
flux1:, 1.1882588706825417, 0.00016383109301629776, 0.0006462249416053492
flux1:, 1.1892412275531457, 6.909354188762461e-05, 0.00047955802453610074
flux1:, 1.1902235844237494, 0.0012213743208234781, 0.0002779004821572257
flux1:, 1.1912059412943534, 0.0007874201873398185, 0.0006667275324598037
flux1:, 1.1921882981649574, -0.00013366276183789024, 0.0007335909578614794
flux1:, 1.1931706550355614, 0.0010448517113198323, 0.00036125443973413754
flux1:, 1.1941530119061654, 0.001581664522414801, 0.0006055139106180024
flux1:, 1.1951353687767692, 0.0001276918728545053, 0.0009412520552094015
flux1:, 1.1961177256473732, 0.0005264244344028307, 0.0005637041948758039
flux1:, 1.1971000825179772, 0.002119620111963333, 0.0005466263531127013
flux1:, 1.1980824393885812, 0.0010025670475566483, 0.0010815083013610244
flux1:, 1.1990647962591852, 6.466456000677574e-05, 0.0008910616303251242
flux1:, 1.200047153129789, 0.002011017636867313, 0.0006003645419492528
flux1:, 1.201029510000393, 0.0022093547562435432, 0.0012135940092789443
flux1:, 1.202011866870997, 0.0002081066852330452, 0.0013946644176771196
flux1:, 1.202994223741601, 0.0012286790848452273, 0.0009043751288728609
flux1:, 1.203976580612205, 0.0030003510732807934, 0.001409873809955799
flux1:, 1.2049589374828087, 0.001173481967835685, 0.0021166346732791374
flux1:, 1.2059412943534127, 0.0003268441115451121, 0.0016218534196456476
flux1:, 1.2069236512240167, 0.002586783117709248, 0.0016741084004930924
flux1:, 1.2079060080946207, 0.0022496562232869424, 0.002780523199820312
flux1:, 1.2088883649652247, 9.439595885390663e-05, 0.002643793850287734
flux1:, 1.2098707218358287, 0.0012932948578763448, 0.00198893913985378
flux1:, 1.2108530787064324, 0.002440407921883193, 0.0029028870452137553
flux1:, 1.2118354355770364, 0.00048363821375072566, 0.00341983381017012
flux1:, 1.2128177924476404, 0.00029231177718577024, 0.0024089700903806364
flux1:, 1.2138001493182444, 0.001954869765006534, 0.002597595206011529
flux1:, 1.2147825061888484, 0.000923958026122991, 0.003654414485671289
flux1:, 1.2157648630594522, -0.00010129663439706305, 0.0029457831513563116
flux1:, 1.2167472199300562, 0.0014199919165096284, 0.0023450305804810765
flux1:, 1.2177295768006602, 0.0012648876243991408, 0.0034991400324236328
flux1:, 1.2187119336712642, -0.0001519128504033889, 0.003516017042007618
flux1:, 1.2196942905418682, 0.001003353625136523, 0.0024239728714998063
flux1:, 1.220676647412472, 0.0015945756964520135, 0.0032018790479501065
flux1:, 1.221659004283076, -6.571050470080916e-07, 0.004017160235797482
flux1:, 1.22264136115368, 0.0006340860668688998, 0.002903459600556358
flux1:, 1.223623718024284, 0.0019471758331147798, 0.002987352916204675
flux1:, 1.224606074894888, 0.00038957291319008657, 0.004385511730996621
flux1:, 1.2255884317654917, 0.00026594262149243046, 0.0037505590708140075
flux1:, 1.2265707886360957, 0.002259586544040339, 0.003068410768955258
flux1:, 1.2275531455066997, 0.0011224299410494442, 0.004631652425967019
flux1:, 1.2285355023773037, -2.611513065519236e-05, 0.004888227824285599
flux1:, 1.2295178592479077, 0.002417923665184009, 0.003658975007352277
flux1:, 1.2305002161185117, 0.002290685936092455, 0.004874783166127555
flux1:, 1.2314825729891155, -6.885620875978325e-06, 0.006238509151104838
flux1:, 1.2324649298597194, 0.0023299198459899527, 0.00498203495613663
flux1:, 1.2334472867303234, 0.0039386117195285035, 0.005389075915683939
flux1:, 1.2344296436009274, 0.0007710560318337778, 0.007785942015339665
flux1:, 1.2354120004715314, 0.0020443208403342615, 0.007295283760867979
flux1:, 1.2363943573421352, 0.006054445036026123, 0.006686610279155859
flux1:, 1.2373767142127392, 0.00308706871128552, 0.009694017292039064
flux1:, 1.2383590710833432, 0.0020233372485439706, 0.010961231925101273
flux1:, 1.2393414279539472, 0.00861054810479969, 0.009688545313392076
flux1:, 1.2403237848245512, 0.008299494889344542, 0.012530517944362505
flux1:, 1.241306141695155, 0.0038847465748360244, 0.016534733139218494
flux1:, 1.242288498565759, 0.01174407813862598, 0.0159605937310959
flux1:, 1.243270855436363, 0.01844953600185743, 0.017561120838882047
flux1:, 1.244253212306967, 0.012070930070625104, 0.024236639025273794
flux1:, 1.245235569177571, 0.016236807882339558, 0.026570457531691495
flux1:, 1.2462179260481747, 0.032671233738832545, 0.025324354194329858
flux1:, 1.2472002829187787, 0.031246314423259456, 0.029495519192008726
flux1:, 1.2481826397893827, 0.022658762376953814, 0.03294043941302927
flux1:, 1.2491649966599867, 0.03469004434270315, 0.0275115093478146
flux1:, 1.2501473535305907, 0.04242100880783724, 0.02222487161902036
flux1:, 1.2511297104011945, 0.02642769324740117, 0.022316608585034894
flux1:, 1.2521120672717985, 0.02092802841761404, 0.01886464307066199
flux1:, 1.2530944241424025, 0.03209018402272231, 0.012076580020019441
flux1:, 1.2540767810130065, 0.025693596250980198, 0.010557986171984507
flux1:, 1.2550591378836105, 0.012370423669666116, 0.010808276959674045
flux1:, 1.2560414947542144, 0.019270592791555834, 0.007161277171822417
flux1:, 1.2570238516248182, 0.02306887050667857, 0.005034264859556076
flux1:, 1.2580062084954222, 0.01071554358811665, 0.006235664829899389
flux1:, 1.2589885653660262, 0.01078615967182347, 0.005149988078332562
flux1:, 1.2599709222366302, 0.019502764855291527, 0.0031010086579174594
flux1:, 1.2609532791072342, 0.012105808562631496, 0.003907000867567798
flux1:, 1.261935635977838, 0.0064211842602866715, 0.004227008536187682
flux1:, 1.262917992848442, 0.015374665006932034, 0.002721854355350612
flux1:, 1.263900349719046, 0.014148963165981713, 0.002914665265459311
flux1:, 1.26488270658965, 0.005306585425415703, 0.0037799217925525612
flux1:, 1.265865063460254, 0.01121492921319069, 0.002963597626751801
flux1:, 1.266847420330858, 0.015546720265887692, 0.0027599602621979657
flux1:, 1.2678297772014617, 0.006614887611787749, 0.00367043199124125
flux1:, 1.2688121340720657, 0.007720577947994169, 0.0034428300004864364
flux1:, 1.2697944909426697, 0.01566875392889703, 0.003131672592697544
flux1:, 1.2707768478132737, 0.009452945609119428, 0.0038964124248736308
flux1:, 1.2717592046838777, 0.00559370851872462, 0.004048092556370603
flux1:, 1.2727415615544815, 0.01442720434232529, 0.0038208720629223703
flux1:, 1.2737239184250855, 0.012838274610836286, 0.004461334065908257
flux1:, 1.2747062752956895, 0.005342302287092735, 0.004804718132424948
flux1:, 1.2756886321662935, 0.012218167753670538, 0.004705997894645862
flux1:, 1.2766709890368975, 0.01580977969214423, 0.005333999664894518
flux1:, 1.2776533459075012, 0.007109687462717026, 0.005790856673302292
flux1:, 1.2786357027781052, 0.009811092564111754, 0.005754691162745977
flux1:, 1.2796180596487092, 0.01761658159455741, 0.006455163141542865
flux1:, 1.2806004165193132, 0.01058909568295065, 0.007077864225454156
flux1:, 1.2815827733899172, 0.008153653284007226, 0.0070162429591816315
flux1:, 1.282565130260521, 0.017909815360275694, 0.007769278377531114
flux1:, 1.283547487131125, 0.015061952023262232, 0.008693728213711786
flux1:, 1.284529844001729, 0.008115887767960649, 0.008595597169064387
flux1:, 1.285512200872333, 0.016862840675883638, 0.009263389818247253
flux1:, 1.286494557742937, 0.019566073657857386, 0.010613903746732524
flux1:, 1.2874769146135407, 0.010233955762672615, 0.010611878708731204
flux1:, 1.2884592714841447, 0.015164125750697336, 0.01099648378856496
flux1:, 1.2894416283547487, 0.02315988793520507, 0.012780608789958726
flux1:, 1.2904239852253527, 0.01452839732359514, 0.013152711825223588
flux1:, 1.2914063420959567, 0.013863482070175888, 0.01310632100607565
flux1:, 1.2923886989665605, 0.02521366653918417, 0.015144538704566123
flux1:, 1.2933710558371645, 0.02046071464734023, 0.016239507586638606
flux1:, 1.2943534127077685, 0.014098337398202451, 0.01578782425649388
flux1:, 1.2953357695783725, 0.025641314001823453, 0.017715787359968024
flux1:, 1.2963181264489765, 0.027057573079664513, 0.019817698587266088
flux1:, 1.2973004833195805, 0.016769189979046296, 0.01924632485564012
flux1:, 1.2982828401901843, 0.024994572804694335, 0.020606407439534433
flux1:, 1.2992651970607882, 0.033182988489952076, 0.023779887526248444
flux1:, 1.3002475539313922, 0.02225811534869469, 0.023638180918884786
flux1:, 1.3012299108019962, 0.024376050793309602, 0.024047375635992244
flux1:, 1.3022122676726002, 0.037890354202303966, 0.028020305574038194
flux1:, 1.303194624543204, 0.030281263214218878, 0.02901771459419982
flux1:, 1.304176981413808, 0.025179995073034755, 0.028368387408178777
flux1:, 1.305159338284412, 0.040754363846472894, 0.03250850488132975
flux1:, 1.306141695155016, 0.039933927154417334, 0.03531121387657258
flux1:, 1.30712405202562, 0.028725005717106292, 0.03393922443048439
flux1:, 1.308106408896224, 0.042079521311986716, 0.037361369316525964
flux1:, 1.3090887657668278, 0.04993166562800461, 0.042333799886346495
flux1:, 1.3100711226374318, 0.03588303126458588, 0.04108381706191666
flux1:, 1.3110534795080357, 0.042912080101901694, 0.04288892496761203
flux1:, 1.3120358363786397, 0.05898990257582253, 0.04985472654651644
flux1:, 1.3130181932492437, 0.04681988615800475, 0.04999006643597875
flux1:, 1.3140005501198475, 0.04483939183717082, 0.04959295422460836
flux1:, 1.3149829069904515, 0.06623572235545706, 0.057701951636795354
flux1:, 1.3159652638610555, 0.06093653870394038, 0.060645309894486
flux1:, 1.3169476207316595, 0.04962953209766806, 0.058108956545903916
flux1:, 1.3179299776022635, 0.07152766293552658, 0.06588205295913967
flux1:, 1.3189123344728673, 0.07704235965155763, 0.0728262652155262
flux1:, 1.3198946913434713, 0.05882433285006944, 0.06910061124300187
flux1:, 1.3208770482140753, 0.0755827312719868, 0.07468157564446302
flux1:, 1.3218594050846793, 0.09371620823060609, 0.08616097299028012
flux1:, 1.3228417619552832, 0.0734303630786557, 0.08313846377801877
flux1:, 1.323824118825887, 0.07987419630586441, 0.08471687821696361
flux1:, 1.324806475696491, 0.10974127656609223, 0.10025909510257196
flux1:, 1.325788832567095, 0.09384358159663075, 0.10061688360844624
flux1:, 1.326771189437699, 0.08635936260441106, 0.0969183703979244
flux1:, 1.327753546308303, 0.12445886523785873, 0.1148790842225364
flux1:, 1.3287359031789068, 0.12009684172700175, 0.12178217683827593
flux1:, 1.3297182600495108, 0.09721131853616734, 0.11248208653586436
flux1:, 1.3307006169201148, 0.13789286601911724, 0.13007281025592177
flux1:, 1.3316829737907188, 0.15245878798380527, 0.14696328920908944
flux1:, 1.3326653306613228, 0.11487210501764832, 0.1329229817479694
flux1:, 1.3336476875319265, 0.15056108523702721, 0.1462316229736911
flux1:, 1.3346300444025305, 0.1923961820921631, 0.17714026320335532
flux1:, 1.3356124012731345, 0.14301736472691165, 0.16061378495307707
flux1:, 1.3365947581437385, 0.1630242006038584, 0.16397811165716444
flux1:, 1.3375771150143425, 0.24408590970981933, 0.2151582772909265
flux1:, 1.3385594718849465, 0.18989686235388276, 0.20098723828429124
flux1:, 1.3395418287555503, 0.17552952844793496, 0.18401209120669576
flux1:, 1.3405241856261543, 0.317560064149593, 0.2686525794767118
flux1:, 1.3415065424967583, 0.27934329186378626, 0.27094035553134044
flux1:, 1.3424888993673623, 0.18935343896700157, 0.20801927458783495
flux1:, 1.3434712562379663, 0.4390116785601183, 0.35965219479072996
flux1:, 1.34445361310857, 0.49695556986236045, 0.4376529139872114
flux1:, 1.345435969979174, 0.22071396126450207, 0.25001262338950264
flux1:, 1.346418326849778, 0.7054414217872903, 0.5747975422114732
flux1:, 1.347400683720382, 1.3080696518273554, 1.1030691891809519
flux1:, 1.348383040590986, 0.4746547292476, 0.4952579537969967
flux1:, 1.34936539746159, 1.9406983372182902, 1.6831507833837112
flux1:, 1.3503477543321938, 11.268797292947989, 10.326623831328899
flux1:, 1.3513301112027978, 23.196297920453322, 22.77214213330663
flux1:, 1.3523124680734018, 24.620430760996197, 25.741697871890537
flux1:, 1.3532948249440058, 13.811313502150549, 15.236723911624484
flux1:, 1.3542771818146098, 3.2627438443954677, 3.6621252871146557
flux1:, 1.3552595386852135, 0.827692536525437, 0.9488187480486209
flux1:, 1.3562418955558175, 1.8581146937463302, 2.445345999367089
flux1:, 1.3572242524264215, 1.3521522592804738, 1.7489432553026623
flux1:, 1.3582066092970255, 0.5988560200170172, 0.665088006214463
flux1:, 1.3591889661676295, 0.8978434639552432, 1.275544686156596
flux1:, 1.3601713230382333, 0.981448827371021, 1.4289841603712816
flux1:, 1.3611536799088373, 0.6418468858372381, 0.7420239827367694
flux1:, 1.3621360367794413, 0.6886263383367989, 0.9405494354025272
flux1:, 1.3631183936500453, 0.8391549060860123, 1.3351354548707224
flux1:, 1.3641007505206493, 0.7116640284789588, 0.9054589371229813
flux1:, 1.365083107391253, 0.672875331617037, 0.8339309125012128
flux1:, 1.366065464261857, 0.7804993359377919, 1.3001550315104624
flux1:, 1.367047821132461, 0.77228451629472, 1.1155633089750072
flux1:, 1.368030178003065, 0.7362056401526288, 0.84903325933261
flux1:, 1.369012534873669, 0.7785144502472452, 1.282030252910696
flux1:, 1.3699948917442728, 0.8151318646915151, 1.3591595843357696
flux1:, 1.3709772486148768, 0.8315202114236991, 0.9699616281534118
flux1:, 1.3719596054854808, 0.8304086916817464, 1.2722696520077592
flux1:, 1.3729419623560848, 0.8438508379569434, 1.631846225595593
flux1:, 1.3739243192266888, 0.9242661192810382, 1.216773299834408
flux1:, 1.3749066760972926, 0.9341360340781502, 1.2803127559728418
flux1:, 1.3758890329678966, 0.873596308849689, 1.9455552481594265
flux1:, 1.3768713898385005, 0.9824945721733309, 1.6639200325653658
flux1:, 1.3778537467091045, 1.0733227418950648, 1.3379250414615955
flux1:, 1.3788361035797085, 0.9383068878877017, 2.3769185518489753
flux1:, 1.3798184604503125, 1.011910891039959, 2.646884027619909
flux1:, 1.3808008173209163, 1.1979322892074362, 1.578468156394371
flux1:, 1.3817831741915203, 1.244671312518625, 3.5546445448124806
flux1:, 1.3827655310621243, 3.127417115205039, 9.149228883383872
flux1:, 1.3837478879327283, 8.115147181516274, 11.545627036045143
flux1:, 1.3847302448033323, 11.685292047862132, 7.63152437731641
flux1:, 1.3857126016739363, 8.957619831730186, 2.90270986719263
flux1:, 1.38669495854454, 3.5462689423431826, 1.5969792317014104
flux1:, 1.387677315415144, 2.0046430306142793, 1.766576793179101
flux1:, 1.388659672285748, 3.307101267837141, 1.557336153756033
flux1:, 1.389642029156352, 3.074619933254601, 1.7050045771726634
flux1:, 1.390624386026956, 2.1510240529388938, 2.1048358287429725
flux1:, 1.3916067428975598, 2.707449212747404, 2.03171982536506
flux1:, 1.3925890997681638, 3.151128107633197, 2.0283982299709957
flux1:, 1.3935714566387678, 2.5647362209958042, 2.3921357075092593
flux1:, 1.3945538135093718, 2.6511386667372734, 2.4928519931618034
flux1:, 1.3955361703799758, 3.2819416191583857, 2.432193148970402
flux1:, 1.3965185272505796, 3.061759038460053, 2.692592330463121
flux1:, 1.3975008841211836, 2.8464291439477365, 2.917772449917561
flux1:, 1.3984832409917876, 3.4147712144073266, 2.888407082184199
flux1:, 1.3994655978623916, 3.5603261765324485, 3.0375837568103328
flux1:, 1.4004479547329955, 3.2281948704237116, 3.3157814745965135
flux1:, 1.4014303116035993, 3.5693032558241877, 3.367241083480725
flux1:, 1.4024126684742033, 3.9948755698450964, 3.4332752731133396
flux1:, 1.4033950253448073, 3.7395231912270566, 3.6953176447970644
flux1:, 1.4043773822154113, 3.7874164780860182, 3.834301772606781
flux1:, 1.4053597390860153, 4.323406618312075, 3.8625869767395495
flux1:, 1.406342095956619, 4.293710026094523, 4.058806405879538
flux1:, 1.407324452827223, 4.100475357831867, 4.254471135008869
flux1:, 1.408306809697827, 4.541431331850839, 4.2874878931424245
flux1:, 1.409289166568431, 4.781440401522915, 4.397656054969771
flux1:, 1.410271523439035, 4.4986206381407365, 4.5968848208874995
flux1:, 1.4112538803096388, 4.683216008860323, 4.657061691432659
flux1:, 1.4122362371802428, 5.1046884887696855, 4.689998581405775
flux1:, 1.4132185940508468, 4.915600224760121, 4.839534080878595
flux1:, 1.4142009509214508, 4.80149838086659, 4.922129724603606
flux1:, 1.4151833077920548, 5.218847697903001, 4.905143298951999
flux1:, 1.4161656646626586, 5.2456660482776805, 4.972406735458121
flux1:, 1.4171480215332626, 4.932180531030931, 5.051967422617059
flux1:, 1.4181303784038666, 5.154979718420087, 5.015196965633955
flux1:, 1.4191127352744706, 5.392125821747722, 4.998416693511534
flux1:, 1.4200950921450746, 5.066747555621176, 5.045000058388297
flux1:, 1.4210774490156786, 5.001529067878061, 5.00853760543109
flux1:, 1.4220598058862823, 5.320499846289731, 4.93201908140929
flux1:, 1.4230421627568863, 5.155235298913731, 4.927488485921163
flux1:, 1.4240245196274903, 4.85367544348218, 4.897040119782824
flux1:, 1.4250068764980943, 5.079589011546372, 4.796135646611509
flux1:, 1.4259892333686983, 5.1403930217552505, 4.741753112881325
flux1:, 1.4269715902393023, 4.7645495232271085, 4.712849718257842
flux1:, 1.427953947109906, 4.775892610116228, 4.61837600614375
flux1:, 1.42893630398051, 4.9988216439392925, 4.5317310117278495
flux1:, 1.429918660851114, 4.729373208807532, 4.497703427404169
flux1:, 1.430901017721718, 4.5206210774210485, 4.4273964351529385
flux1:, 1.431883374592322, 4.761339164630223, 4.333170654590464
flux1:, 1.4328657314629258, 4.7063596115738715, 4.291524140961682
flux1:, 1.4338480883335298, 4.382937240759192, 4.249879153357689
flux1:, 1.4348304452041338, 4.502407045177952, 4.170597172046637
flux1:, 1.4358128020747378, 4.6544284837642405, 4.125190509904521
flux1:, 1.4367951589453418, 4.371800651873417, 4.108343685560029
flux1:, 1.4377775158159456, 4.308269211204354, 4.058862429238973
flux1:, 1.4387598726865496, 4.5634375533642295, 4.018402889454954
flux1:, 1.4397422295571536, 4.448382225742253, 4.019847772963144
flux1:, 1.4407245864277576, 4.242117605703577, 4.006101287701547
flux1:, 1.4417069432983616, 4.462814491853068, 3.9809393897827876
flux1:, 1.4426893001689653, 4.556675372205322, 3.9955020610383274
flux1:, 1.4436716570395693, 4.322091628586715, 4.016088051176742
flux1:, 1.4446540139101733, 4.407868984562987, 4.015110031789296
flux1:, 1.4456363707807773, 4.655439695152187, 4.0405816950998865
flux1:, 1.4466187276513813, 4.519843202586566, 4.0894414811317255
flux1:, 1.447601084521985, 4.452948404688843, 4.117955954723052
flux1:, 1.448583441392589, 4.737428066579182, 4.154943121225006
flux1:, 1.449565798263193, 4.778233586318167, 4.223968399055677
flux1:, 1.450548155133797, 4.625049212910605, 4.282711158320275
flux1:, 1.451530512004401, 4.828928757999143, 4.3335137956166125
flux1:, 1.4525128688750049, 5.039111384731578, 4.414637824623096
flux1:, 1.4534952257456089, 4.910336485484243, 4.499719663927166
flux1:, 1.4544775826162128, 4.971608655260508, 4.566817415788765
flux1:, 1.4554599394868168, 5.268199541040116, 4.653552582557027
flux1:, 1.4564422963574208, 5.259790468014713, 4.75723628888564
flux1:, 1.4574246532280246, 5.196654691088448, 4.841714583205733
flux1:, 1.4584070100986286, 5.465699748371906, 4.930105473148205
flux1:, 1.4593893669692326, 5.610961866470386, 5.042391743428042
flux1:, 1.4603717238398366, 5.504817792543234, 5.142609633219264
flux1:, 1.4613540807104406, 5.658356250612302, 5.2314089839850535
flux1:, 1.4623364375810444, 5.914675113482869, 5.3422697740515925
flux1:, 1.4633187944516486, 5.862760488884202, 5.453188535828457
flux1:, 1.4643011513222524, 5.878360478273623, 5.543057614908838
flux1:, 1.4652835081928564, 6.153059005471595, 5.644784417492902
flux1:, 1.4662658650634603, 6.217141347231306, 5.758379293330271
flux1:, 1.4672482219340643, 6.1412897805503555, 5.850226574216608
flux1:, 1.4682305788046683, 6.3403935223420875, 5.939045663230229
flux1:, 1.4692129356752721, 6.5181024975483, 6.045911006653116
flux1:, 1.470195292545876, 6.435011359218027, 6.13896545662501
flux1:, 1.47117764941648, 6.508029851297554, 6.215150622260439
flux1:, 1.472160006287084, 6.739204336142757, 6.306846243982229
flux1:, 1.473142363157688, 6.724391374396126, 6.397354966074186
flux1:, 1.4741247200282919, 6.68296836602292, 6.463634695494246
flux1:, 1.4751070768988959, 6.883931568728138, 6.534828833108334
flux1:, 1.4760894337694999, 6.967500206335472, 6.616091242792363
flux1:, 1.4770717906401039, 6.8717174716535405, 6.674943120379211
flux1:, 1.4780541475107078, 6.977060942546018, 6.724332211369147
flux1:, 1.4790365043813116, 7.133445146206356, 6.788162306391485
flux1:, 1.4800188612519156, 7.056518286290764, 6.8391723987809065
flux1:, 1.4810012181225196, 7.047024590385964, 6.868622451637882
flux1:, 1.4819835749931236, 7.212550276068305, 6.9075971576204775
flux1:, 1.4829659318637276, 7.203621298986241, 6.946109002712396
flux1:, 1.4839482887343314, 7.1087660532514025, 6.958285417649651
flux1:, 1.4849306456049354, 7.2148364479760465, 6.96770433329713
flux1:, 1.4859130024755394, 7.277536312556676, 6.985458059161922
flux1:, 1.4868953593461434, 7.154751049631341, 6.981015064302875
flux1:, 1.4878777162167474, 7.159027677998499, 6.959622974740177
flux1:, 1.4888600730873511, 7.253561630296154, 6.947228659888302
flux1:, 1.4898424299579551, 7.1568762644341, 6.923023255559508
flux1:, 1.4908247868285591, 7.058467416857162, 6.872202949487615
flux1:, 1.4918071436991631, 7.123304065271897, 6.822465993830797
flux1:, 1.4927895005697671, 7.077055844049321, 6.771971421375819
flux1:, 1.4937718574403709, 6.911023525782413, 6.693985163663369
flux1:, 1.4947542143109749, 6.892378498576702, 6.604645644372373
flux1:, 1.4957365711815789, 6.881539545215757, 6.520718786035135
flux1:, 1.4967189280521829, 6.69781042558355, 6.417162756498349
flux1:, 1.4977012849227869, 6.5734263262047765, 6.2917762763865435
flux1:, 1.4986836417933906, 6.5538979215941175, 6.170545320247042
flux1:, 1.4996659986639946, 6.391858408540631, 6.042059143078555
flux1:, 1.5006483555345986, 6.179095017935535, 5.888626131369072
flux1:, 1.5016307124052026, 6.102444885472123, 5.732391605605037
flux1:, 1.5026130692758066, 5.973656875186791, 5.579848576380426
flux1:, 1.5035954261464104, 5.718666040887184, 5.408075045874511
flux1:, 1.5045777830170146, 5.5586263362637345, 5.225613542940952
flux1:, 1.5055601398876184, 5.446087840267534, 5.052028847689273
flux1:, 1.5065424967582224, 5.1998530440428254, 4.870857525126743
flux1:, 1.5075248536288264, 4.965962761096818, 4.6750990927877005
flux1:, 1.5085072104994304, 4.839426096893402, 4.486952214911966
flux1:, 1.5094895673700344, 4.634302760395085, 4.303490857922999
flux1:, 1.5104719242406381, 4.365323295411559, 4.107896020839082
flux1:, 1.5114542811112421, 4.202330492617194, 3.914834612683524
flux1:, 1.5124366379818461, 4.042321884625577, 3.7345882762112272
flux1:, 1.5134189948524501, 3.78525082304355, 3.5498987372561004
flux1:, 1.5144013517230541, 3.584597231455236, 3.3627888320001325
flux1:, 1.515383708593658, 3.452431281028684, 3.1903785118999846
flux1:, 1.516366065464262, 3.2411988026872827, 3.0229363644459877
flux1:, 1.5173484223348659, 3.022321186820683, 2.851247560308296
flux1:, 1.5183307792054699, 2.895409345120858, 2.6908861326161944
flux1:, 1.5193131360760739, 2.7405124089241975, 2.542806273756623
flux1:, 1.5202954929466777, 2.532187135346586, 2.3925986716817995
flux1:, 1.5212778498172816, 2.396520212614142, 2.2480366528351197
flux1:, 1.5222602066878856, 2.2877203005696076, 2.1186385722673062
flux1:, 1.5232425635584896, 2.1144953665333013, 1.9918945599470788
flux1:, 1.5242249204290936, 1.9701130895396741, 1.8659521766774216
flux1:, 1.5252072772996974, 1.8870345644741804, 1.7534739305273208
flux1:, 1.5261896341703014, 1.7604086172522009, 1.6487437415752633
flux1:, 1.5271719910409054, 1.618473933216245, 1.542762834105266
flux1:, 1.5281543479115094, 1.5420368973654415, 1.4455822472166975
flux1:, 1.5291367047821134, 1.458937396486855, 1.359395091061436
flux1:, 1.5301190616527172, 1.3343273634880082, 1.272944753071918
flux1:, 1.5311014185233212, 1.2540734020644444, 1.19002306946532
flux1:, 1.5320837753939252, 1.2012580282662313, 1.1184010856263362
flux1:, 1.5330661322645291, 1.1051807694032438, 1.0494131045684048
flux1:, 1.5340484891351331, 1.02089938612083, 0.9801064280861189
flux1:, 1.535030846005737, 0.9820113937364284, 0.9196891998900325
flux1:, 1.536013202876341, 0.9176993656641328, 0.8649960512687932
flux1:, 1.536995559746945, 0.836439928438481, 0.8085878898784701
flux1:, 1.537977916617549, 0.798433369966694, 0.7571506711258366
flux1:, 1.538960273488153, 0.7608841043663106, 0.7132391116737097
flux1:, 1.5399426303587567, 0.6917910827644151, 0.6685358565984406
flux1:, 1.5409249872293607, 0.6485562324301879, 0.6249380449003551
flux1:, 1.5419073440999647, 0.6275229421490746, 0.5886761065883932
flux1:, 1.5428897009705687, 0.5770442163812208, 0.553875687328393
flux1:, 1.5438720578411727, 0.5295859216799264, 0.5176398154622552
flux1:, 1.5448544147117764, 0.5140029103127207, 0.48676634176316513
flux1:, 1.5458367715823806, 0.48324873315496847, 0.4596365857726789
flux1:, 1.5468191284529844, 0.43714122090112445, 0.430419583555822
flux1:, 1.5478014853235884, 0.41901559058580534, 0.40368902157021364
flux1:, 1.5487838421941924, 0.4038435460060881, 0.3819531372937053
flux1:, 1.5497661990647964, 0.36552256494098667, 0.3591389919391792
flux1:, 1.5507485559354004, 0.3419069958448484, 0.33613853324877324
flux1:, 1.5517309128060042, 0.335145573653811, 0.3178935767036838
flux1:, 1.5527132696766082, 0.308718607877598, 0.30043929110317136
flux1:, 1.5536956265472122, 0.2813753287213071, 0.2811999319924908
flux1:, 1.5546779834178162, 0.27587420624632514, 0.26520191517445857
flux1:, 1.5556603402884202, 0.2615976229867594, 0.2517469971617467
flux1:, 1.556642697159024, 0.2349405827162199, 0.23632061353271985
flux1:, 1.557625054029628, 0.22605347822798597, 0.22204085090954848
flux1:, 1.558607410900232, 0.22073813553443022, 0.2111875012965421
flux1:, 1.559589767770836, 0.1992180181392948, 0.199346232848525
flux1:, 1.56057212464144, 0.1858202895082551, 0.18680266921205474
flux1:, 1.5615544815120437, 0.18459215443877078, 0.17742234676945595
flux1:, 1.5625368383826477, 0.17068957197740453, 0.16856652138017084
flux1:, 1.5635191952532517, 0.15461244652387915, 0.1580193625066708
flux1:, 1.5645015521238557, 0.15301088746277178, 0.14945311714436013
flux1:, 1.5654839089944597, 0.14651673283247543, 0.142721743553032
flux1:, 1.5664662658650634, 0.13096456751755484, 0.13436314771369615
flux1:, 1.5674486227356674, 0.12643319314536625, 0.12644518931528417
flux1:, 1.5684309796062714, 0.12501414965288124, 0.12094647077551543
flux1:, 1.5694133364768754, 0.11283845313278537, 0.11469851871684586
flux1:, 1.5703956933474794, 0.10512752860780915, 0.1076134427406592
flux1:, 1.5713780502180832, 0.10563419201584491, 0.10265940689075098
flux1:, 1.5723604070886872, 0.09820222335310132, 0.09813642247864081
flux1:, 1.5733427639592912, 0.08877573072549451, 0.09218582319879813
flux1:, 1.5743251208298952, 0.08856501676713258, 0.08743234353765376
flux1:, 1.5753074777004992, 0.0855318858882423, 0.08405157840795237
flux1:, 1.576289834571103, 0.07647417019840329, 0.0794312137427891
flux1:, 1.577272191441707, 0.07419596231592929, 0.07487818341271146
flux1:, 1.578254548312311, 0.07402613046046498, 0.07204778887967495
flux1:, 1.579236905182915, 0.0670268445980179, 0.06871803980722369
flux1:, 1.580219262053519, 0.06270229665739138, 0.06458772178898922
flux1:, 1.5812016189241227, 0.06351139507874327, 0.0618818403073082
flux1:, 1.5821839757947267, 0.0593106571607141, 0.05956537544810677
flux1:, 1.5831663326653307, 0.0538807086172948, 0.05612354823604125
flux1:, 1.5841486895359347, 0.0541628543956195, 0.053373846400583444
flux1:, 1.5851310464065387, 0.05252766033452571, 0.05165911922253214
flux1:, 1.5861134032771425, 0.0472157302880584, 0.04905751797682445
flux1:, 1.5870957601477467, 0.04621226745851037, 0.046335191814254204
flux1:, 1.5880781170183504, 0.04627269541391315, 0.04482536572115341
flux1:, 1.5890604738889544, 0.0420617541471947, 0.04302412446973301
flux1:, 1.5900428307595584, 0.039760043688693306, 0.04053526777024277
flux1:, 1.5910251876301624, 0.04045507576989953, 0.0389729123477351
flux1:, 1.5920075445007664, 0.037820256439238906, 0.03776048411742301
flux1:, 1.5929899013713702, 0.0347165954475374, 0.03571046384601828
flux1:, 1.5939722582419742, 0.03516014819206832, 0.03402918850440285
flux1:, 1.5949546151125782, 0.03404858820536116, 0.033114106252821386
flux1:, 1.5959369719831822, 0.030834210011609662, 0.0316013747666208
flux1:, 1.5969193288537862, 0.030518731700749074, 0.02989434456053315
flux1:, 1.59790168572439, 0.030495378760789935, 0.029016973599153322
flux1:, 1.598884042594994, 0.02778022403823541, 0.0279945604394622
flux1:, 1.599866399465598, 0.02661332279786883, 0.02642737717736248
flux1:, 1.600848756336202, 0.027081182038630188, 0.025440380323415796
flux1:, 1.601831113206806, 0.02521982389431865, 0.02474758425629452
flux1:, 1.6028134700774097, 0.023428893137923627, 0.02346217187048719
flux1:, 1.6037958269480137, 0.023841661143936852, 0.022351827706183377
flux1:, 1.6047781838186177, 0.022887057724893425, 0.021788149692561605
flux1:, 1.6057605406892217, 0.020852242749947198, 0.020838919837750478
flux1:, 1.6067428975598257, 0.02085304949134124, 0.019690698891681995
flux1:, 1.6077252544304295, 0.020622373894134287, 0.019092284238526956
flux1:, 1.6087076113010335, 0.018713805540394805, 0.01843332659517415
flux1:, 1.6096899681716375, 0.01816979909293893, 0.01736788565345944
flux1:, 1.6106723250422414, 0.018365020031841872, 0.016654976694670663
flux1:, 1.6116546819128454, 0.016845356851775104, 0.016171755964274222
flux1:, 1.6126370387834492, 0.01580114996326114, 0.015283497016278715
flux1:, 1.6136193956540532, 0.016114636176785234, 0.014466727713061608
flux1:, 1.6146017525246572, 0.015118493812184964, 0.014029564261893787
flux1:, 1.6155841093952612, 0.013727148974312525, 0.013351123380896389
flux1:, 1.6165664662658652, 0.013895905411049944, 0.012503579746063991
flux1:, 1.617548823136469, 0.013447803657857877, 0.012017103458468794
flux1:, 1.618531180007073, 0.011925463059539405, 0.01151736554162475
flux1:, 1.619513536877677, 0.011750600917525656, 0.010730698462835203
flux1:, 1.620495893748281, 0.011775043902700044, 0.010160912095750579
flux1:, 1.621478250618885, 0.010376942882113008, 0.009769355977211163
flux1:, 1.6224606074894887, 0.009748989752411827, 0.009113842310624164
flux1:, 1.6234429643600927, 0.010065137567299291, 0.008486948266032742
flux1:, 1.6244253212306967, 0.009045293770788377, 0.008128558674868303
flux1:, 1.6254076781013007, 0.0079887368451162, 0.007630857829611523
flux1:, 1.6263900349719047, 0.008326060653916353, 0.007009996137461335
flux1:, 1.6273723918425085, 0.007858270365607885, 0.006634467232956847
flux1:, 1.6283547487131127, 0.006560004775382902, 0.006277015629624006
flux1:, 1.6293371055837165, 0.0066311638526708565, 0.005730254015377106
flux1:, 1.6303194624543205, 0.006721325018416168, 0.005325262539512578
flux1:, 1.6313018193249245, 0.005492084976162899, 0.005062268311392486
flux1:, 1.6322841761955285, 0.005109881981472757, 0.004635700115673493
flux1:, 1.6332665330661325, 0.00556431986203081, 0.004222752245138394
flux1:, 1.6342488899367362, 0.004722709930616983, 0.004002849812276343
flux1:, 1.6352312468073402, 0.0038964668060266824, 0.0037075984542174947
flux1:, 1.6362136036779442, 0.004387892857990793, 0.003326025467359323
flux1:, 1.6371959605485482, 0.004118931137987886, 0.0031116767631841793
flux1:, 1.6381783174191522, 0.0030635418237377524, 0.00292633138323265
flux1:, 1.639160674289756, 0.003272093703292851, 0.002613988909127774
flux1:, 1.64014303116036, 0.0035399444895875976, 0.0023913292527393175
flux1:, 1.641125388030964, 0.0025823349732784725, 0.0022753781414048516
flux1:, 1.642107744901568, 0.0023377944132365533, 0.002053640028683544
flux1:, 1.643090101772172, 0.0029030589921795716, 0.0018313325327089039
flux1:, 1.6440724586427757, 0.0023334765015920033, 0.0017424024980243703
flux1:, 1.6450548155133797, 0.001684037138169543, 0.0016098130453016883
flux1:, 1.6460371723839837, 0.002215428214522596, 0.0014096105909063076
flux1:, 1.6470195292545877, 0.002160193911302605, 0.0013177070396770349
flux1:, 1.6480018861251917, 0.0013370385327029543, 0.0012528922457297426
flux1:, 1.6489842429957955, 0.0015584799475442696, 0.0010969335881079907
flux1:, 1.6499665998663995, 0.0019340066206753224, 0.0009913270133381756
flux1:, 1.6509489567370035, 0.0012358962436925375, 0.0009626225568028083
flux1:, 1.6519313136076075, 0.0010383616979635002, 0.0008627554661220726
flux1:, 1.6529136704782115, 0.0016013539006347853, 0.0007504457109588288
flux1:, 1.6538960273488152, 0.0012585776195466931, 0.0007278272071867695
flux1:, 1.6548783842194192, 0.0007296639308630005, 0.0006807443590209774
flux1:, 1.6558607410900232, 0.0011929363718430233, 0.0005785214841784541
flux1:, 1.6568430979606272, 0.0012729928649022593, 0.0005431541989351014
flux1:, 1.6578254548312312, 0.0006386325757680414, 0.0005324854690282253
flux1:, 1.658807811701835, 0.0007959338402995851, 0.00045666103045832426
flux1:, 1.659790168572439, 0.001188842716087649, 0.00040474312863950074
flux1:, 1.660772525443043, 0.000700517926093248, 0.00040838634652315365
flux1:, 1.661754882313647, 0.0005047356072568855, 0.00036668614580199615
flux1:, 1.662737239184251, 0.0009876340332975698, 0.00030680853995823426
flux1:, 1.6637195960548548, 0.0008097084586876776, 0.00030575618869646526
flux1:, 1.6647019529254587, 0.0003737199927450138, 0.0002944701899862369
flux1:, 1.6656843097960627, 0.0007189712585461639, 0.0002404990153804891
flux1:, 1.6666666666666667, 0.000866717852222888, 0.00022511505082473024
