flux1:, 1.1764705882352942, 0.0002256383675061817, 0.00018548383379011653
flux1:, 1.1774529451058982, 0.0007426009543353249, 9.069098273244212e-06
flux1:, 1.1784353019765021, 0.00037735135264897827, 0.0003042129567058141
flux1:, 1.179417658847106, 5.414828844860424e-05, 0.00035153541058636627
flux1:, 1.18040001571771, 0.0007297032997502427, 3.1489113165715564e-05
flux1:, 1.181382372588314, 0.0007218200742182414, 0.00020459792590034792
flux1:, 1.182364729458918, -1.124550583320732e-06, 0.000486408724770569
flux1:, 1.183347086329522, 0.0005179996360647496, 0.0001681336744719106
flux1:, 1.1843294432001257, 0.0010933422454346806, 8.586091846873708e-05
flux1:, 1.1853118000707297, 0.00021733700184222807, 0.0005109333193880704
flux1:, 1.1862941569413337, 0.00016686961599816176, 0.0003855821554800212
flux1:, 1.1872765138119377, 0.0012713979990537584, 3.915218386009197e-05
flux1:, 1.1882588706825417, 0.0007561569649055688, 0.0004011014605040677
flux1:, 1.1892412275531457, -8.876709976642692e-05, 0.0005797492702910251
flux1:, 1.1902235844237494, 0.001077454097656922, 0.0001223788890536608
flux1:, 1.1912059412943534, 0.001428427197763887, 0.00022444636510589278
flux1:, 1.1921882981649574, 3.525397569205766e-05, 0.0006493107097909005
flux1:, 1.1931706550355614, 0.0005691453692700562, 0.0003051296237043698
flux1:, 1.1941530119061654, 0.001890843843592002, 9.020490465854956e-05
flux1:, 1.1951353687767692, 0.0006446010463207116, 0.0005775260212768325
flux1:, 1.1961177256473732, 5.465204912030832e-05, 0.0005001260259059314
flux1:, 1.1971000825179772, 0.001881106358834812, 6.373556985019517e-05
flux1:, 1.1980824393885812, 0.0015732982628379134, 0.0004298963342357349
flux1:, 1.1990647962591852, -8.804498225225795e-05, 0.0006437432007111504
flux1:, 1.200047153129789, 0.0013834954007714726, 0.00014299625993378887
flux1:, 1.201029510000393, 0.002478122425864324, 0.0002878307117186054
flux1:, 1.202011866870997, 0.0004042794835872014, 0.0007393797893602561
flux1:, 1.202994223741601, 0.0006403944845389772, 0.00030900298718292493
flux1:, 1.203976580612205, 0.0029811600941074073, 0.00020075317319314748
flux1:, 1.2049589374828087, 0.0015801757058818051, 0.0008410893133356648
flux1:, 1.2059412943534127, 0.00010170213088832302, 0.0006025627282850866
flux1:, 1.2069236512240167, 0.0027815281613127415, 0.00020656419779894317
flux1:, 1.2079060080946207, 0.0031719141387740167, 0.0009985655950731117
flux1:, 1.2088883649652247, 0.0003499003529390919, 0.0011727719325478102
flux1:, 1.2098707218358287, 0.0018193231305185058, 0.0004453560995629811
flux1:, 1.2108530787064324, 0.0043903711266850606, 0.001190187025091363
flux1:, 1.2118354355770364, 0.0017489252900980113, 0.002143041557762376
flux1:, 1.2128177924476404, 0.000633388272300045, 0.0012684725721931092
flux1:, 1.2138001493182444, 0.00405933716835843, 0.0013562901554714656
flux1:, 1.2147825061888484, 0.003496203410883204, 0.0031024963963824015
flux1:, 1.2157648630594522, 0.0002964965683161512, 0.002780371041123979
flux1:, 1.2167472199300562, 0.002236351910513555, 0.0016634270288491684
flux1:, 1.2177295768006602, 0.003967335170173524, 0.003242083154885401
flux1:, 1.2187119336712642, 0.0009122238704489816, 0.004161453661443847
flux1:, 1.2196942905418682, 0.000650025572745802, 0.0024120772462797708
flux1:, 1.220676647412472, 0.0032341827401518534, 0.0027373650324333415
flux1:, 1.221659004283076, 0.0016084666990137024, 0.004711785667631932
flux1:, 1.22264136115368, 1.453627672484572e-05, 0.0035544699681266715
flux1:, 1.223623718024284, 0.002375016891078525, 0.0024135510622350343
flux1:, 1.224606074894888, 0.0021058365263423823, 0.004560130096637754
flux1:, 1.2255884317654917, -6.173805231187243e-05, 0.004824088955952
flux1:, 1.2265707886360957, 0.0018043592858016805, 0.002776108867652583
flux1:, 1.2275531455066997, 0.0026529852483604638, 0.004134723263452614
flux1:, 1.2285355023773037, 0.00015026158124600074, 0.005990775195321501
flux1:, 1.2295178592479077, 0.0014117698312486376, 0.004016431797556124
flux1:, 1.2305002161185117, 0.00352312770704934, 0.003919477586380079
flux1:, 1.2314825729891155, 0.0008338532289962105, 0.006940123261728697
flux1:, 1.2324649298597194, 0.0010270485979218332, 0.006205142550611523
flux1:, 1.2334472867303234, 0.004831339354357385, 0.004520094592766109
flux1:, 1.2344296436009274, 0.0026673125924412994, 0.007747719095425655
flux1:, 1.2354120004715314, 0.0008300920595108744, 0.009379919601837186
flux1:, 1.2363943573421352, 0.006484233890569886, 0.006816020418394154
flux1:, 1.2373767142127392, 0.006939600943176507, 0.008842833749977987
flux1:, 1.2383590710833432, 0.002162627900245751, 0.013451070532010133
flux1:, 1.2393414279539472, 0.008181520398451218, 0.011961720515235771
flux1:, 1.2403237848245512, 0.015128268581428, 0.011179535689495045
flux1:, 1.241306141695155, 0.0090264608688722, 0.017135226138729094
flux1:, 1.242288498565759, 0.009747953351225021, 0.019073869353162787
flux1:, 1.243270855436363, 0.02343289279206088, 0.014672953071610434
flux1:, 1.244253212306967, 0.02276843966447164, 0.015448682232632696
flux1:, 1.245235569177571, 0.012060757795407526, 0.018621724486360684
flux1:, 1.2462179260481747, 0.01871563956723408, 0.014011131359872265
flux1:, 1.2472002829187787, 0.026494969055080676, 0.008648887998980712
flux1:, 1.2481826397893827, 0.014779839314770985, 0.009859336490269243
flux1:, 1.2491649966599867, 0.00920695815712534, 0.009369210004232941
flux1:, 1.2501473535305907, 0.018943793156746984, 0.004826583366070373
flux1:, 1.2511297104011945, 0.016019518574524577, 0.004205608613803396
flux1:, 1.2521120672717985, 0.005606189020856498, 0.005694531737058294
flux1:, 1.2530944241424025, 0.01112995810495022, 0.0036284668694805434
flux1:, 1.2540767810130065, 0.015530037487266765, 0.002221741832081202
flux1:, 1.2550591378836105, 0.006174586464613592, 0.0036545857078820352
flux1:, 1.2560414947542144, 0.005941528341584332, 0.0032543628214590794
flux1:, 1.2570238516248182, 0.013656667938575952, 0.0018991228903035907
flux1:, 1.2580062084954222, 0.008360942972556566, 0.0027704454198411795
flux1:, 1.2589885653660262, 0.003442897470284042, 0.003150658315812781
flux1:, 1.2599709222366302, 0.010899047320359945, 0.0021793011439573476
flux1:, 1.2609532791072342, 0.010634364922651001, 0.0026302391032400185
flux1:, 1.261935635977838, 0.0032852203142717325, 0.0032697736220636538
flux1:, 1.262917992848442, 0.007910480872177304, 0.0026552271466881074
flux1:, 1.263900349719046, 0.012104422430016843, 0.0029284104587107393
flux1:, 1.26488270658965, 0.004949446103555969, 0.003662168582684573
flux1:, 1.265865063460254, 0.005426763353264006, 0.0032455350449633238
flux1:, 1.266847420330858, 0.012356222662913207, 0.003450209921535796
flux1:, 1.2678297772014617, 0.0077348072865384716, 0.004335409237819522
flux1:, 1.2688121340720657, 0.004120254340278772, 0.004020541184326232
flux1:, 1.2697944909426697, 0.011420829735734557, 0.0040884952644908625
flux1:, 1.2707768478132737, 0.010819827179600163, 0.005225969963950053
flux1:, 1.2717592046838777, 0.0044323699223925775, 0.005087650138489462
flux1:, 1.2727415615544815, 0.009737227821707842, 0.004858180692562979
flux1:, 1.2737239184250855, 0.0134107131918695, 0.00623120436078804
flux1:, 1.2747062752956895, 0.006440927005116363, 0.006508659336978052
flux1:, 1.2756886321662935, 0.008041347935483271, 0.0058816381758584075
flux1:, 1.2766709890368975, 0.014931364847039684, 0.007272880838324991
flux1:, 1.2776533459075012, 0.009812598073298073, 0.008254768936557369
flux1:, 1.2786357027781052, 0.007175240856940636, 0.007337206824949576
flux1:, 1.2796180596487092, 0.015192398695897882, 0.008363337833175888
flux1:, 1.2806004165193132, 0.013871099361832966, 0.010210565235673503
flux1:, 1.2815827733899172, 0.007850672907105276, 0.009381936547896864
flux1:, 1.282565130260521, 0.0144765511044261, 0.009644355115042302
flux1:, 1.283547487131125, 0.017779024543681386, 0.012228113013994886
flux1:, 1.284529844001729, 0.010428938560652534, 0.012074891081600685
flux1:, 1.285512200872333, 0.013496787558785812, 0.011376081161869356
flux1:, 1.286494557742937, 0.020793813168184867, 0.014215019675866143
flux1:, 1.2874769146135407, 0.014787334869109917, 0.01533368931570269
flux1:, 1.2884592714841447, 0.013219234991709513, 0.013870189588831268
flux1:, 1.2894416283547487, 0.022526868177765953, 0.01622405182325193
flux1:, 1.2904239852253527, 0.02032752871763488, 0.018950626541767403
flux1:, 1.2914063420959567, 0.014587578593791442, 0.017384000555090335
flux1:, 1.2923886989665605, 0.02312164157548467, 0.01850457732013034
flux1:, 1.2933710558371645, 0.026143429594120606, 0.022675720450062702
flux1:, 1.2943534127077685, 0.018225477842807165, 0.022013003684852366
flux1:, 1.2953357695783725, 0.02327984349254269, 0.021483348767298065
flux1:, 1.2963181264489765, 0.03131513470457304, 0.026347263677917645
flux1:, 1.2973004833195805, 0.024214060541031382, 0.027629051267975817
flux1:, 1.2982828401901843, 0.02410546405099638, 0.025664664215295358
flux1:, 1.2992651970607882, 0.03524661495087602, 0.03002530819916707
flux1:, 1.3002475539313922, 0.03203151533627591, 0.033903697315699574
flux1:, 1.3012299108019962, 0.02679505467181008, 0.03147214549422774
flux1:, 1.3022122676726002, 0.03793624963272469, 0.03407097327210285
flux1:, 1.303194624543204, 0.04069869313369478, 0.0404296606112306
flux1:, 1.304176981413808, 0.03226188418068582, 0.03908519112901487
flux1:, 1.305159338284412, 0.04007576141106956, 0.039123095038929884
flux1:, 1.306141695155016, 0.04910782876078573, 0.046914647273778705
flux1:, 1.30712405202562, 0.04081914672881404, 0.0483390414465315
flux1:, 1.308106408896224, 0.04291870328222153, 0.045955175178022556
flux1:, 1.3090887657668278, 0.0564412434073073, 0.053384310442610314
flux1:, 1.3100711226374318, 0.05204568642137788, 0.05874789106025812
flux1:, 1.3110534795080357, 0.0479357960466761, 0.055242030698341237
flux1:, 1.3120358363786397, 0.06253915225886786, 0.06031113160266589
flux1:, 1.3130181932492437, 0.06490866068910416, 0.06967354320381135
flux1:, 1.3140005501198475, 0.05635695759144449, 0.06731125697632442
flux1:, 1.3149829069904515, 0.06807323823844164, 0.0685962600708243
flux1:, 1.3159652638610555, 0.07813183160834519, 0.08060632948318897
flux1:, 1.3169476207316595, 0.06875903002757411, 0.08197979480089156
flux1:, 1.3179299776022635, 0.07443543389253582, 0.07937504548249003
flux1:, 1.3189123344728673, 0.09070153963473146, 0.09146989919637108
flux1:, 1.3198946913434713, 0.08486568648426787, 0.09856511548787643
flux1:, 1.3208770482140753, 0.08334931663139629, 0.093683183707886
flux1:, 1.3218594050846793, 0.10233117988043225, 0.10282975041241645
flux1:, 1.3228417619552832, 0.10366937045383282, 0.1161102819351809
flux1:, 1.323824118825887, 0.09632531596304325, 0.11208779103287146
flux1:, 1.324806475696491, 0.11369220189982011, 0.1158961872089063
flux1:, 1.325788832567095, 0.12387391123233706, 0.13378395879737173
flux1:, 1.326771189437699, 0.11416922484841506, 0.13442812264169093
flux1:, 1.327753546308303, 0.12628253268619272, 0.13226981440117996
flux1:, 1.3287359031789068, 0.14452420997280502, 0.15133641688697422
flux1:, 1.3297182600495108, 0.1367782937226131, 0.15980439171391572
flux1:, 1.3307006169201148, 0.1419332552413264, 0.15346970323293016
flux1:, 1.3316829737907188, 0.1655830814202171, 0.16944138747309542
flux1:, 1.3326653306613228, 0.16340192285484487, 0.18689505534330536
flux1:, 1.3336476875319265, 0.1621182665218372, 0.18038338404607498
flux1:, 1.3346300444025305, 0.1881795866705209, 0.18975539731843066
flux1:, 1.3356124012731345, 0.19341901548591867, 0.2145920689299487
flux1:, 1.3365947581437385, 0.1873865594115294, 0.21285518567835623
flux1:, 1.3375771150143425, 0.21431145189432096, 0.21458566366628992
flux1:, 1.3385594718849465, 0.22754489524725996, 0.24286261935648945
flux1:, 1.3395418287555503, 0.21736352662497385, 0.24968021066024076
flux1:, 1.3405241856261543, 0.2459259504198648, 0.24615558921994402
flux1:, 1.3415065424967583, 0.2693273914961985, 0.2737451464767415
flux1:, 1.3424888993673623, 0.2519470606276789, 0.28936759434754783
flux1:, 1.3434712562379663, 0.28348606681924926, 0.28555181084176584
flux1:, 1.34445361310857, 0.3270306894071559, 0.3126120322151026
flux1:, 1.345435969979174, 0.2950068214574363, 0.332539907856111
flux1:, 1.346418326849778, 0.32431193732861296, 0.33149744577996676
flux1:, 1.347400683720382, 0.417207668207591, 0.37079305976871035
flux1:, 1.348383040590986, 0.3653242029598073, 0.3895605477224149
flux1:, 1.34936539746159, 0.3613927109869863, 0.37931667859088497
flux1:, 1.3503477543321938, 0.5769760995812311, 0.47523662000338485
flux1:, 1.3513301112027978, 0.5405642227678781, 0.5144906060135153
flux1:, 1.3523124680734018, 0.387417059587545, 0.4239588960585627
flux1:, 1.3532948249440058, 0.9323071947471012, 0.7246474118183889
flux1:, 1.3542771818146098, 1.266392835869974, 1.0672339256470984
flux1:, 1.3552595386852135, 0.48949580249741953, 0.5474653153968113
flux1:, 1.3562418955558175, 2.5501113328689877, 2.037974215082319
flux1:, 1.3572242524264215, 11.7038439309286, 10.470496835068928
flux1:, 1.3582066092970255, 22.147656720754917, 22.10750305923829
flux1:, 1.3591889661676295, 22.540692025088465, 24.543503086229574
flux1:, 1.3601713230382333, 12.435932596852105, 14.319311824929956
flux1:, 1.3611536799088373, 3.0900397736041363, 3.465389655685417
flux1:, 1.3621360367794413, 1.0103832764892422, 1.303308009614412
flux1:, 1.3631183936500453, 1.988579048002247, 2.9086610252982354
flux1:, 1.3641007505206493, 1.6077585472927491, 2.07425288125988
flux1:, 1.365083107391253, 0.8799393085586061, 1.0077249138689492
flux1:, 1.366065464261857, 1.0889343407506857, 1.7738221155963871
flux1:, 1.367047821132461, 1.265670961282606, 1.8915742496206829
flux1:, 1.368030178003065, 0.9970389012722468, 1.1170728233653089
flux1:, 1.369012534873669, 0.9299621926931059, 1.4628879591189565
flux1:, 1.3699948917442728, 1.1016643231860161, 1.9288925002961628
flux1:, 1.3709772486148768, 1.108637307330503, 1.3472677004453382
flux1:, 1.3719596054854808, 0.9889184312457442, 1.3824099571204627
flux1:, 1.3729419623560848, 1.0131885521930208, 2.088449418392017
flux1:, 1.3739243192266888, 1.1590419906007712, 1.7140204050973094
flux1:, 1.3749066760972926, 1.1438778453861962, 1.4170829048849582
flux1:, 1.3758890329678966, 1.0143082750332417, 2.4492184145799216
flux1:, 1.3768713898385005, 1.1288627145999368, 2.4868676144334403
flux1:, 1.3778537467091045, 1.2989794369490197, 1.57374756618666
flux1:, 1.3788361035797085, 1.5054010818937684, 3.970868214591258
flux1:, 1.3798184604503125, 3.2200940657556703, 8.945667674219466
flux1:, 1.3808008173209163, 6.781741053247053, 9.903777703120493
flux1:, 1.3817831741915203, 8.647415173152364, 5.68191553922634
flux1:, 1.3827655310621243, 6.137577280111256, 2.0541003629480263
flux1:, 1.3837478879327283, 2.5632955567173745, 1.602203021723563
flux1:, 1.3847302448033323, 2.011886531741438, 1.8327342345862851
flux1:, 1.3857126016739363, 2.966861344537202, 1.6332871529300177
flux1:, 1.38669495854454, 2.6110721979243166, 1.8352929858965226
flux1:, 1.387677315415144, 2.0374084002925947, 2.100882641439628
flux1:, 1.388659672285748, 2.542169978869612, 1.994279429034991
flux1:, 1.389642029156352, 2.7746336661766784, 2.090942927115402
flux1:, 1.390624386026956, 2.343378782075239, 2.369169251393801
flux1:, 1.3916067428975598, 2.497693661154408, 2.3604589744076603
flux1:, 1.3925890997681638, 2.9279197630032585, 2.381376842227019
flux1:, 1.3935714566387678, 2.728292282477211, 2.6367721804183573
flux1:, 1.3945538135093718, 2.640452774072613, 2.7219494010306757
flux1:, 1.3955361703799758, 3.066758688711725, 2.7098457392622395
flux1:, 1.3965185272505796, 3.1218607020421287, 2.9164216092211106
flux1:, 1.3975008841211836, 2.92196804393887, 3.0784889871470646
flux1:, 1.3984832409917876, 3.215936879658732, 3.0724776971512933
flux1:, 1.3994655978623916, 3.4799820455458916, 3.216443060997693
flux1:, 1.4004479547329955, 3.303726856269787, 3.4264790770489797
flux1:, 1.4014303116035993, 3.40910550226981, 3.4581888743295917
flux1:, 1.4024126684742033, 3.779725021797371, 3.5405692985217927
flux1:, 1.4033950253448073, 3.735070637340332, 3.761340392777102
flux1:, 1.4043773822154113, 3.6725580506371767, 3.8490855192435345
flux1:, 1.4053597390860153, 4.022243715788714, 3.8860857707939833
flux1:, 1.406342095956619, 4.156328187956669, 4.079445177447222
flux1:, 1.407324452827223, 4.0104709737438995, 4.222780331716653
flux1:, 1.408306809697827, 4.230261164877676, 4.2416800678550075
flux1:, 1.409289166568431, 4.5129617768572885, 4.3784127802365225
flux1:, 1.410271523439035, 4.396630226010613, 4.556728741150846
flux1:, 1.4112538803096388, 4.436723823261064, 4.587039877431301
flux1:, 1.4122362371802428, 4.772476582419592, 4.655715652678654
flux1:, 1.4132185940508468, 4.778130295626229, 4.833496588197587
flux1:, 1.4142009509214508, 4.667131371808684, 4.895787458782487
flux1:, 1.4151833077920548, 4.935175496667352, 4.906413068109029
flux1:, 1.4161656646626586, 5.092469304738234, 5.044964260523066
flux1:, 1.4171480215332626, 4.923241664449935, 5.141923130311645
flux1:, 1.4181303784038666, 5.031617771865383, 5.121629204159514
flux1:, 1.4191127352744706, 5.292353965216055, 5.193485854063023
flux1:, 1.4200950921450746, 5.177575523771846, 5.307903878365152
flux1:, 1.4210774490156786, 5.106005779105075, 5.289434224221785
flux1:, 1.4220598058862823, 5.3665516247547735, 5.289303459830676
flux1:, 1.4230421627568863, 5.383865594021295, 5.390968297094234
flux1:, 1.4240245196274903, 5.193141296605511, 5.398670304464374
flux1:, 1.4250068764980943, 5.345300010415151, 5.34552345865731
flux1:, 1.4259892333686983, 5.499702957684289, 5.404600145573199
flux1:, 1.4269715902393023, 5.301413083469763, 5.444461957186706
flux1:, 1.427953947109906, 5.286508831506979, 5.373382445921824
flux1:, 1.42893630398051, 5.509810586112586, 5.374261833223065
flux1:, 1.429918660851114, 5.411410361288989, 5.432842769132833
flux1:, 1.430901017721718, 5.2497390223214335, 5.380297191247828
flux1:, 1.431883374592322, 5.437321973565907, 5.329386223817146
flux1:, 1.4328657314629258, 5.490724113619164, 5.382065950988197
flux1:, 1.4338480883335298, 5.271538876188275, 5.371441463766993
flux1:, 1.4348304452041338, 5.3369709265804905, 5.2952781997120315
flux1:, 1.4358128020747378, 5.516368841101723, 5.319660036540541
flux1:, 1.4367951589453418, 5.354217373228036, 5.353525634369808
flux1:, 1.4377775158159456, 5.27370205298486, 5.28820384870374
flux1:, 1.4387598726865496, 5.4925589348590504, 5.27619278000575
flux1:, 1.4397422295571536, 5.472362658456061, 5.3383051039069525
flux1:, 1.4407245864277576, 5.297159728060074, 5.315070863121656
flux1:, 1.4417069432983616, 5.454578390067258, 5.2780155813657466
flux1:, 1.4426893001689653, 5.592421323876484, 5.343555988524374
flux1:, 1.4436716570395693, 5.423772012332208, 5.37691595783365
flux1:, 1.4446540139101733, 5.456639854536601, 5.3415236583096775
flux1:, 1.4456363707807773, 5.694832119165577, 5.390498326732083
flux1:, 1.4466187276513813, 5.634097442538079, 5.473878980665921
flux1:, 1.447601084521985, 5.549199949081833, 5.47077364653667
flux1:, 1.448583441392589, 5.787483785186629, 5.498277123176177
flux1:, 1.449565798263193, 5.886055848903408, 5.608898825870064
flux1:, 1.450548155133797, 5.756167347194839, 5.6589955839849955
flux1:, 1.451530512004401, 5.90344309662045, 5.677515582512853
flux1:, 1.4525128688750049, 6.137429373219648, 5.788050738964538
flux1:, 1.4534952257456089, 6.062980365277686, 5.8930419083389545
flux1:, 1.4544775826162128, 6.083402132022089, 5.925649281103954
flux1:, 1.4554599394868168, 6.366395539666151, 6.017072071460659
flux1:, 1.4564422963574208, 6.422045403443929, 6.15862719711304
flux1:, 1.4574246532280246, 6.351334835087171, 6.226339745151103
flux1:, 1.4584070100986286, 6.579261599133135, 6.295671649212544
flux1:, 1.4593893669692326, 6.773677383011704, 6.443883142510366
flux1:, 1.4603717238398366, 6.696558550330287, 6.5536650002533055
flux1:, 1.4613540807104406, 6.800911770336506, 6.612780156507035
flux1:, 1.4623364375810444, 7.072074013411918, 6.739667408744384
flux1:, 1.4633187944516486, 7.0731948160354445, 6.879501279659657
flux1:, 1.4643011513222524, 7.053416494073101, 6.945896334702727
flux1:, 1.4652835081928564, 7.3022391736029455, 7.036981945006918
flux1:, 1.4662658650634603, 7.418589129691746, 7.180748499173265
flux1:, 1.4672482219340643, 7.335978981119369, 7.265673534843003
flux1:, 1.4682305788046683, 7.478669976285316, 7.323705560026662
flux1:, 1.4692129356752721, 7.6806323347904195, 7.443084002934453
flux1:, 1.470195292545876, 7.618990281333481, 7.543827215649062
flux1:, 1.47117764941648, 7.627866219687871, 7.583290979515202
flux1:, 1.472160006287084, 7.838224511435886, 7.659974147845183
flux1:, 1.473142363157688, 7.855796973855016, 7.760363749853733
flux1:, 1.4741247200282919, 7.766632632575772, 7.79666478546951
flux1:, 1.4751070768988959, 7.903877227892941, 7.828407676844802
flux1:, 1.4760894337694999, 8.004280170791157, 7.906567860691368
flux1:, 1.4770717906401039, 7.8895507390789685, 7.946314295285993
flux1:, 1.4780541475107078, 7.909072966540369, 7.944345281414942
flux1:, 1.4790365043813116, 8.044874392894412, 7.982766069077474
flux1:, 1.4800188612519156, 7.971563220442355, 8.020116930763406
flux1:, 1.4810012181225196, 7.882816401997801, 8.000364325193495
flux1:, 1.4819835749931236, 7.985327431476572, 7.992708499127292
flux1:, 1.4829659318637276, 7.981642903197432, 8.012761057117055
flux1:, 1.4839482887343314, 7.835684264157542, 7.986185591690419
flux1:, 1.4849306456049354, 7.851375266517246, 7.937775454512624
flux1:, 1.4859130024755394, 7.897889396493436, 7.924186323576967
flux1:, 1.4868953593461434, 7.756166283490615, 7.891145525624893
flux1:, 1.4878777162167474, 7.6700888136163385, 7.813782651961949
flux1:, 1.4888600730873511, 7.715490292775151, 7.75621245515412
flux1:, 1.4898424299579551, 7.618254135133178, 7.707103756726143
flux1:, 1.4908247868285591, 7.455045500691615, 7.611670057648224
flux1:, 1.4918071436991631, 7.444577677130089, 7.509492483089511
flux1:, 1.4927895005697671, 7.394107301225435, 7.43062561847096
flux1:, 1.4937718574403709, 7.199946012479557, 7.321612854741118
flux1:, 1.4947542143109749, 7.101125350469617, 7.182686905804993
flux1:, 1.4957365711815789, 7.065357992340591, 7.063878793570325
flux1:, 1.4967189280521829, 6.8826711936855345, 6.938500259510987
flux1:, 1.4977012849227869, 6.697359925186259, 6.77437937505784
flux1:, 1.4986836417933906, 6.629709575778306, 6.614171692512503
flux1:, 1.4996659986639946, 6.477719426793325, 6.465933454675793
flux1:, 1.5006483555345986, 6.2373475687793505, 6.286584277305656
flux1:, 1.5016307124052026, 6.102060958526721, 6.092752438071349
flux1:, 1.5026130692758066, 5.9718134485237675, 5.917001162641972
flux1:, 1.5035954261464104, 5.7197314919809035, 5.728077656285625
flux1:, 1.5045777830170146, 5.5100093015453275, 5.51418286287408
flux1:, 1.5055601398876184, 5.374982541587981, 5.312525545912084
flux1:, 1.5065424967582224, 5.145602850913998, 5.116277961488973
flux1:, 1.5075248536288264, 4.885370869183431, 4.896914817907948
flux1:, 1.5085072104994304, 4.720527974769586, 4.6783852785133915
flux1:, 1.5094895673700344, 4.526621562370398, 4.476720293697722
flux1:, 1.5104719242406381, 4.256417745865457, 4.263779086101862
flux1:, 1.5114542811112421, 4.053933936497476, 4.042403610729385
flux1:, 1.5124366379818461, 3.8879122692073977, 3.83952572591157
flux1:, 1.5134189948524501, 3.6448594224679796, 3.640522111280757
flux1:, 1.5144013517230541, 3.4178533961006394, 3.4307763241815428
flux1:, 1.515383708593658, 3.2633676896510337, 3.233738183588817
flux1:, 1.516366065464262, 3.0671132956110365, 3.052166952777083
flux1:, 1.5173484223348659, 2.8414269185613956, 2.8647534719804977
flux1:, 1.5183307792054699, 2.686127883262419, 2.6819262533964223
flux1:, 1.5193131360760739, 2.536488384799631, 2.518818084093234
flux1:, 1.5202954929466777, 2.3376284692509595, 2.3586311899937162
flux1:, 1.5212778498172816, 2.1797916943062647, 2.1972828220401595
flux1:, 1.5222602066878856, 2.063809630946221, 2.052843874621542
flux1:, 1.5232425635584896, 1.9069509134540474, 1.919475079228755
flux1:, 1.5242249204290936, 1.754420302663907, 1.7838147217059654
flux1:, 1.5252072772996974, 1.6564263504667993, 1.6583371847357629
flux1:, 1.5261896341703014, 1.5433232045485499, 1.5481764337331452
flux1:, 1.5271719910409054, 1.4077996007132676, 1.4386479671636825
flux1:, 1.5281543479115094, 1.3169200624517519, 1.3325198348025837
flux1:, 1.5291367047821134, 1.238936046944312, 1.241105030973267
flux1:, 1.5301190616527172, 1.1298325605917658, 1.1549570925338284
flux1:, 1.5311014185233212, 1.0426728296568526, 1.0681245228053122
flux1:, 1.5320837753939252, 0.9867129956621407, 0.9917673626554495
flux1:, 1.5330661322645291, 0.9074518390082681, 0.9244167885973439
flux1:, 1.5340484891351331, 0.8266394507380774, 0.8558236780327281
flux1:, 1.535030846005737, 0.780771603931863, 0.79218933777215
flux1:, 1.536013202876341, 0.7283297149399414, 0.7387426759701938
flux1:, 1.536995559746945, 0.6590011610483868, 0.6861327034009975
flux1:, 1.537977916617549, 0.6158434846924429, 0.6339740586062961
flux1:, 1.538960273488153, 0.5827998543786491, 0.5903939782853279
flux1:, 1.5399426303587567, 0.5291198066470668, 0.5505880125767934
flux1:, 1.5409249872293607, 0.48654275298237054, 0.5090800338642539
flux1:, 1.5419073440999647, 0.4641992625036391, 0.47273349678753374
flux1:, 1.5428897009705687, 0.4272537688896682, 0.44224660207478655
flux1:, 1.5438720578411727, 0.3870059688961707, 0.41036151511351604
flux1:, 1.5448544147117764, 0.3681989600158043, 0.37995312620813315
flux1:, 1.5458367715823806, 0.3456771055659999, 0.35568549772212393
flux1:, 1.5468191284529844, 0.3110493256918687, 0.33188772228819574
flux1:, 1.5478014853235884, 0.29175200793337963, 0.3069770238010681
flux1:, 1.5487838421941924, 0.27906497565692334, 0.28671568925719565
flux1:, 1.5497661990647964, 0.25270586531909234, 0.2690431852818117
flux1:, 1.5507485559354004, 0.23216557613026945, 0.24943403006955822
flux1:, 1.5517309128060042, 0.22422165902642877, 0.23200992482975383
flux1:, 1.5527132696766082, 0.20686152461926183, 0.2184285206641936
flux1:, 1.5536956265472122, 0.18659047687430386, 0.20369308303995975
flux1:, 1.5546779834178162, 0.17939276886771238, 0.1887900078654623
flux1:, 1.5556603402884202, 0.16970660939053386, 0.17761408234392873
flux1:, 1.556642697159024, 0.15198233760210442, 0.16690339986298502
flux1:, 1.557625054029628, 0.14347906140895203, 0.1546468123407295
flux1:, 1.558607410900232, 0.13883314098850094, 0.1448281094417829
flux1:, 1.559589767770836, 0.12539100592431762, 0.13697741069153843
flux1:, 1.56057212464144, 0.11543284114682756, 0.1274941686285111
flux1:, 1.5615544815120437, 0.11297835873209129, 0.11866797815133884
flux1:, 1.5625368383826477, 0.10433616894735608, 0.11248582376499003
flux1:, 1.5635191952532517, 0.09398713426223794, 0.1056058069649268
flux1:, 1.5645015521238557, 0.09156260962758937, 0.09790210373091232
flux1:, 1.5654839089944597, 0.0870498105806509, 0.09247813236190071
flux1:, 1.5664662658650634, 0.07770086262105948, 0.08766472780986581
flux1:, 1.5674486227356674, 0.07423132222779842, 0.08138897714325115
flux1:, 1.5684309796062714, 0.07248221620713488, 0.07627624108047668
flux1:, 1.5694133364768754, 0.06517519640271466, 0.07276708132681207
flux1:, 1.5703956933474794, 0.06056613660169932, 0.06809529567319784
flux1:, 1.5713780502180832, 0.06011053400750594, 0.06329937075423468
flux1:, 1.5723604070886872, 0.05526114397150365, 0.06035631379138319
flux1:, 1.5733427639592912, 0.05001323893100831, 0.05716408275558737
flux1:, 1.5743251208298952, 0.04968205381493691, 0.05296401403124778
flux1:, 1.5753074777004992, 0.04714126177970403, 0.05010144541507184
flux1:, 1.576289834571103, 0.041958152499116434, 0.047975567803847985
flux1:, 1.577272191441707, 0.041024764404389055, 0.044671759819933675
flux1:, 1.578254548312311, 0.040281091133171805, 0.041759929779614666
flux1:, 1.579236905182915, 0.03582349546493968, 0.04015801885206267
flux1:, 1.580219262053519, 0.03397727832195127, 0.03786418292291355
flux1:, 1.5812016189241227, 0.03433298907861026, 0.03507242452768437
flux1:, 1.5821839757947267, 0.031104668330084517, 0.03353517505892071
flux1:, 1.5831663326653307, 0.02839291018153257, 0.03210023298433241
flux1:, 1.5841486895359347, 0.02907992040422961, 0.029722384151203752
flux1:, 1.5851310464065387, 0.027349179557285094, 0.028029522645488806
flux1:, 1.5861134032771425, 0.02413418131018867, 0.027107025743597777
flux1:, 1.5870957601477467, 0.02443559656039957, 0.02536372088552751
flux1:, 1.5880781170183504, 0.02414757616806557, 0.023563166705524226
flux1:, 1.5890604738889544, 0.021021665557733653, 0.022772966918314347
flux1:, 1.5900428307595584, 0.02044274292396384, 0.021687652982405128
flux1:, 1.5910251876301624, 0.021181680015183963, 0.019998707344107625
flux1:, 1.5920075445007664, 0.01878098892854126, 0.019086037191800083
flux1:, 1.5929899013713702, 0.017210357419486982, 0.018483102255688645
flux1:, 1.5939722582419742, 0.018298198413489408, 0.017139228584119707
flux1:, 1.5949546151125782, 0.01705571793852668, 0.0160510793350111
flux1:, 1.5959369719831822, 0.01480192046503667, 0.015655025177418784
flux1:, 1.5969193288537862, 0.0155325729641907, 0.014773127187998177
flux1:, 1.59790168572439, 0.01549705260616167, 0.01362805621590971
flux1:, 1.598884042594994, 0.013147088517042249, 0.013194927096363676
flux1:, 1.599866399465598, 0.01304619029354481, 0.012728625988419206
flux1:, 1.600848756336202, 0.013870943778188073, 0.0117150020845045
flux1:, 1.601831113206806, 0.012035312081891493, 0.011125511639792003
flux1:, 1.6028134700774097, 0.011012282908538252, 0.010906217486021897
flux1:, 1.6037958269480137, 0.01211269290151181, 0.010171423108858152
flux1:, 1.6047781838186177, 0.011185971286670118, 0.009449992928861308
flux1:, 1.6057605406892217, 0.009517746204241912, 0.009277049746723857
flux1:, 1.6067428975598257, 0.010305602013160655, 0.008859800996785927
flux1:, 1.6077252544304295, 0.010343719137546385, 0.00812671691743593
flux1:, 1.6087076113010335, 0.008523740191374257, 0.007854987522237724
flux1:, 1.6096899681716375, 0.008609437043490096, 0.00768121892996941
flux1:, 1.6106723250422414, 0.009349376041043118, 0.0070732382662139675
flux1:, 1.6116546819128454, 0.007885288981079921, 0.006659914483728171
flux1:, 1.6126370387834492, 0.007180423427392141, 0.006590479069061056
flux1:, 1.6136193956540532, 0.008165509686727383, 0.006190914050468649
flux1:, 1.6146017525246572, 0.00740486096507914, 0.005689357634390986
flux1:, 1.6155841093952612, 0.0061122880212587044, 0.005588339937044633
flux1:, 1.6165664662658652, 0.006861568836129779, 0.005395078911169383
flux1:, 1.617548823136469, 0.006893049446878943, 0.004908553337978278
flux1:, 1.618531180007073, 0.005408774899185758, 0.0046984248507322334
flux1:, 1.619513536877677, 0.005573857783036326, 0.004636683682222375
flux1:, 1.620495893748281, 0.0062189600708881096, 0.004259642724312982
flux1:, 1.621478250618885, 0.004985788136744294, 0.003941347630298862
flux1:, 1.6224606074894887, 0.004454665161910777, 0.003907276152310192
flux1:, 1.6234429643600927, 0.005341828418102436, 0.0036823964826922535
flux1:, 1.6244253212306967, 0.004697535624426092, 0.003317691657398916
flux1:, 1.6254076781013007, 0.0036210469278984713, 0.0032276282397174154
flux1:, 1.6263900349719047, 0.004319070296996023, 0.00313480303094247
flux1:, 1.6273723918425085, 0.004380884009270637, 0.002805568725268377
flux1:, 1.6283547487131127, 0.0031130771423873754, 0.0026275402670651615
flux1:, 1.6293371055837165, 0.003286510249293657, 0.0026035805406251222
flux1:, 1.6303194624543205, 0.0039095659795267195, 0.002370662799819776
flux1:, 1.6313018193249245, 0.0028741575893819348, 0.0021271679496830762
flux1:, 1.6322841761955285, 0.002410147683984116, 0.002101063430497073
flux1:, 1.6332665330661325, 0.003242683329959543, 0.001981049848468961
flux1:, 1.6342488899367362, 0.0027661196070677156, 0.0017275593596868162
flux1:, 1.6352312468073402, 0.0018200410300505902, 0.0016521412883426238
flux1:, 1.6362136036779442, 0.0024455670530615656, 0.0016184407990913578
flux1:, 1.6371959605485482, 0.0026217074933928067, 0.0014121690943433643
flux1:, 1.6381783174191522, 0.0015516437926753836, 0.0012789450366639742
flux1:, 1.639160674289756, 0.0016658124613386648, 0.0012812880883659433
flux1:, 1.64014303116036, 0.002316952100399121, 0.0011557738524455307
flux1:, 1.641125388030964, 0.0015253580370330592, 0.0009902158146852219
flux1:, 1.642107744901568, 0.0010675862609312852, 0.0009801934740825155
flux1:, 1.643090101772172, 0.001828726621014185, 0.0009350814065393004
flux1:, 1.6440724586427757, 0.0015807676031536278, 0.0007785005196880788
flux1:, 1.6450548155133797, 0.0007530672634109381, 0.0007292112942466956
flux1:, 1.6460371723839837, 0.0012443612290399034, 0.0007362844830245045
flux1:, 1.6470195292545877, 0.0015524806917834352, 0.0006244454205085487
flux1:, 1.6480018861251917, 0.0007123941084747061, 0.0005372726665949177
flux1:, 1.6489842429957955, 0.0007144520541996118, 0.0005571577301121797
flux1:, 1.6499665998663995, 0.0013484372122049757, 0.0005050971305913636
flux1:, 1.6509489567370035, 0.0008308234243850574, 0.000403042361464624
flux1:, 1.6519313136076075, 0.0003731944612370852, 0.00040374072983618414
flux1:, 1.6529136704782115, 0.0009878181675439944, 0.00040226892204249477
flux1:, 1.6538960273488152, 0.0009495670011434924, 0.000314896663104465
flux1:, 1.6548783842194192, 0.0002706937184415538, 0.000283781003191573
flux1:, 1.6558607410900232, 0.0005788195369841539, 0.00030745843140439635
flux1:, 1.6568430979606272, 0.0009452013178498044, 0.0002555678506439618
flux1:, 1.6578254548312312, 0.0003542798499306106, 0.00020043038796492535
flux1:, 1.658807811701835, 0.0002523833979553807, 0.00022157782947118616
flux1:, 1.659790168572439, 0.0007829001462631206, 0.0002088536944572442
flux1:, 1.660772525443043, 0.0005051481674121055, 0.00014936045617169625
flux1:, 1.661754882313647, 9.262843130382286e-05, 0.0001504332798289738
flux1:, 1.662737239184251, 0.0005175215344570342, 0.00016487468852526487
flux1:, 1.6637195960548548, 0.000603775784304564, 0.00012034129513251746
flux1:, 1.6647019529254587, 0.0001020592763521072, 9.900015814128703e-05
flux1:, 1.6656843097960627, 0.00024973482279604857, 0.0001214880728259601
flux1:, 1.6666666666666667, 0.0005847364372185724, 0.00010169596124765608
