flux1:, 1.1764705882352942, 0.0005396311404441239, 0.0004961375104781697
flux1:, 1.1774529451058982, 0.0001757859087588532, 0.000307490152573065
flux1:, 1.1784353019765021, 0.00034282451347680354, -4.850824705012611e-05
flux1:, 1.179417658847106, 0.0006844703418871418, 0.0004565739271485764
flux1:, 1.18040001571771, 0.00029828820224746277, 0.0005991620838519006
flux1:, 1.181382372588314, 0.00018311864417233976, 1.1628821956189304e-05
flux1:, 1.182364729458918, 0.0007460515646881083, 0.0003149123683829915
flux1:, 1.183347086329522, 0.0005667901452535867, 0.0008831816520127579
flux1:, 1.1843294432001257, 7.01750131232962e-05, 0.0002844115319083649
flux1:, 1.1853118000707297, 0.0006418199794681258, 0.00014305514599866114
flux1:, 1.1862941569413337, 0.000931640387132279, 0.001050786288972568
flux1:, 1.1872765138119377, 0.00015910722889699575, 0.000793880775421144
flux1:, 1.1882588706825417, 0.0003576759998992626, 9.715495281911786e-05
flux1:, 1.1892412275531457, 0.0012181276226138078, 0.001018810059744501
flux1:, 1.1902235844237494, 0.0005853114788457555, 0.0014582221864195253
flux1:, 1.1912059412943534, 5.4099906047911866e-05, 0.0003852169287716757
flux1:, 1.1921882981649574, 0.0011675427602785852, 0.0008162669792563159
flux1:, 1.1931706550355614, 0.0012676785508456696, 0.0020807970023627533
flux1:, 1.1941530119061654, 7.951008544202569e-05, 0.0011744043295546383
flux1:, 1.1951353687767692, 0.000678915397008397, 0.0006581506246137552
flux1:, 1.1961177256473732, 0.0017393932680090521, 0.0024030410119763304
flux1:, 1.1971000825179772, 0.0006439304208809288, 0.0024289361421190466
flux1:, 1.1980824393885812, 0.00012531722108789615, 0.000929714127775534
flux1:, 1.1990647962591852, 0.0014930003250849197, 0.0022125584748443716
flux1:, 1.200047153129789, 0.0013090457582441727, 0.0036252147069678674
flux1:, 1.201029510000393, 4.5697090017477935e-05, 0.001891737728370138
flux1:, 1.202011866870997, 0.0008166049964973191, 0.0016575140194239532
flux1:, 1.202994223741601, 0.001497021223070828, 0.0038961822521798033
flux1:, 1.203976580612205, 0.00032506825554469887, 0.003152718841338086
flux1:, 1.2049589374828087, 0.0003518027713774146, 0.00136683264774526
flux1:, 1.2059412943534127, 0.0013987315173049845, 0.003158316275021708
flux1:, 1.2069236512240167, 0.0006473733607940775, 0.004008817387905785
flux1:, 1.2079060080946207, 0.00012712352717344708, 0.0017136017684179986
flux1:, 1.2088883649652247, 0.0012706642757007915, 0.002126641368968431
flux1:, 1.2098707218358287, 0.0010265735413171853, 0.004169073740774917
flux1:, 1.2108530787064324, 3.68098960001323e-05, 0.002535465709637789
flux1:, 1.2118354355770364, 0.0010536894120771118, 0.0014168021853700563
flux1:, 1.2128177924476404, 0.0014699744703761722, 0.0037251510687262637
flux1:, 1.2138001493182444, 0.0001512856640568069, 0.0034756837960720796
flux1:, 1.2147825061888484, 0.0006949346764760846, 0.0013107210607158685
flux1:, 1.2157648630594522, 0.001847900065985628, 0.0029380001233984907
flux1:, 1.2167472199300562, 0.000561960463766412, 0.0042105169459778526
flux1:, 1.2177295768006602, 0.00028623611109035424, 0.0018437586829536923
flux1:, 1.2187119336712642, 0.0019957058662631293, 0.0021340628150702478
flux1:, 1.2196942905418682, 0.0012608399002651898, 0.004532129222840172
flux1:, 1.220676647412472, 2.1912262268157376e-05, 0.0028839256653491645
flux1:, 1.221659004283076, 0.0018164873146994261, 0.0016440121995007816
flux1:, 1.22264136115368, 0.0021225881717192516, 0.004384132216870285
flux1:, 1.223623718024284, 0.00011831959245125718, 0.004190667906041515
flux1:, 1.224606074894888, 0.0013377473297115825, 0.0017489831248964425
flux1:, 1.2255884317654917, 0.0029411024941353088, 0.0038773441325810334
flux1:, 1.2265707886360957, 0.0007432994657613024, 0.005475971048443606
flux1:, 1.2275531455066997, 0.0007310263867197118, 0.002633420472665017
flux1:, 1.2285355023773037, 0.0034915675175714866, 0.003289140222670414
flux1:, 1.2295178592479077, 0.001967424614263618, 0.006477257149060814
flux1:, 1.2305002161185117, 0.00030766588484683934, 0.004352286703846903
flux1:, 1.2314825729891155, 0.0036063514665865795, 0.0030480622652925273
flux1:, 1.2324649298597194, 0.0037417431340106846, 0.007045543803463253
flux1:, 1.2334472867303234, 0.0005057728986375309, 0.006823265506737134
flux1:, 1.2344296436009274, 0.003266070090669099, 0.0037105653859431805
flux1:, 1.2354120004715314, 0.0059061872671864945, 0.007255456183496936
flux1:, 1.2363943573421352, 0.0018901988545926003, 0.0098583488789522
flux1:, 1.2373767142127392, 0.002730954941568565, 0.0059468163412598665
flux1:, 1.2383590710833432, 0.008239619318920425, 0.007561201882528907
flux1:, 1.2393414279539472, 0.0051998039799666055, 0.013259092361354344
flux1:, 1.2403237848245512, 0.0027986903794818396, 0.010565497996713979
flux1:, 1.241306141695155, 0.010597350754601106, 0.009071794150572693
flux1:, 1.242288498565759, 0.011487611798210135, 0.017028411951773403
flux1:, 1.243270855436363, 0.005431678696856621, 0.018587413475203755
flux1:, 1.244253212306967, 0.013318556349356319, 0.014100479349167954
flux1:, 1.245235569177571, 0.02227969354343924, 0.021801275716683038
flux1:, 1.2462179260481747, 0.015186359408776563, 0.03098844505951573
flux1:, 1.2472002829187787, 0.018456497582848688, 0.026704238828993872
flux1:, 1.2481826397893827, 0.03825365804967005, 0.029223223342909756
flux1:, 1.2491649966599867, 0.03908124822349052, 0.04501660920212653
flux1:, 1.2501473535305907, 0.0310358077783755, 0.04694574874747723
flux1:, 1.2511297104011945, 0.04946183462335996, 0.03786393145966174
flux1:, 1.2521120672717985, 0.06420204264957746, 0.04355538607453614
flux1:, 1.2530944241424025, 0.04618101209927629, 0.049514492234928674
flux1:, 1.2540767810130065, 0.038321982849689316, 0.03541474837234735
flux1:, 1.2550591378836105, 0.05372455571692856, 0.02417385739559353
flux1:, 1.2560414947542144, 0.04618688245273848, 0.028299986836198037
flux1:, 1.2570238516248182, 0.0248253433136743, 0.024519657466804123
flux1:, 1.2580062084954222, 0.03093635540306519, 0.012356177615369671
flux1:, 1.2589885653660262, 0.03780120818937147, 0.012167896230914507
flux1:, 1.2599709222366302, 0.020602315226764905, 0.015320554516490208
flux1:, 1.2609532791072342, 0.01654459095276255, 0.00852792687912543
flux1:, 1.261935635977838, 0.028731742118899343, 0.005017049412701661
flux1:, 1.262917992848442, 0.020813860213075044, 0.00904015362069792
flux1:, 1.263900349719046, 0.010109780265572384, 0.007250486389540148
flux1:, 1.26488270658965, 0.02059989901621415, 0.0028534299353902984
flux1:, 1.265865063460254, 0.021757058898112486, 0.00511088502095389
flux1:, 1.266847420330858, 0.008866885539149268, 0.006331328484677997
flux1:, 1.2678297772014617, 0.013891241029482316, 0.002927481993700606
flux1:, 1.2688121340720657, 0.021759931789382174, 0.0031245528967832874
flux1:, 1.2697944909426697, 0.010785998507327558, 0.0053348979082056885
flux1:, 1.2707768478132737, 0.009111095636333855, 0.0037126460322424557
flux1:, 1.2717592046838777, 0.020246380743029105, 0.002697638154782569
flux1:, 1.2727415615544815, 0.014276905800406853, 0.004490298592295989
flux1:, 1.2737239184250855, 0.006739355352538222, 0.0044408165845884525
flux1:, 1.2747062752956895, 0.017350206977332215, 0.003343880981376845
flux1:, 1.2756886321662935, 0.017962511662099844, 0.004181676524915892
flux1:, 1.2766709890368975, 0.007016576066378236, 0.004887410421415928
flux1:, 1.2776533459075012, 0.013736682303734985, 0.004510906709093844
flux1:, 1.2786357027781052, 0.020701990310936405, 0.004671635090955395
flux1:, 1.2796180596487092, 0.00976960104970798, 0.005226012242861436
flux1:, 1.2806004165193132, 0.01041781828991118, 0.005715249180454392
flux1:, 1.2815827733899172, 0.021742142477862277, 0.0059636093971243065
flux1:, 1.282565130260521, 0.014347860722980603, 0.005854866488166044
flux1:, 1.283547487131125, 0.008501444465706892, 0.006696095226194614
flux1:, 1.284529844001729, 0.02088048265130629, 0.007794200608141819
flux1:, 1.285512200872333, 0.019704143901534577, 0.00718763446320903
flux1:, 1.286494557742937, 0.008896224275702682, 0.007514064721334867
flux1:, 1.2874769146135407, 0.01854593692237163, 0.009746164856944982
flux1:, 1.2884592714841447, 0.024615507399133287, 0.009452945631082085
flux1:, 1.2894416283547487, 0.012039471196969003, 0.008542763064116967
flux1:, 1.2904239852253527, 0.015736178516133802, 0.011443328498007884
flux1:, 1.2914063420959567, 0.02799640526319024, 0.012566829786232135
flux1:, 1.2923886989665605, 0.017728391064777253, 0.010338704938073503
flux1:, 1.2933710558371645, 0.013797982352372177, 0.012758634556810096
flux1:, 1.2943534127077685, 0.02922062762351356, 0.0161311283543204
flux1:, 1.2953357695783725, 0.025117972485887215, 0.013421490309387146
flux1:, 1.2963181264489765, 0.014090467887547666, 0.013954046632208129
flux1:, 1.2973004833195805, 0.0283557967842736, 0.019574630043323618
flux1:, 1.2982828401901843, 0.032905671245739856, 0.01803622328950587
flux1:, 1.2992651970607882, 0.01761538914211125, 0.015685629024857217
flux1:, 1.3002475539313922, 0.026231579807642416, 0.022403973815295228
flux1:, 1.3012299108019962, 0.039667793555441026, 0.023988952365569343
flux1:, 1.3022122676726002, 0.024718656667356988, 0.018848046521054967
flux1:, 1.303194624543204, 0.02430784430375523, 0.024485614090573354
flux1:, 1.304176981413808, 0.04426345105411083, 0.030633981430554843
flux1:, 1.305159338284412, 0.03495409712484894, 0.024289741410701532
flux1:, 1.306141695155016, 0.024368785536324048, 0.026256438170435107
flux1:, 1.30712405202562, 0.046197659999112704, 0.03704867796989222
flux1:, 1.308106408896224, 0.04715712119093319, 0.032484113125722434
flux1:, 1.3090887657668278, 0.028124062680146254, 0.028771582571866603
flux1:, 1.3100711226374318, 0.04584486402483639, 0.04236894331211631
flux1:, 1.3110534795080357, 0.05971507183070515, 0.04327311219503897
flux1:, 1.3120358363786397, 0.03683026897570081, 0.03354539194093723
flux1:, 1.3130181932492437, 0.04447826395094009, 0.046197331981336756
flux1:, 1.3140005501198475, 0.0709630302225713, 0.055792532198561735
flux1:, 1.3149829069904515, 0.05104465581669767, 0.04221509966669364
flux1:, 1.3159652638610555, 0.0441175825461998, 0.048961360217449595
flux1:, 1.3169476207316595, 0.07959841436306699, 0.06863895783284071
flux1:, 1.3179299776022635, 0.0705887822566396, 0.05613503174901926
flux1:, 1.3189123344728673, 0.04728295324072994, 0.052114665777050255
flux1:, 1.3198946913434713, 0.08500895319435456, 0.08025826353910248
flux1:, 1.3208770482140753, 0.0947465889955853, 0.0760670285552224
flux1:, 1.3218594050846793, 0.05681751583826436, 0.0581566734050489
flux1:, 1.3228417619552832, 0.08745283113435542, 0.08945187760652545
flux1:, 1.323824118825887, 0.12267348111477316, 0.10215182188574995
flux1:, 1.324806475696491, 0.07603638870680758, 0.07062021593183816
flux1:, 1.325788832567095, 0.08812397410114495, 0.09585374798142149
flux1:, 1.326771189437699, 0.1539877105786712, 0.1343317827880608
flux1:, 1.327753546308303, 0.1096853778611037, 0.09452151691354078
flux1:, 1.3287359031789068, 0.08932583043205068, 0.10030555091423735
flux1:, 1.3297182600495108, 0.1896265114612078, 0.17341566828774344
flux1:, 1.3307006169201148, 0.16698955716299352, 0.13866110493295766
flux1:, 1.3316829737907188, 0.0955249486340886, 0.10549337206158482
flux1:, 1.3326653306613228, 0.23354194754893484, 0.22331936384673065
flux1:, 1.3336476875319265, 0.2715061863915793, 0.22454223415745497
flux1:, 1.3346300444025305, 0.1184928844370428, 0.11929969007464863
flux1:, 1.3356124012731345, 0.298106592757287, 0.2971609352831408
flux1:, 1.3365947581437385, 0.5015613457795756, 0.4251276785952619
flux1:, 1.3375771150143425, 0.2060085369994687, 0.17756970555549711
flux1:, 1.3385594718849465, 0.4319545429128661, 0.44565089480031717
flux1:, 1.3395418287555503, 1.2534771367680433, 1.1214416927488855
flux1:, 1.3405241856261543, 0.7140229671518556, 0.5866440030296423
flux1:, 1.3415065424967583, 1.0317321368216046, 1.068049787023889
flux1:, 1.3424888993673623, 8.552603677850616, 8.267145696155332
flux1:, 1.3434712562379663, 20.869185645024316, 20.07567491705651
flux1:, 1.34445361310857, 24.84061196400775, 24.47715697623264
flux1:, 1.345435969979174, 15.458457441197734, 16.049249918129757
flux1:, 1.346418326849778, 4.06700018368572, 4.705685309877267
flux1:, 1.347400683720382, 0.6172235512879828, 0.6971049773241494
flux1:, 1.348383040590986, 1.614204700234013, 1.7197674409962276
flux1:, 1.34936539746159, 1.2300733656302767, 1.588542414576352
flux1:, 1.3503477543321938, 0.39024633243028717, 0.5362575714266107
flux1:, 1.3513301112027978, 0.7018012628703548, 0.7342082406111117
flux1:, 1.3523124680734018, 0.7898154008885822, 1.0523929637785348
flux1:, 1.3532948249440058, 0.3889135208535233, 0.5988444779421827
flux1:, 1.3542771818146098, 0.4887439481860418, 0.5122571495445666
flux1:, 1.3552595386852135, 0.6524411063433964, 0.843543915271158
flux1:, 1.3562418955558175, 0.42600178315611603, 0.6940918513649721
flux1:, 1.3572242524264215, 0.42960364701754533, 0.48770800470934833
flux1:, 1.3582066092970255, 0.6050746608488815, 0.7308964105047392
flux1:, 1.3591889661676295, 0.47938259401392025, 0.7878323313199669
flux1:, 1.3601713230382333, 0.42704052712018004, 0.5605640479635998
flux1:, 1.3611536799088373, 0.5959023723680059, 0.6700731423842723
flux1:, 1.3621360367794413, 0.5449267419976555, 0.8632619796763242
flux1:, 1.3631183936500453, 0.45451178972159706, 0.6984076447077713
flux1:, 1.3641007505206493, 0.6058958407714319, 0.6615452868466094
flux1:, 1.365083107391253, 0.6216776058706607, 0.9119479181463999
flux1:, 1.366065464261857, 0.504757392342789, 0.8791846460340081
flux1:, 1.367047821132461, 0.6258350434535448, 0.7218878452162162
flux1:, 1.368030178003065, 0.7081606656500254, 0.9367530714988743
flux1:, 1.369012534873669, 0.5781611963236197, 1.0786491117794077
flux1:, 1.3699948917442728, 0.6508322352690558, 0.8725639974765885
flux1:, 1.3709772486148768, 0.8003028185017129, 0.9567382764282573
flux1:, 1.3719596054854808, 0.678685308085645, 1.2696014973991467
flux1:, 1.3729419623560848, 0.6796123300291127, 1.1336003231356613
flux1:, 1.3739243192266888, 0.8896580349407122, 1.0129814926075447
flux1:, 1.3749066760972926, 0.8107400450636988, 1.4268200763522687
flux1:, 1.3758890329678966, 0.7158210723778119, 1.5228707165676247
flux1:, 1.3768713898385005, 0.9621745914943249, 1.1801956043700297
flux1:, 1.3778537467091045, 0.9742040927371577, 1.5363365299498768
flux1:, 1.3788361035797085, 0.7717921537732142, 2.0720218677018134
flux1:, 1.3798184604503125, 1.001920325925922, 1.6138347749796331
flux1:, 1.3808008173209163, 1.1533287795325038, 1.6131926280749331
flux1:, 1.3817831741915203, 0.8887923310876784, 2.922727582606767
flux1:, 1.3827655310621243, 1.0683535677105147, 2.870530277680937
flux1:, 1.3837478879327283, 1.2912413003852445, 1.7942507241758374
flux1:, 1.3847302448033323, 1.5052214691278047, 5.38043649510848
flux1:, 1.3857126016739363, 5.4242962994234905, 13.521219194085218
flux1:, 1.38669495854454, 13.738256685095902, 16.79861582828564
flux1:, 1.387677315415144, 17.928575677367064, 11.033968930079881
flux1:, 1.388659672285748, 12.14456234537066, 3.9088174154672983
flux1:, 1.389642029156352, 4.12322861026738, 1.7530797641089408
flux1:, 1.390624386026956, 2.630775459056556, 1.9460169627414556
flux1:, 1.3916067428975598, 4.362079882158208, 1.5612609955486803
flux1:, 1.3925890997681638, 3.6630155685669705, 1.7319916179801316
flux1:, 1.3935714566387678, 2.6202896527659156, 2.4092972607802325
flux1:, 1.3945538135093718, 3.504086476134433, 2.2266131221399914
flux1:, 1.3955361703799758, 3.8354538302370798, 2.0683224917898833
flux1:, 1.3965185272505796, 3.08448181061859, 2.720327999891822
flux1:, 1.3975008841211836, 3.3909432577076406, 2.9234837710839745
flux1:, 1.3984832409917876, 4.071710548517997, 2.6086381997024604
flux1:, 1.3994655978623916, 3.6930992813335526, 2.990340831988979
flux1:, 1.4004479547329955, 3.5832791497351155, 3.4979129129966786
flux1:, 1.4014303116035993, 4.276635817038421, 3.278888893704568
flux1:, 1.4024126684742033, 4.305988534534053, 3.3122201872674517
flux1:, 1.4033950253448073, 3.9697214392785045, 3.898989540220398
flux1:, 1.4043773822154113, 4.431874850291531, 3.9461571188090057
flux1:, 1.4053597390860153, 4.790689787552218, 3.7211258555461426
flux1:, 1.406342095956619, 4.447171803013296, 4.1277466554582265
flux1:, 1.407324452827223, 4.548706759299055, 4.443948068324497
flux1:, 1.408306809697827, 5.03854297870324, 4.163684439383801
flux1:, 1.409289166568431, 4.868827622511129, 4.22905872911206
flux1:, 1.410271523439035, 4.638797464290369, 4.6459109856140826
flux1:, 1.4112538803096388, 5.013294224032272, 4.506523303311422
flux1:, 1.4122362371802428, 5.079888522875935, 4.2570152300375375
flux1:, 1.4132185940508468, 4.68855552497032, 4.5395276899545225
flux1:, 1.4142009509214508, 4.774900301137375, 4.610611044036122
flux1:, 1.4151833077920548, 4.996693786093878, 4.2326488044643
flux1:, 1.4161656646626586, 4.657128783323598, 4.231837738332983
flux1:, 1.4171480215332626, 4.442745009543643, 4.427127616953916
flux1:, 1.4181303784038666, 4.656481431680203, 4.135055329945626
flux1:, 1.4191127352744706, 4.5050222488563465, 3.872567048124239
flux1:, 1.4200950921450746, 4.123031938452631, 4.030499595393352
flux1:, 1.4210774490156786, 4.1883491366299666, 3.935240667064609
flux1:, 1.4220598058862823, 4.2282518632584125, 3.564330211291532
flux1:, 1.4230421627568863, 3.862054114384183, 3.5645905867550978
flux1:, 1.4240245196274903, 3.7352218087223736, 3.6362350608128318
flux1:, 1.4250068764980943, 3.8685727553122033, 3.3313629254727384
flux1:, 1.4259892333686983, 3.6520325530545055, 3.1602736696894436
flux1:, 1.4269715902393023, 3.391218751085907, 3.2841757570724774
flux1:, 1.427953947109906, 3.496521373044287, 3.147517572378202
flux1:, 1.42893630398051, 3.465841604829834, 2.8860054361955565
flux1:, 1.429918660851114, 3.1840791750733977, 2.9494182768304356
flux1:, 1.430901017721718, 3.1837207568817867, 2.9807906287593458
flux1:, 1.431883374592322, 3.287663551591944, 2.74503701858815
flux1:, 1.4328657314629258, 3.091778510934182, 2.6973105399138704
flux1:, 1.4338480883335298, 2.9801238882013763, 2.821685458714985
flux1:, 1.4348304452041338, 3.124967505905034, 2.70068245243392
flux1:, 1.4358128020747378, 3.071290088759039, 2.565943611623119
flux1:, 1.4367951589453418, 2.9031526507236936, 2.6877438656391375
flux1:, 1.4377775158159456, 3.0035112776401864, 2.7076136280389758
flux1:, 1.4387598726865496, 3.0839638777884892, 2.5582890606551127
flux1:, 1.4397422295571536, 2.939124164950979, 2.6112588733257547
flux1:, 1.4407245864277576, 2.9533236764377007, 2.7352534201752317
flux1:, 1.4417069432983616, 3.1103424026259354, 2.6483457601615537
flux1:, 1.4426893001689653, 3.0539635822886475, 2.621024009871378
flux1:, 1.4436716570395693, 2.993919941973531, 2.7774556177601744
flux1:, 1.4446540139101733, 3.1528154533817796, 2.7964314962412207
flux1:, 1.4456363707807773, 3.20841416740964, 2.72758523512601
flux1:, 1.4466187276513813, 3.1250249929801988, 2.848586742595233
flux1:, 1.447601084521985, 3.228180299720965, 2.9666414307388527
flux1:, 1.448583441392589, 3.3722017513105933, 2.9179335670733244
flux1:, 1.449565798263193, 3.3260496071441445, 2.9704264705414465
flux1:, 1.450548155133797, 3.3548143431655784, 3.139517569932035
flux1:, 1.451530512004401, 3.5322583015929356, 3.160996832209843
flux1:, 1.4525128688750049, 3.5639138854631702, 3.156942123536196
flux1:, 1.4534952257456089, 3.540508334427657, 3.3152966360637413
flux1:, 1.4544775826162128, 3.6924689110394278, 3.4206318190275518
flux1:, 1.4554599394868168, 3.805394205370635, 3.404177172765115
flux1:, 1.4564422963574208, 3.776295762036872, 3.507299757769951
flux1:, 1.4574246532280246, 3.8659548452048864, 3.669624451884715
flux1:, 1.4584070100986286, 4.028321462048845, 3.689741044285939
flux1:, 1.4593893669692326, 4.038682405867767, 3.729541433209595
flux1:, 1.4603717238398366, 4.06416278807291, 3.898003028256651
flux1:, 1.4613540807104406, 4.226721686742999, 3.9815493649419254
flux1:, 1.4623364375810444, 4.298613439956053, 3.985238177607482
flux1:, 1.4633187944516486, 4.28826093931673, 4.1120949739581585
flux1:, 1.4643011513222524, 4.408162458951441, 4.250840824081322
flux1:, 1.4652835081928564, 4.53235068865201, 4.262053420154363
flux1:, 1.4662658650634603, 4.526760564838969, 4.3256563060801865
flux1:, 1.4672482219340643, 4.585476184174691, 4.482580704137102
flux1:, 1.4682305788046683, 4.728883462015212, 4.5359910967151285
flux1:, 1.4692129356752721, 4.759766485752978, 4.548342443904011
flux1:, 1.470195292545876, 4.767498920236165, 4.678201138492105
flux1:, 1.47117764941648, 4.89075337986065, 4.781152230856322
flux1:, 1.472160006287084, 4.9668809173414346, 4.777608082638862
flux1:, 1.473142363157688, 4.953256294125721, 4.849955157536309
flux1:, 1.4741247200282919, 5.028729070298703, 4.979752187068919
flux1:, 1.4751070768988959, 5.134368542379417, 4.997667069715494
flux1:, 1.4760894337694999, 5.1316239860343345, 5.010390369247652
flux1:, 1.4770717906401039, 5.153560052532572, 5.127183959881851
flux1:, 1.4780541475107078, 5.258185697301908, 5.185157243263593
flux1:, 1.4790365043813116, 5.28553088239288, 5.162414057437092
flux1:, 1.4800188612519156, 5.268808891970934, 5.229861220230766
flux1:, 1.4810012181225196, 5.341943744931154, 5.317913250289496
flux1:, 1.4819835749931236, 5.397856943152903, 5.29456596136544
flux1:, 1.4829659318637276, 5.367584550447273, 5.297282045941135
flux1:, 1.4839482887343314, 5.391349954301883, 5.382189021702678
flux1:, 1.4849306456049354, 5.455992124333897, 5.383363278969118
flux1:, 1.4859130024755394, 5.433875994573757, 5.332493280841653
flux1:, 1.4868953593461434, 5.408064075619257, 5.374918052235384
flux1:, 1.4878777162167474, 5.453281773334346, 5.40141740848326
flux1:, 1.4888600730873511, 5.4472558556060084, 5.325963115113674
flux1:, 1.4898424299579551, 5.385875936495421, 5.300342882202302
flux1:, 1.4908247868285591, 5.3874573218938515, 5.3276662297420065
flux1:, 1.4918071436991631, 5.388745296607955, 5.25660507325526
flux1:, 1.4927895005697671, 5.310920585019666, 5.1634006443461455
flux1:, 1.4937718574403709, 5.257719434993609, 5.1552015228050925
flux1:, 1.4947542143109749, 5.245809984019586, 5.100576904455305
flux1:, 1.4957365711815789, 5.165952255412715, 4.964322610329093
flux1:, 1.4967189280521829, 5.06270104197258, 4.893121336195317
flux1:, 1.4977012849227869, 5.015418828318142, 4.844209685007046
flux1:, 1.4986836417933906, 4.937226464763366, 4.698655464400356
flux1:, 1.4996659986639946, 4.800859123970192, 4.5616754570313285
flux1:, 1.5006483555345986, 4.704977203549993, 4.493905055116821
flux1:, 1.5016307124052026, 4.621618814894847, 4.363540637635486
flux1:, 1.5026130692758066, 4.473324241153017, 4.183869322008649
flux1:, 1.5035954261464104, 4.331081730543394, 4.0763407487552925
flux1:, 1.5045777830170146, 4.23102577287954, 3.9660051668663323
flux1:, 1.5055601398876184, 4.087648696306958, 3.7790135840183505
flux1:, 1.5065424967582224, 3.9160441530743326, 3.628491460414013
flux1:, 1.5075248536288264, 3.79125448033113, 3.5265872998922165
flux1:, 1.5085072104994304, 3.6599846111258953, 3.3616603222980377
flux1:, 1.5094895673700344, 3.4831322929738575, 3.184371143109102
flux1:, 1.5104719242406381, 3.334982341146082, 3.075110191062307
flux1:, 1.5114542811112421, 3.2137270948627643, 2.944389994010926
flux1:, 1.5124366379818461, 3.0526395867379796, 2.7666269821743525
flux1:, 1.5134189948524501, 2.892305571672124, 2.6416634309900138
flux1:, 1.5144013517230541, 2.774750735187798, 2.5402924118291743
flux1:, 1.515383708593658, 2.6402645228850483, 2.385669570086119
flux1:, 1.516366065464262, 2.483960515441329, 2.2485552118278522
flux1:, 1.5173484223348659, 2.3655719652734386, 2.1627922418229266
flux1:, 1.5183307792054699, 2.2573852517098767, 2.0435959146399876
flux1:, 1.5193131360760739, 2.1197471870609217, 1.906797290001288
flux1:, 1.5202954929466777, 2.0011623552948428, 1.8234760840019535
flux1:, 1.5212778498172816, 1.911855833545008, 1.738940945236448
flux1:, 1.5222602066878856, 1.8010480204063715, 1.617141461303749
flux1:, 1.5232425635584896, 1.6877200534692467, 1.5297679292515127
flux1:, 1.5242249204290936, 1.6084407644886367, 1.4698936576744368
flux1:, 1.5252072772996974, 1.5247613020704234, 1.3737001032161436
flux1:, 1.5261896341703014, 1.4240269965122163, 1.2837557586403108
flux1:, 1.5271719910409054, 1.348856024865516, 1.235473029044726
flux1:, 1.5281543479115094, 1.2865436693059855, 1.1680182153685938
flux1:, 1.5291367047821134, 1.204176044913202, 1.0824906885592698
flux1:, 1.5301190616527172, 1.1318013473499808, 1.0352149954615162
flux1:, 1.5311014185233212, 1.0825333028356645, 0.9922063918623418
flux1:, 1.5320837753939252, 1.020455446399649, 0.9194148228012164
flux1:, 1.5330661322645291, 0.9533262671531292, 0.8682201005711323
flux1:, 1.5340484891351331, 0.909696727913851, 0.8406002615499779
flux1:, 1.535030846005737, 0.8655824683829492, 0.7863234017364251
flux1:, 1.536013202876341, 0.8076336581280589, 0.7322827811778384
flux1:, 1.536995559746945, 0.76537934583041, 0.710028085516598
flux1:, 1.537977916617549, 0.7339356705905937, 0.6752811394433775
flux1:, 1.538960273488153, 0.6881859158724603, 0.623537399278178
flux1:, 1.5399426303587567, 0.646678946413833, 0.5991021072092663
flux1:, 1.5409249872293607, 0.621806148802529, 0.5800485959182881
flux1:, 1.5419073440999647, 0.5888335637243113, 0.5367551801360654
flux1:, 1.5428897009705687, 0.5500823295778466, 0.5070703788339616
flux1:, 1.5438720578411727, 0.5269395088847713, 0.49675888536715407
flux1:, 1.5448544147117764, 0.5046657039865584, 0.46616907278822056
flux1:, 1.5458367715823806, 0.47154165134869047, 0.432743427605512
flux1:, 1.5468191284529844, 0.44776230819783014, 0.4237959624514217
flux1:, 1.5478014853235884, 0.4323790132023938, 0.4065244375865345
flux1:, 1.5487838421941924, 0.4069193754028306, 0.3738807582372914
flux1:, 1.5497661990647964, 0.3826785974059085, 0.36103953519995635
flux1:, 1.5507485559354004, 0.37013459881119803, 0.3539801120637286
flux1:, 1.5517309128060042, 0.35256915243778797, 0.3272063266626733
flux1:, 1.5527132696766082, 0.3296954384475639, 0.3088108389579893
flux1:, 1.5536956265472122, 0.3170463753541415, 0.30654490449773525
flux1:, 1.5546779834178162, 0.305788113028218, 0.28897648359080585
flux1:, 1.5556603402884202, 0.2864494604655466, 0.2669228680950008
flux1:, 1.556642697159024, 0.27255307946282187, 0.26391090678773377
flux1:, 1.557625054029628, 0.2649623667792161, 0.25581614103063877
flux1:, 1.558607410900232, 0.2505266657945189, 0.23416792841013873
flux1:, 1.559589767770836, 0.23592467001465667, 0.22677833261335978
flux1:, 1.56057212464144, 0.2293799477921824, 0.22545091643911327
flux1:, 1.5615544815120437, 0.21986612993191215, 0.20838325871388078
flux1:, 1.5625368383826477, 0.20605510619990328, 0.19596127222311688
flux1:, 1.5635191952532517, 0.19882842463123523, 0.1970301862528572
flux1:, 1.5645015521238557, 0.19304268227393365, 0.18699613196335477
flux1:, 1.5654839089944597, 0.1815479592913006, 0.17163402461755475
flux1:, 1.5664662658650634, 0.17316491958768213, 0.1709244558793472
flux1:, 1.5674486227356674, 0.16931672923563953, 0.1677612181087775
flux1:, 1.5684309796062714, 0.16098106672010948, 0.15299712750505726
flux1:, 1.5694133364768754, 0.15202505549947207, 0.14811403600554937
flux1:, 1.5703956933474794, 0.14846309971918198, 0.14935010782050256
flux1:, 1.5713780502180832, 0.14318589727145276, 0.13844540356989943
flux1:, 1.5723604070886872, 0.13474643360546612, 0.12944923085395837
flux1:, 1.5733427639592912, 0.13048547022932272, 0.13154654721986034
flux1:, 1.5743251208298952, 0.12740973996919824, 0.1261036317505702
flux1:, 1.5753074777004992, 0.12047742235282613, 0.1150953791435109
flux1:, 1.576289834571103, 0.11535083933145025, 0.1149950668234364
flux1:, 1.577272191441707, 0.11331142168937398, 0.11445353217318081
flux1:, 1.578254548312311, 0.10837183963270117, 0.10436869418432122
flux1:, 1.579236905182915, 0.10283998316303038, 0.10064949351539229
flux1:, 1.580219262053519, 0.10082617436881237, 0.10276658793091376
flux1:, 1.5812016189241227, 0.09775998697219197, 0.09598199540493337
flux1:, 1.5821839757947267, 0.09253802978147184, 0.08918373072599187
flux1:, 1.5831663326653307, 0.08998358598666248, 0.09117229228927445
flux1:, 1.5841486895359347, 0.08822706325585715, 0.08854200885178166
flux1:, 1.5851310464065387, 0.0839245943725235, 0.08061725401823283
flux1:, 1.5861134032771425, 0.08076034540848617, 0.08036891743341333
flux1:, 1.5870957601477467, 0.07958972870310752, 0.08104895901943035
flux1:, 1.5880781170183504, 0.07649383647466079, 0.07428854598470035
flux1:, 1.5890604738889544, 0.07301155013039476, 0.07114009275707313
flux1:, 1.5900428307595584, 0.07180780064071292, 0.0731758710048292
flux1:, 1.5910251876301624, 0.06984508661788127, 0.06914394887067901
flux1:, 1.5920075445007664, 0.06647877789558383, 0.06390967889446417
flux1:, 1.5929899013713702, 0.06488318784290345, 0.06522677778174482
flux1:, 1.5939722582419742, 0.06371739770611964, 0.06417346588105087
flux1:, 1.5949546151125782, 0.060843620803681976, 0.058526792075589716
flux1:, 1.5959369719831822, 0.05878540161931762, 0.05782854523346742
flux1:, 1.5969193288537862, 0.057973815581737406, 0.058776942917032005
flux1:, 1.59790168572439, 0.05579036672578893, 0.0543492232698168
flux1:, 1.598884042594994, 0.05341878622142657, 0.05152847400962486
flux1:, 1.599866399465598, 0.05255861372542704, 0.0528996163238354
flux1:, 1.600848756336202, 0.05105357853698534, 0.05054842724209026
flux1:, 1.601831113206806, 0.048626525340556434, 0.04649700967719386
flux1:, 1.6028134700774097, 0.04745177307098502, 0.046903469419881536
flux1:, 1.6037958269480137, 0.04644289327680473, 0.04646306944728332
flux1:, 1.6047781838186177, 0.04421747397283035, 0.04246352062196504
flux1:, 1.6057605406892217, 0.042636681487813057, 0.04127396204704355
flux1:, 1.6067428975598257, 0.04184933359308079, 0.041825661633972465
flux1:, 1.6077252544304295, 0.04000184740348131, 0.038884283561630095
flux1:, 1.6087076113010335, 0.038086171222307515, 0.03633234134310994
flux1:, 1.6096899681716375, 0.03724166000369065, 0.0367732686758317
flux1:, 1.6106723250422414, 0.0358265168645931, 0.03522544298018956
flux1:, 1.6116546819128454, 0.03376344127923821, 0.03209842006706155
flux1:, 1.6126370387834492, 0.03265820406881029, 0.03167594083976558
flux1:, 1.6136193956540532, 0.03160529018293489, 0.03120023447311524
flux1:, 1.6146017525246572, 0.02963073464129823, 0.02834784096597855
flux1:, 1.6155841093952612, 0.028192352088833413, 0.02690555585218149
flux1:, 1.6165664662658652, 0.027339911378496576, 0.02684680937524511
flux1:, 1.617548823136469, 0.02566066517468736, 0.024793312290195654
flux1:, 1.618531180007073, 0.02396605849027646, 0.022676134622334983
flux1:, 1.619513536877677, 0.023123272661138103, 0.0224371660807332
flux1:, 1.620495893748281, 0.021848690188992218, 0.02125983691173175
flux1:, 1.621478250618885, 0.02009237634020665, 0.01901731666229176
flux1:, 1.6224606074894887, 0.019114978496572576, 0.01830249722697183
flux1:, 1.6234429643600927, 0.01822432337941213, 0.01775339489276766
flux1:, 1.6244253212306967, 0.016640862758315098, 0.015849034884864208
flux1:, 1.6254076781013007, 0.015489764133151196, 0.014686687317040863
flux1:, 1.6263900349719047, 0.014853908573059849, 0.014412070673746549
flux1:, 1.6273723918425085, 0.013624386905966644, 0.013075339745576451
flux1:, 1.6283547487131127, 0.012377767895155305, 0.011690263505037551
flux1:, 1.6293371055837165, 0.011827299674913522, 0.011404653508395679
flux1:, 1.6303194624543205, 0.011013620545127566, 0.010635582303358072
flux1:, 1.6313018193249245, 0.009825132009564008, 0.009293588819740541
flux1:, 1.6322841761955285, 0.009229578194472935, 0.008851039957716042
flux1:, 1.6332665330661325, 0.008766513694786059, 0.008506055417699413
flux1:, 1.6342488899367362, 0.007792322475834362, 0.007410218055529356
flux1:, 1.6352312468073402, 0.007110066207425183, 0.006794830893786644
flux1:, 1.6362136036779442, 0.0068521407715803045, 0.006680285529682926
flux1:, 1.6371959605485482, 0.006184911333014804, 0.005931938256191662
flux1:, 1.6381783174191522, 0.00546387492762659, 0.005214341841794641
flux1:, 1.639160674289756, 0.0052566531256313005, 0.005153400442480482
flux1:, 1.64014303116036, 0.004895869831926395, 0.004755267569671042
flux1:, 1.641125388030964, 0.004233742752222723, 0.004045724896501209
flux1:, 1.642107744901568, 0.003973398543025828, 0.003916488945575021
flux1:, 1.643090101772172, 0.003838561086800392, 0.0037954322763426853
flux1:, 1.6440724586427757, 0.0033289694203125445, 0.003203172971867396
flux1:, 1.6450548155133797, 0.0029878459020159184, 0.002954853960958866
flux1:, 1.6460371723839837, 0.0029603832343311483, 0.0029938263558743168
flux1:, 1.6470195292545877, 0.002651391333463146, 0.002594486938885191
flux1:, 1.6480018861251917, 0.002267557557581404, 0.0022449408805755456
flux1:, 1.6489842429957955, 0.0022386043249742, 0.002319651844174485
flux1:, 1.6499665998663995, 0.0021179400923504923, 0.002134691407082445
flux1:, 1.6509489567370035, 0.0017618386610159876, 0.0017506352212551671
flux1:, 1.6519313136076075, 0.0016663952709975926, 0.0017645007906027168
flux1:, 1.6529136704782115, 0.0016732884961439818, 0.001758026395580199
flux1:, 1.6538960273488152, 0.0014098490976903568, 0.0014228843228784095
flux1:, 1.6548783842194192, 0.0012378761780626232, 0.0013309070573802114
flux1:, 1.6558607410900232, 0.0012912193400972933, 0.001425571104146238
flux1:, 1.6568430979606272, 0.00115263108574244, 0.0012052545051377706
flux1:, 1.6578254548312312, 0.0009382488575797395, 0.0010190826250235606
flux1:, 1.658807811701835, 0.0009672788875755598, 0.0011254995905679716
flux1:, 1.659790168572439, 0.0009440003361363793, 0.0010443237479115476
flux1:, 1.660772525443043, 0.0007413121632610147, 0.0008172633013396418
flux1:, 1.661754882313647, 0.0007072321772900985, 0.0008654772711604312
flux1:, 1.662737239184251, 0.0007566997613194777, 0.0009006871010527686
flux1:, 1.6637195960548548, 0.0006134524636060967, 0.0006994889156939227
flux1:, 1.6647019529254587, 0.0005159254375145452, 0.0006600845989018449
flux1:, 1.6656843097960627, 0.0005824301896029675, 0.0007556253133820082
flux1:, 1.6666666666666667, 0.0005212378676670359, 0.0006311736861977737
