flux1:, 1.1764705882352942, 0.00015575801417091838, 0.0001669982814341212
flux1:, 1.1774529451058982, -6.653546003493868e-05, 2.058754797739413e-05
flux1:, 1.1784353019765021, 0.00029776191445316213, 8.210982044977925e-05
flux1:, 1.179417658847106, 0.000346698628311205, 0.00021160367509647315
flux1:, 1.18040001571771, -6.024538172656742e-05, 8.327510401321535e-05
flux1:, 1.181382372588314, 0.00015472123106263934, 2.594594087240775e-05
flux1:, 1.182364729458918, 0.0004962989203150534, 0.0001974361740424752
flux1:, 1.183347086329522, 8.471085563178524e-05, 0.00016762131426957481
flux1:, 1.1843294432001257, -1.4098689964330916e-05, 1.4204571501880211e-05
flux1:, 1.1853118000707297, 0.000514582510706029, 0.00013544132125072096
flux1:, 1.1862941569413337, 0.00033166634820838996, 0.0002268206883131298
flux1:, 1.1872765138119377, -9.824790934367978e-05, 5.6977619799099875e-05
flux1:, 1.1882588706825417, 0.0003818899669653593, 6.67875506346549e-05
flux1:, 1.1892412275531457, 0.0005778178289140226, 0.00023445050555408845
flux1:, 1.1902235844237494, -2.316116281542199e-05, 0.00013019444611174702
flux1:, 1.1912059412943534, 0.00016346034407697994, 2.932221674733219e-05
flux1:, 1.1921882981649574, 0.0007174131336624765, 0.00019706335061038324
flux1:, 1.1931706550355614, 0.00021047185124089198, 0.00019947376515781542
flux1:, 1.1941530119061654, -3.068276725134531e-05, 3.698227928746229e-05
flux1:, 1.1951353687767692, 0.000693598017119422, 0.00014083853225767837
flux1:, 1.1961177256473732, 0.0005361094650515645, 0.00024178572090238063
flux1:, 1.1971000825179772, -9.532234357557216e-05, 8.13765443351658e-05
flux1:, 1.1980824393885812, 0.0005159313699727217, 9.286351390658898e-05
flux1:, 1.1990647962591852, 0.0008533534914219848, 0.0002526213559787304
flux1:, 1.200047153129789, 3.697679072433007e-05, 0.00014408464088786147
flux1:, 1.201029510000393, 0.0002543219552080068, 6.956570671856903e-05
flux1:, 1.202011866870997, 0.0010611159970151526, 0.0002422084615990827
flux1:, 1.202994223741601, 0.00038046669094705314, 0.0002095746453228535
flux1:, 1.203976580612205, 2.3477995485570965e-05, 7.411471830813522e-05
flux1:, 1.2049589374828087, 0.0010858377452439426, 0.00022663630297585204
flux1:, 1.2059412943534127, 0.0008919895832557363, 0.00027481135900981663
flux1:, 1.2069236512240167, -3.503233106933844e-05, 0.00010209076217637496
flux1:, 1.2079060080946207, 0.0009068073893763718, 0.00021781601403305902
flux1:, 1.2088883649652247, 0.0014724759641691373, 0.0003539631475295102
flux1:, 1.2098707218358287, 0.00022777706799362483, 0.0001565883175770061
flux1:, 1.2108530787064324, 0.0005850135642340495, 0.00021690491305769043
flux1:, 1.2118354355770364, 0.00197091329625805, 0.0004756905745666839
flux1:, 1.2128177924476404, 0.0009385514896563636, 0.00027656421529821136
flux1:, 1.2138001493182444, 0.0003057236211122932, 0.00022340405106824386
flux1:, 1.2147825061888484, 0.0021945722131083206, 0.0006677945948841956
flux1:, 1.2157648630594522, 0.0021234564153407394, 0.0005793657675718076
flux1:, 1.2167472199300562, 0.0004303035353239698, 0.00029422709950579395
flux1:, 1.2177295768006602, 0.001963168570616133, 0.0009246158470252535
flux1:, 1.2187119336712642, 0.0034815037083812225, 0.0012700491033024357
flux1:, 1.2196942905418682, 0.001409459590032902, 0.0006995546563178468
flux1:, 1.220676647412472, 0.0013341696647890403, 0.001197237907322892
flux1:, 1.221659004283076, 0.00406511954901477, 0.0023800811211002154
flux1:, 1.22264136115368, 0.003064629554034466, 0.001931583600170406
flux1:, 1.223623718024284, 0.0009203080922867463, 0.0015837084872104682
flux1:, 1.224606074894888, 0.0030935978122004697, 0.003238821861534938
flux1:, 1.2255884317654917, 0.004023186381832112, 0.0038001451132990533
flux1:, 1.2265707886360957, 0.0012177740137106648, 0.002520502641645123
flux1:, 1.2275531455066997, 0.0016909071581919935, 0.0033392274503252595
flux1:, 1.2285355023773037, 0.003961225132018857, 0.0052184484650541155
flux1:, 1.2295178592479077, 0.00196786147769191, 0.004245434094314569
flux1:, 1.2305002161185117, 0.0010627591662662609, 0.003466405453397609
flux1:, 1.2314825729891155, 0.004110658020843998, 0.005773941988038793
flux1:, 1.2324649298597194, 0.0035570430350048417, 0.006480929955952903
flux1:, 1.2334472867303234, 0.0014019705577067666, 0.004601036189390087
flux1:, 1.2344296436009274, 0.004934847611270893, 0.005580898272932397
flux1:, 1.2354120004715314, 0.007141935507975711, 0.00795590669641783
flux1:, 1.2363943573421352, 0.0036880970247856466, 0.0064709242760398735
flux1:, 1.2373767142127392, 0.005007664760901177, 0.004615655824807643
flux1:, 1.2383590710833432, 0.010176811071786878, 0.006134387107473063
flux1:, 1.2393414279539472, 0.007684924284064816, 0.0062273792500705345
flux1:, 1.2403237848245512, 0.003901544804133775, 0.0034878531842980967
flux1:, 1.241306141695155, 0.007980075526751363, 0.0030664225303835085
flux1:, 1.242288498565759, 0.009331193113358578, 0.004219137836940735
flux1:, 1.243270855436363, 0.0040456106150513396, 0.0029657924099739863
flux1:, 1.244253212306967, 0.004529148886743565, 0.0018593946148237894
flux1:, 1.245235569177571, 0.008501895619698564, 0.002935645244924475
flux1:, 1.2462179260481747, 0.005293290500499121, 0.0028926389601655078
flux1:, 1.2472002829187787, 0.002711757070408264, 0.0018252470348785292
flux1:, 1.2481826397893827, 0.0067446829350386855, 0.002498804854984878
flux1:, 1.2491649966599867, 0.006609585678601088, 0.0030813638649441226
flux1:, 1.2501473535305907, 0.0025966897332176226, 0.0022422759087567766
flux1:, 1.2511297104011945, 0.0049255668464190635, 0.002523593366918753
flux1:, 1.2521120672717985, 0.007403616028761182, 0.0034447768645373637
flux1:, 1.2530944241424025, 0.003705147086733582, 0.002902887268781057
flux1:, 1.2540767810130065, 0.003596073827931447, 0.0028135095230449802
flux1:, 1.2550591378836105, 0.007468218364743321, 0.003912571204113346
flux1:, 1.2560414947542144, 0.005478319601567886, 0.003769747267408855
flux1:, 1.2570238516248182, 0.0031560801127141105, 0.003337270971469377
flux1:, 1.2580062084954222, 0.006906187049855062, 0.004433594037481353
flux1:, 1.2589885653660262, 0.0073485504922798945, 0.004814746098170592
flux1:, 1.2599709222366302, 0.0038119126621638418, 0.0041496161714984795
flux1:, 1.2609532791072342, 0.006077412351546482, 0.005007895832841963
flux1:, 1.261935635977838, 0.008830958059962177, 0.005976686723381618
flux1:, 1.262917992848442, 0.005512436125255404, 0.0053207714724069766
flux1:, 1.263900349719046, 0.005501928573248842, 0.00571019158025407
flux1:, 1.26488270658965, 0.009644138636800224, 0.0071782459623163965
flux1:, 1.265865063460254, 0.00794244709967029, 0.006878854771248555
flux1:, 1.266847420330858, 0.005710205977863074, 0.0066849687705953405
flux1:, 1.2678297772014617, 0.00980808938768532, 0.008373367856502226
flux1:, 1.2688121340720657, 0.010603172237759449, 0.008778355744056875
flux1:, 1.2697944909426697, 0.007072212540437908, 0.00810845901685221
flux1:, 1.2707768478132737, 0.009667495122446435, 0.009598876425147014
flux1:, 1.2717592046838777, 0.01297205488607559, 0.010906810698931993
flux1:, 1.2727415615544815, 0.009660300779414953, 0.010126543127457595
flux1:, 1.2737239184250855, 0.009811503806388436, 0.011003434552680444
flux1:, 1.2747062752956895, 0.014699093330766064, 0.01313340289685075
flux1:, 1.2756886321662935, 0.013201842914501423, 0.01279340427602868
flux1:, 1.2766709890368975, 0.010896743407865478, 0.012833746961434231
flux1:, 1.2776533459075012, 0.015772851957496156, 0.015385135666325257
flux1:, 1.2786357027781052, 0.017156636107987323, 0.016039766488574924
flux1:, 1.2796180596487092, 0.013421892710075146, 0.015372968312386107
flux1:, 1.2806004165193132, 0.016586696279427236, 0.017721367513527077
flux1:, 1.2815827733899172, 0.020912185931718973, 0.019694085970036
flux1:, 1.282565130260521, 0.017531860889585645, 0.018847998646996635
flux1:, 1.283547487131125, 0.017860925222615447, 0.020371029456854782
flux1:, 1.284529844001729, 0.024041851052032305, 0.02356099786697882
flux1:, 1.285512200872333, 0.0229345414336043, 0.023341068852869816
flux1:, 1.286494557742937, 0.020425420916351654, 0.02370530981859164
flux1:, 1.2874769146135407, 0.026534048852655093, 0.027535876440238267
flux1:, 1.2884592714841447, 0.028984562987317917, 0.02874824294286002
flux1:, 1.2894416283547487, 0.02492537899136719, 0.02814168596205915
flux1:, 1.2904239852253527, 0.02889384789310492, 0.031712093476886354
flux1:, 1.2914063420959567, 0.03493090703337699, 0.03481663230068533
flux1:, 1.2923886989665605, 0.031557273280773124, 0.03400598842348381
flux1:, 1.2933710558371645, 0.03205116006269263, 0.03642972310534432
flux1:, 1.2943534127077685, 0.040256394859641546, 0.041263800791208526
flux1:, 1.2953357695783725, 0.039951439645837555, 0.041405539266414
flux1:, 1.2963181264489765, 0.037077575829211055, 0.04222846645328251
flux1:, 1.2973004833195805, 0.04498364056746155, 0.047945722172692384
flux1:, 1.2982828401901843, 0.04927937489197072, 0.05017477890854483
flux1:, 1.2992651970607882, 0.044795477212294876, 0.049702275628913675
flux1:, 1.3002475539313922, 0.04981077759533936, 0.055008698709455926
flux1:, 1.3012299108019962, 0.05858413442088171, 0.05993696320488864
flux1:, 1.3022122676726002, 0.05542647263543478, 0.05929791720838864
flux1:, 1.303194624543204, 0.055985145667076304, 0.06295188029410861
flux1:, 1.304176981413808, 0.06723581763678389, 0.07028295567340785
flux1:, 1.305159338284412, 0.06843952539381844, 0.0711357139235556
flux1:, 1.306141695155016, 0.06491699513004005, 0.0725496203823039
flux1:, 1.30712405202562, 0.07533935523852564, 0.08101499698776608
flux1:, 1.308106408896224, 0.08270631573069809, 0.08494037762147578
flux1:, 1.3090887657668278, 0.07764946308524548, 0.08463469267171592
flux1:, 1.3100711226374318, 0.08390715261605215, 0.09236070019214747
flux1:, 1.3110534795080357, 0.09696046244922611, 0.10014079146827735
flux1:, 1.3120358363786397, 0.09438742084209657, 0.09980666088069735
flux1:, 1.3130181932492437, 0.0946708332661277, 0.10505330107946813
flux1:, 1.3140005501198475, 0.11042402646994476, 0.11613602047754622
flux1:, 1.3149829069904515, 0.11430634780371347, 0.11817929928233614
flux1:, 1.3159652638610555, 0.10953735030368282, 0.12020918318984868
flux1:, 1.3169476207316595, 0.12336272858612347, 0.13264944750277965
flux1:, 1.3179299776022635, 0.13578873396951158, 0.13929090045253714
flux1:, 1.3189123344728673, 0.12985046559943417, 0.13900766803479236
flux1:, 1.3198946913434713, 0.13730980259379044, 0.1500352932826599
flux1:, 1.3208770482140753, 0.15708317947754372, 0.16225909513343373
flux1:, 1.3218594050846793, 0.15573913316316632, 0.16226651721033356
flux1:, 1.3228417619552832, 0.1547834556383964, 0.16939036835500915
flux1:, 1.323824118825887, 0.17719889717562365, 0.1861747918270746
flux1:, 1.324806475696491, 0.1858618339602827, 0.19007440475131776
flux1:, 1.325788832567095, 0.17849963652848916, 0.19237311513910355
flux1:, 1.326771189437699, 0.19670514995173793, 0.21062630239379831
flux1:, 1.327753546308303, 0.21776109599771806, 0.22165611222036885
flux1:, 1.3287359031789068, 0.2102960018227285, 0.22073266781116313
flux1:, 1.3297182600495108, 0.21806734361149532, 0.23616443523095604
flux1:, 1.3307006169201148, 0.24884093908168206, 0.2555915963507903
flux1:, 1.3316829737907188, 0.2501563540521012, 0.25567071454921336
flux1:, 1.3326653306613228, 0.2452531051572947, 0.2644986171988869
flux1:, 1.3336476875319265, 0.2777316057451694, 0.29039774593213213
flux1:, 1.3346300444025305, 0.2957837960442718, 0.2972563958852235
flux1:, 1.3356124012731345, 0.2825682673400151, 0.2982709526664395
flux1:, 1.3365947581437385, 0.30559727196045483, 0.3253437163696032
flux1:, 1.3375771150143425, 0.34307635792208063, 0.34414462555025455
flux1:, 1.3385594718849465, 0.332972264574819, 0.34037644563809
flux1:, 1.3395418287555503, 0.3368579278183865, 0.36126117040828554
flux1:, 1.3405241856261543, 0.3876259840333945, 0.3938033325953806
flux1:, 1.3415065424967583, 0.39638175622650007, 0.3929498329963754
flux1:, 1.3424888993673623, 0.3788849886089426, 0.4010668578543115
flux1:, 1.3434712562379663, 0.4270659397012773, 0.44333963805759485
flux1:, 1.34445361310857, 0.46861412911550876, 0.4562653027691569
flux1:, 1.345435969979174, 0.44048704876718286, 0.44976659430436644
flux1:, 1.346418326849778, 0.4638616461499202, 0.49089740159577716
flux1:, 1.347400683720382, 0.5416073359884311, 0.5278528023408707
flux1:, 1.348383040590986, 0.5293645376974877, 0.5138456236806782
flux1:, 1.34936539746159, 0.5081727297479314, 0.5375906645296318
flux1:, 1.3503477543321938, 0.6054474731983069, 0.6021075570977175
flux1:, 1.3513301112027978, 0.6490756159593616, 0.600134954929393
flux1:, 1.3523124680734018, 0.5811216256692986, 0.5903385718302212
flux1:, 1.3532948249440058, 0.6529055146297615, 0.6706622941295143
flux1:, 1.3542771818146098, 0.7963083162609514, 0.7144217829751964
flux1:, 1.3552595386852135, 0.7217033533700821, 0.6679374231766095
flux1:, 1.3562418955558175, 0.6893562316160212, 0.7245507852791407
flux1:, 1.3572242524264215, 0.9593444783375652, 0.8601964255003604
flux1:, 1.3582066092970255, 1.0143900202454257, 0.8231736596458298
flux1:, 1.3591889661676295, 0.7670462095993711, 0.7674018371490225
flux1:, 1.3601713230382333, 1.1190386868610664, 1.0381507019654106
flux1:, 1.3611536799088373, 1.7601838495652558, 1.2801436005054956
flux1:, 1.3621360367794413, 1.2455793523431902, 0.970655587685043
flux1:, 1.3631183936500453, 1.267750566498989, 1.2551248403370556
flux1:, 1.3641007505206493, 6.187743517385931, 4.8071111269003755
flux1:, 1.365083107391253, 14.93630917164522, 12.085591646975177
flux1:, 1.366065464261857, 19.13296754771539, 18.259531573520476
flux1:, 1.367047821132461, 14.060162931534121, 17.050157960293646
flux1:, 1.368030178003065, 5.644923048792608, 9.011151237953005
flux1:, 1.369012534873669, 1.5237081359254085, 2.2316586332079686
flux1:, 1.3699948917442728, 1.4963730623031861, 1.9509871561859333
flux1:, 1.3709772486148768, 1.6697061089744056, 3.988039063287706
flux1:, 1.3719596054854808, 1.3331878873260747, 2.9222552105073794
flux1:, 1.3729419623560848, 1.3733072317326978, 1.481204026040055
flux1:, 1.3739243192266888, 2.046467646350962, 5.018200526926392
flux1:, 1.3749066760972926, 4.514739934762811, 11.080576428878302
flux1:, 1.3758890329678966, 8.650765798772039, 12.446727960789568
flux1:, 1.3768713898385005, 10.227256759585957, 7.961489738248164
flux1:, 1.3778537467091045, 6.715525622690138, 3.1476757409792566
flux1:, 1.3788361035797085, 2.4954559439693234, 1.614306333899219
flux1:, 1.3798184604503125, 1.9915024588322554, 1.901990751831354
flux1:, 1.3808008173209163, 3.04051350032764, 1.9553688421741175
flux1:, 1.3817831741915203, 2.560038886872993, 1.8204535243614892
flux1:, 1.3827655310621243, 1.9286143549325876, 1.9473902494685822
flux1:, 1.3837478879327283, 2.470562428779318, 2.071954897238801
flux1:, 1.3847302448033323, 2.6730313630783784, 2.052788545163917
flux1:, 1.3857126016739363, 2.188395381761771, 2.1090007056848834
flux1:, 1.38669495854454, 2.332485247484224, 2.238238291607099
flux1:, 1.387677315415144, 2.7460364880590746, 2.2828490196558895
flux1:, 1.388659672285748, 2.511174551907822, 2.308860275224498
flux1:, 1.389642029156352, 2.393387602603947, 2.413088411895796
flux1:, 1.390624386026956, 2.7888645289168257, 2.5010432525776993
flux1:, 1.3916067428975598, 2.814999845251584, 2.5293244889125863
flux1:, 1.3925890997681638, 2.585385888145717, 2.5987841842768593
flux1:, 1.3935714566387678, 2.833819892148371, 2.7044464422967462
flux1:, 1.3945538135093718, 3.058552003168651, 2.755253903302401
flux1:, 1.3955361703799758, 2.857623585973852, 2.7970206364897607
flux1:, 1.3965185272505796, 2.9157243684627407, 2.894756328535846
flux1:, 1.3975008841211836, 3.229001974770425, 2.9725589873000278
flux1:, 1.3984832409917876, 3.1561110982244003, 3.003715685920783
flux1:, 1.3994655978623916, 3.057417291757061, 3.075946453778678
flux1:, 1.4004479547329955, 3.3388912516914524, 3.1705512298032086
flux1:, 1.4014303116035993, 3.4286929242848228, 3.209213203262508
flux1:, 1.4024126684742033, 3.25990468192032, 3.2513874683723722
flux1:, 1.4033950253448073, 3.418493709767604, 3.3437597000243113
flux1:, 1.4043773822154113, 3.6367645591545315, 3.400763372243441
flux1:, 1.4053597390860153, 3.500158583113452, 3.421231714808212
flux1:, 1.406342095956619, 3.502754962218359, 3.4921072590749813
flux1:, 1.407324452827223, 3.765253600576673, 3.5662280778986313
flux1:, 1.408306809697827, 3.7380084392720896, 3.581084768693438
flux1:, 1.409289166568431, 3.616537183466353, 3.6192395050481023
flux1:, 1.410271523439035, 3.825269426471433, 3.6977491506008673
flux1:, 1.4112538803096388, 3.930171955606898, 3.7226884662641697
flux1:, 1.4122362371802428, 3.7638121650701395, 3.729614167758562
flux1:, 1.4132185940508468, 3.847279263964548, 3.794001794737375
flux1:, 1.4142009509214508, 4.046181850045757, 3.836591742830096
flux1:, 1.4151833077920548, 3.925546985596561, 3.825592665277088
flux1:, 1.4161656646626586, 3.8669847086555142, 3.8600912823748703
flux1:, 1.4171480215332626, 4.07963369270314, 3.915882433965102
flux1:, 1.4181303784038666, 4.067595718868909, 3.9059016554196373
flux1:, 1.4191127352744706, 3.9096284814483604, 3.9050911684426817
flux1:, 1.4200950921450746, 4.0498250878241, 3.9594429138169884
flux1:, 1.4210774490156786, 4.155472795483741, 3.966294687611121
flux1:, 1.4220598058862823, 3.9794792630199867, 3.9382730145289178
flux1:, 1.4230421627568863, 3.9929495591199555, 3.9732482726852463
flux1:, 1.4240245196274903, 4.169639530356883, 4.002231943532834
flux1:, 1.4250068764980943, 4.059075869577344, 3.965711066020059
flux1:, 1.4259892333686983, 3.9466522550640297, 3.968998858691313
flux1:, 1.4269715902393023, 4.114575059550173, 4.0123890076934146
flux1:, 1.427953947109906, 4.118444661549683, 3.9888138820590715
flux1:, 1.42893630398051, 3.934690576288763, 3.9605486295404133
flux1:, 1.429918660851114, 4.01764217136538, 4.001316232109053
flux1:, 1.430901017721718, 4.1300446002590405, 4.0054598946863065
flux1:, 1.431883374592322, 3.95830347504363, 3.959599527609455
flux1:, 1.4328657314629258, 3.9182698756774395, 3.979862197317692
flux1:, 1.4338480883335298, 4.0827141566142116, 4.013202515534799
flux1:, 1.4348304452041338, 3.9978366575562547, 3.9725035058857943
flux1:, 1.4358128020747378, 3.852159818011595, 3.9629291448535877
flux1:, 1.4367951589453418, 3.9884204608755853, 4.013019556568802
flux1:, 1.4377775158159456, 4.023671712424671, 3.9995657609528483
flux1:, 1.4387598726865496, 3.837281898995439, 3.965314986107167
flux1:, 1.4397422295571536, 3.878767049390888, 4.01175630813709
flux1:, 1.4407245864277576, 4.011533066384715, 4.037163193623139
flux1:, 1.4417069432983616, 3.867604204766469, 3.997287958420708
flux1:, 1.4426893001689653, 3.792574089156731, 4.02188917440211
flux1:, 1.4436716570395693, 3.9553734411832955, 4.081728345560936
flux1:, 1.4446540139101733, 3.9172461038379027, 4.061746114931221
flux1:, 1.4456363707807773, 3.759632152165281, 4.05832499113649
flux1:, 1.4466187276513813, 3.871923363960468, 4.133713753494498
flux1:, 1.447601084521985, 3.9533660124170233, 4.154219856361822
flux1:, 1.448583441392589, 3.787515048372296, 4.133222138172557
flux1:, 1.449565798263193, 3.7942782486646776, 4.199433880922883
flux1:, 1.450548155133797, 3.952226062031022, 4.265773734649677
flux1:, 1.451530512004401, 3.857427534821989, 4.250785536629108
flux1:, 1.4525128688750049, 3.7564658393515575, 4.289339051148514
flux1:, 1.4534952257456089, 3.910971919521367, 4.387482967823851
flux1:, 1.4544775826162128, 3.9316220552957195, 4.404251864334336
flux1:, 1.4554599394868168, 3.775259250457123, 4.412701220805646
flux1:, 1.4564422963574208, 3.8487030327431557, 4.514164279838011
flux1:, 1.4574246532280246, 3.969889682320403, 4.576652698414701
flux1:, 1.4584070100986286, 3.837912819432021, 4.570523758032631
flux1:, 1.4593893669692326, 3.7946684923567355, 4.645008653441958
flux1:, 1.4603717238398366, 3.9476949740157226, 4.745497169627407
flux1:, 1.4613540807104406, 3.9034139924969335, 4.75008323536662
flux1:, 1.4623364375810444, 3.768128256978909, 4.780110893297461
flux1:, 1.4633187944516486, 3.866111911967848, 4.889671029755218
flux1:, 1.4643011513222524, 3.9192636804508463, 4.924910990874353
flux1:, 1.4652835081928564, 3.760974137442878, 4.91448723801675
flux1:, 1.4662658650634603, 3.7465221377707887, 4.995442002705142
flux1:, 1.4672482219340643, 3.8467287695168393, 5.062187799731697
flux1:, 1.4682305788046683, 3.735869597294204, 5.033772676038306
flux1:, 1.4692129356752721, 3.611970402558696, 5.058579680387951
flux1:, 1.470195292545876, 3.6798306331495, 5.135332691056794
flux1:, 1.47117764941648, 3.64496031893712, 5.116028473585636
flux1:, 1.472160006287084, 3.4678806133128792, 5.0817596302772134
flux1:, 1.473142363157688, 3.444723058602116, 5.1351696732803305
flux1:, 1.4741247200282919, 3.459102267103807, 5.140267140345842
flux1:, 1.4751070768988959, 3.297988065589185, 5.069382775571105
flux1:, 1.4760894337694999, 3.1796391578351075, 5.072410786563995
flux1:, 1.4770717906401039, 3.1870132107829945, 5.096390525726804
flux1:, 1.4780541475107078, 3.080568868509528, 5.022999069229058
flux1:, 1.4790365043813116, 2.9117982559711733, 4.969019860473904
flux1:, 1.4800188612519156, 2.8701385140156233, 4.9886136343328324
flux1:, 1.4810012181225196, 2.8126762426972385, 4.938440109439627
flux1:, 1.4819835749931236, 2.6505256545605356, 4.842595175388831
flux1:, 1.4829659318637276, 2.5587091184599773, 4.828444725424751
flux1:, 1.4839482887343314, 2.522016133758072, 4.803481184528976
flux1:, 1.4849306456049354, 2.4004654168280597, 4.691355022096493
flux1:, 1.4859130024755394, 2.288771901885436, 4.621406203685214
flux1:, 1.4868953593461434, 2.254323190452178, 4.5972722097392
flux1:, 1.4878777162167474, 2.1773789629194944, 4.488858934506833
flux1:, 1.4888600730873511, 2.0753370753701574, 4.35910809736252
flux1:, 1.4898424299579551, 2.043011199124344, 4.2991044003197665
flux1:, 1.4908247868285591, 2.002025293822588, 4.1991055930346315
flux1:, 1.4918071436991631, 1.9180321155816966, 4.02857396384547
flux1:, 1.4927895005697671, 1.8873420751994034, 3.909740752793655
flux1:, 1.4937718574403709, 1.8738649811522825, 3.8102671145669076
flux1:, 1.4947542143109749, 1.8044420311103178, 3.633548359897545
flux1:, 1.4957365711815789, 1.7624340303996593, 3.464435882096366
flux1:, 1.4967189280521829, 1.7637208829050994, 3.354635916953311
flux1:, 1.4977012849227869, 1.7102252132551374, 3.201582994419283
flux1:, 1.4986836417933906, 1.645800798575783, 3.014332062888247
flux1:, 1.4996659986639946, 1.6412103897157255, 2.8882026222405606
flux1:, 1.5006483555345986, 1.607969613875639, 2.767919626474298
flux1:, 1.5016307124052026, 1.5272622058355556, 2.595956188536879
flux1:, 1.5026130692758066, 1.498012029671563, 2.4560927962032304
flux1:, 1.5035954261464104, 1.4811719565203683, 2.3588604652688034
flux1:, 1.5045777830170146, 1.4025416716598176, 2.2214508405635796
flux1:, 1.5055601398876184, 1.3434199898831611, 2.0785722007276908
flux1:, 1.5065424967582224, 1.3296844658751767, 1.9887150021303934
flux1:, 1.5075248536288264, 1.2687634733227857, 1.8881387645481758
flux1:, 1.5085072104994304, 1.1895805345613948, 1.7565305658900887
flux1:, 1.5094895673700344, 1.1647675927092072, 1.6636646833088284
flux1:, 1.5104719242406381, 1.1256953537493375, 1.5902793995188518
flux1:, 1.5114542811112421, 1.0435818168795632, 1.4816405891139155
flux1:, 1.5124366379818461, 1.0007899561767846, 1.384945201848547
flux1:, 1.5134189948524501, 0.9773204525119221, 1.3249257278656215
flux1:, 1.5144013517230541, 0.9075054133245417, 1.243938263445072
flux1:, 1.515383708593658, 0.8492098002441065, 1.1501749598522677
flux1:, 1.516366065464262, 0.8308521302998634, 1.0923456857073708
flux1:, 1.5173484223348659, 0.7813350416201063, 1.0358706956065602
flux1:, 1.5183307792054699, 0.7163643229723645, 0.9542292317133527
flux1:, 1.5193131360760739, 0.694136389446195, 0.8938275118503828
flux1:, 1.5202954929466777, 0.6650921947258996, 0.8535028761443799
flux1:, 1.5212778498172816, 0.6039916171060452, 0.7905422528848195
flux1:, 1.5222602066878856, 0.5733599281136229, 0.729313275461748
flux1:, 1.5232425635584896, 0.5593915075237941, 0.6957818179814546
flux1:, 1.5242249204290936, 0.5107608765865029, 0.6526903772464778
flux1:, 1.5252072772996974, 0.47201902867932144, 0.5962286349567393
flux1:, 1.5261896341703014, 0.46515625461193916, 0.5628609375556308
flux1:, 1.5271719910409054, 0.43368413546780554, 0.5356505003715926
flux1:, 1.5281543479115094, 0.3909426414457271, 0.48976538431893785
flux1:, 1.5291367047821134, 0.3833118075317793, 0.4544398535851366
flux1:, 1.5301190616527172, 0.3691481532156594, 0.43628490852512
flux1:, 1.5311014185233212, 0.32873886669606867, 0.4041077190582023
flux1:, 1.5320837753939252, 0.31468119286898666, 0.36876326723374675
flux1:, 1.5330661322645291, 0.3137491550757406, 0.35302166121618744
flux1:, 1.5340484891351331, 0.28228547411285293, 0.3338426530765103
flux1:, 1.535030846005737, 0.25985845889697207, 0.30248397270785515
flux1:, 1.536013202876341, 0.2650480938522475, 0.2850386363176886
flux1:, 1.536995559746945, 0.24728484786706242, 0.2749548474444103
flux1:, 1.537977916617549, 0.21883684609790766, 0.251230627321798
flux1:, 1.538960273488153, 0.2221018083226499, 0.23137882591205466
flux1:, 1.5399426303587567, 0.21905564865771782, 0.225137756184245
flux1:, 1.5409249872293607, 0.1904585444739761, 0.21052842215674278
flux1:, 1.5419073440999647, 0.18548913374133308, 0.1903543645467527
flux1:, 1.5428897009705687, 0.1935841870932789, 0.18346470087052344
flux1:, 1.5438720578411727, 0.17202855622519347, 0.17669016839671434
flux1:, 1.5448544147117764, 0.15666477904086548, 0.15942658869920043
flux1:, 1.5458367715823806, 0.16857707437697864, 0.14966876244003322
flux1:, 1.5468191284529844, 0.15949305922944093, 0.14737446614955718
flux1:, 1.5478014853235884, 0.13677890088719202, 0.13555574854629748
flux1:, 1.5487838421941924, 0.14405370127316341, 0.12336673333356678
flux1:, 1.5497661990647964, 0.14837012332667343, 0.1216515390654332
flux1:, 1.5507485559354004, 0.12544228312827088, 0.11584602757634824
flux1:, 1.5517309128060042, 0.12204947939417235, 0.10354084762003443
flux1:, 1.5527132696766082, 0.13521042515190787, 0.099593261267979
flux1:, 1.5536956265472122, 0.1201062431614756, 0.09820402427886342
flux1:, 1.5546779834178162, 0.10533305891348509, 0.088474926002065
flux1:, 1.5556603402884202, 0.1189379060790268, 0.0815780687937118
flux1:, 1.556642697159024, 0.11658192563345626, 0.08171568874646601
flux1:, 1.557625054029628, 0.09559265610055884, 0.07614899150574253
flux1:, 1.558607410900232, 0.10124848593722091, 0.06762291631497264
flux1:, 1.559589767770836, 0.1106754887235949, 0.06655593492344994
flux1:, 1.56057212464144, 0.09203581118401326, 0.06487957501528026
flux1:, 1.5615544815120437, 0.08558553268968672, 0.0570530289239352
flux1:, 1.5625368383826477, 0.10016137270381868, 0.0534621023686792
flux1:, 1.5635191952532517, 0.0913497618959969, 0.053850786802789104
flux1:, 1.5645015521238557, 0.07504884332306297, 0.048657318209411334
flux1:, 1.5654839089944597, 0.08587550583966462, 0.04304181527446727
flux1:, 1.5664662658650634, 0.0892498144369322, 0.04322472164348494
flux1:, 1.5674486227356674, 0.07042939125185117, 0.04120267421912466
flux1:, 1.5684309796062714, 0.07109455881774661, 0.035289857463229345
flux1:, 1.5694133364768754, 0.08275015524224763, 0.03376662250221286
flux1:, 1.5703956933474794, 0.0696531528971472, 0.03396384146148362
flux1:, 1.5713780502180832, 0.059492914962829956, 0.029556926876919378
flux1:, 1.5723604070886872, 0.07169274377627714, 0.0262249031731465
flux1:, 1.5733427639592912, 0.06900860433315772, 0.026935012456010998
flux1:, 1.5743251208298952, 0.0529882721497108, 0.024917799602649202
flux1:, 1.5753074777004992, 0.05856185829354064, 0.02084295973391264
flux1:, 1.576289834571103, 0.06529383180934918, 0.02062555745771547
flux1:, 1.577272191441707, 0.05082490706920732, 0.020648097552771603
flux1:, 1.578254548312311, 0.04682298500780871, 0.01725195665667366
flux1:, 1.579236905182915, 0.05747016908893619, 0.015617151357447545
flux1:, 1.580219262053519, 0.050303200255559045, 0.016505131611868208
flux1:, 1.5812016189241227, 0.03895034323533648, 0.014724381370763743
flux1:, 1.5821839757947267, 0.046908304653157165, 0.01217318269778402
flux1:, 1.5831663326653307, 0.048478258208376326, 0.012689955530167999
flux1:, 1.5841486895359347, 0.035309515135097926, 0.012566700709143862
flux1:, 1.5851310464065387, 0.03631849954528611, 0.010101660449463036
flux1:, 1.5861134032771425, 0.04370731224540022, 0.009580991936899798
flux1:, 1.5870957601477467, 0.03433909143219116, 0.010406954618622852
flux1:, 1.5880781170183504, 0.028185170530021557, 0.008887614244257788
flux1:, 1.5890604738889544, 0.03625015125582124, 0.007435473198581285
flux1:, 1.5900428307595584, 0.03366958005023072, 0.008252462492109872
flux1:, 1.5910251876301624, 0.023609754637026168, 0.007964677798934066
flux1:, 1.5920075445007664, 0.027810516014675626, 0.006223940643977049
flux1:, 1.5929899013713702, 0.03141669335781913, 0.006345361437617018
flux1:, 1.5939722582419742, 0.022046884944021794, 0.006956696062452045
flux1:, 1.5949546151125782, 0.020467835507534025, 0.005652857455025231
flux1:, 1.5959369719831822, 0.02698175339204585, 0.004939159102681131
flux1:, 1.5969193288537862, 0.02186739248024166, 0.005777327088216061
flux1:, 1.59790168572439, 0.01563826266985106, 0.0053215159076206225
flux1:, 1.598884042594994, 0.021086669033343556, 0.0041269163326329615
flux1:, 1.599866399465598, 0.021307497689102717, 0.0045724617496475765
flux1:, 1.600848756336202, 0.013541503520347815, 0.004905843983833543
flux1:, 1.601831113206806, 0.01518978059879312, 0.003793524471123264
flux1:, 1.6028134700774097, 0.019288580929244493, 0.0035690582482977144
flux1:, 1.6037958269480137, 0.013311591419714417, 0.004273628866875791
flux1:, 1.6047781838186177, 0.010676289077143446, 0.003687096583372191
flux1:, 1.6057605406892217, 0.015765396713192558, 0.0029229949784138937
flux1:, 1.6067428975598257, 0.013572515121729425, 0.003489715452576674
flux1:, 1.6077252544304295, 0.008232111976859798, 0.0035488183792707502
flux1:, 1.6087076113010335, 0.01154211468104903, 0.0026378823054823927
flux1:, 1.6096899681716375, 0.013132732551908652, 0.0027303391855394467
flux1:, 1.6106723250422414, 0.007645372851798721, 0.003226120729519009
flux1:, 1.6116546819128454, 0.007740881524969823, 0.002578125976352278
flux1:, 1.6126370387834492, 0.011469285303077443, 0.002164278140398426
flux1:, 1.6136193956540532, 0.008045086419260473, 0.002717248599119616
flux1:, 1.6146017525246572, 0.00522387780350114, 0.002550822883311647
flux1:, 1.6155841093952612, 0.008825873284107366, 0.0018628496337489784
flux1:, 1.6165664662658652, 0.00839317255508246, 0.0021376274206160134
flux1:, 1.617548823136469, 0.004235472210428593, 0.0024036682834281736
flux1:, 1.618531180007073, 0.00595001122369152, 0.0017759159754000857
flux1:, 1.619513536877677, 0.007966019646343669, 0.001637314282548118
flux1:, 1.620495893748281, 0.0043873347379892414, 0.0020880366681979585
flux1:, 1.621478250618885, 0.0036502578862918616, 0.001773382795600961
flux1:, 1.6224606074894887, 0.006610460454413007, 0.0013173576910203624
flux1:, 1.6234429643600927, 0.004934877411860664, 0.0016618175632877603
flux1:, 1.6244253212306967, 0.002405602310000803, 0.001720366888374889
flux1:, 1.6254076781013007, 0.00469610018443318, 0.0011857856875954458
flux1:, 1.6263900349719047, 0.0051688600283969245, 0.0012401475235086562
flux1:, 1.6273723918425085, 0.0021974400155759834, 0.001542947612842042
flux1:, 1.6283547487131127, 0.002838196392896127, 0.0011681574366336023
flux1:, 1.6293371055837165, 0.004721106044949159, 0.0009267524323242099
flux1:, 1.6303194624543205, 0.0026031145080784813, 0.0012528922171757542
flux1:, 1.6313018193249245, 0.0015603125337229947, 0.0011581413703098612
flux1:, 1.6322841761955285, 0.0036568114301918815, 0.0007633768279071048
flux1:, 1.6332665330661325, 0.003059916497554244, 0.0009254380406950413
flux1:, 1.6342488899367362, 0.0010657720088729356, 0.0010756085369098142
flux1:, 1.6352312468073402, 0.002349443940178481, 0.0007197524999269825
flux1:, 1.6362136036779442, 0.00314292309559955, 0.0006492513395151124
flux1:, 1.6371959605485482, 0.0012046043343715126, 0.0009010877514590096
flux1:, 1.6381783174191522, 0.0012394342274047174, 0.0007220345312113212
flux1:, 1.639160674289756, 0.0027225251623382014, 0.00047905814797372147
flux1:, 1.64014303116036, 0.0016118984713581743, 0.0006729678682414242
flux1:, 1.641125388030964, 0.000614325264281753, 0.0006979046234533546
flux1:, 1.642107744901568, 0.0019523358624398241, 0.0004148362904904917
flux1:, 1.643090101772172, 0.0019155884918245168, 0.0004558705605370477
flux1:, 1.6440724586427757, 0.000509055891858245, 0.000611691482234543
flux1:, 1.6450548155133797, 0.0011305276363875083, 0.00041306610704870217
flux1:, 1.6460371723839837, 0.001900489802541121, 0.0003023493175357405
flux1:, 1.6470195292545877, 0.0007454142464748866, 0.00047331018563420127
flux1:, 1.6480018861251917, 0.0005285655770218135, 0.0004174550719663769
flux1:, 1.6489842429957955, 0.0015625448272356239, 0.0002291726642037611
flux1:, 1.6499665998663995, 0.0010589936777691612, 0.00032211927166624283
flux1:, 1.6509489567370035, 0.0002742467023507656, 0.0003888985601740678
flux1:, 1.6519313136076075, 0.0010552080233201886, 0.00021710079999305739
flux1:, 1.6529136704782115, 0.0012336547870634065, 0.000199873500169961
flux1:, 1.6538960273488152, 0.0003287577525628686, 0.0003194912099268073
flux1:, 1.6548783842194192, 0.0005796798109035545, 0.0002285777227382287
flux1:, 1.6558607410900232, 0.0011805837026836858, 0.00012930407566182463
flux1:, 1.6568430979606272, 0.0005437766831751468, 0.0002275229172206666
flux1:, 1.6578254548312312, 0.0002829798716476013, 0.0002297905856378776
flux1:, 1.658807811701835, 0.0009410065271722946, 0.00010768144459535412
flux1:, 1.659790168572439, 0.0007518772464750428, 0.0001410734436695111
flux1:, 1.660772525443043, 0.00020716448733109963, 0.00020492027035650022
flux1:, 1.661754882313647, 0.0006318300006770966, 0.00011445924228106084
flux1:, 1.662737239184251, 0.0008411493159392279, 8.152567880819656e-05
flux1:, 1.6637195960548548, 0.0002981603667422999, 0.0001578134322382452
flux1:, 1.6647019529254587, 0.00037379938230854167, 0.00012524255659747497
flux1:, 1.6656843097960627, 0.0007855857891555027, 5.505092399961633e-05
flux1:, 1.6666666666666667, 0.0004536986925688708, 0.00010397978245914522
