flux1:, 1.1764705882352942, 8.552659535160515e-06, 0.0004463400804632735
flux1:, 1.1774529451058982, 0.0002578769497718695, 5.2354379411563033e-05
flux1:, 1.1784353019765021, 0.00026953865320493436, 5.3584403198296643e-05
flux1:, 1.179417658847106, 5.746561270528662e-06, 0.0005188876967231696
flux1:, 1.18040001571771, 0.00019813610942408445, 0.00027371571356273077
flux1:, 1.181382372588314, 0.0004230068570498221, -5.528167665712592e-05
flux1:, 1.182364729458918, 0.00010653753907220834, 0.00044124476333597134
flux1:, 1.183347086329522, 9.544042540631741e-05, 0.0005431612981484995
flux1:, 1.1843294432001257, 0.0005218626503221851, -1.5832340131281017e-05
flux1:, 1.1853118000707297, 0.000337332063819052, 0.00023415756808423842
flux1:, 1.1862941569413337, 3.016714891295614e-05, 0.0007183817333875991
flux1:, 1.1872765138119377, 0.0004931352005428447, 0.00020585504809762404
flux1:, 1.1882588706825417, 0.0006394849900373476, 2.1857268507730953e-05
flux1:, 1.1892412275531457, 0.00011426356852243749, 0.0006885900378127236
flux1:, 1.1902235844237494, 0.00034180095886959377, 0.0005148354443910731
flux1:, 1.1912059412943534, 0.0008751653342067989, -5.067391696789108e-05
flux1:, 1.1921882981649574, 0.00040083006629017276, 0.00047572254448924605
flux1:, 1.1931706550355614, 0.00018409991796185853, 0.0007516976659160338
flux1:, 1.1941530119061654, 0.0009236000308053066, 6.352483265398726e-05
flux1:, 1.1951353687767692, 0.0008240335963595527, 0.00021344296071356585
flux1:, 1.1961177256473732, 0.00018106847698632026, 0.0008222558185876427
flux1:, 1.1971000825179772, 0.00077656939248486, 0.0002964497027957588
flux1:, 1.1980824393885812, 0.0012366897762494647, 2.992378056932171e-05
flux1:, 1.1990647962591852, 0.0004411594733897794, 0.000747843970021707
flux1:, 1.200047153129789, 0.0005489805128020495, 0.000553971692917571
flux1:, 1.201029510000393, 0.0014948721714597472, -2.702279228480113e-05
flux1:, 1.202011866870997, 0.0009736039677360193, 0.0006106454228584859
flux1:, 1.202994223741601, 0.0004314785352504553, 0.0008047481338259347
flux1:, 1.203976580612205, 0.0015209071030167678, 3.615185624571762e-05
flux1:, 1.2049589374828087, 0.0016864771588475946, 0.00047296653232651047
flux1:, 1.2059412943534127, 0.0006382624205806316, 0.001104803125306977
flux1:, 1.2069236512240167, 0.0013403337365103245, 0.00026127163018942407
flux1:, 1.2079060080946207, 0.00238018510296302, 0.0003430433519264414
flux1:, 1.2088883649652247, 0.0013344345498149334, 0.0015342826016119498
flux1:, 1.2098707218358287, 0.0011192975761553372, 0.000871794821991363
flux1:, 1.2108530787064324, 0.0027171916705222474, 0.00026965974057146803
flux1:, 1.2118354355770364, 0.002417835401074157, 0.0019999434421469286
flux1:, 1.2128177924476404, 0.0011552441132550426, 0.002209886107965687
flux1:, 1.2138001493182444, 0.002330794932456947, 0.0006312251630047966
flux1:, 1.2147825061888484, 0.0031569377836916696, 0.0020645272536539455
flux1:, 1.2157648630594522, 0.0015577219199754662, 0.003921200391035573
flux1:, 1.2167472199300562, 0.0014045471178298834, 0.0020068429636897708
flux1:, 1.2177295768006602, 0.002772108878383811, 0.0016269308071554158
flux1:, 1.2187119336712642, 0.0018898243427419201, 0.004595074238883928
flux1:, 1.2196942905418682, 0.0007233623693562774, 0.00398982499444948
flux1:, 1.220676647412472, 0.0017924751562444394, 0.0015632653524496655
flux1:, 1.221659004283076, 0.0018728075888558987, 0.0038827403830719634
flux1:, 1.22264136115368, 0.0005340481977456326, 0.005508925262369557
flux1:, 1.223623718024284, 0.0010520354517723318, 0.002478915987935254
flux1:, 1.224606074894888, 0.0017475469676723105, 0.002785494957244868
flux1:, 1.2255884317654917, 0.0006285983987874516, 0.0061174021025623285
flux1:, 1.2265707886360957, 0.0006966753187761714, 0.004235496265752952
flux1:, 1.2275531455066997, 0.0017770147752115522, 0.0022470043892726284
flux1:, 1.2285355023773037, 0.0009520302020133703, 0.005916259131014138
flux1:, 1.2295178592479077, 0.0006086597740785719, 0.006443414703873919
flux1:, 1.2305002161185117, 0.002071910463762811, 0.00289277676079124
flux1:, 1.2314825729891155, 0.0016989477712600507, 0.005282676215509407
flux1:, 1.2324649298597194, 0.0008157734807735303, 0.008701213106004054
flux1:, 1.2334472867303234, 0.002672326919017137, 0.005221448044504627
flux1:, 1.2344296436009274, 0.003295627909016133, 0.004922521424063238
flux1:, 1.2354120004715314, 0.0017847362122254016, 0.010652044338808567
flux1:, 1.2363943573421352, 0.0037362750637816426, 0.009685717987186227
flux1:, 1.2373767142127392, 0.0064523479018118775, 0.006157278738229577
flux1:, 1.2383590710833432, 0.004946542334057936, 0.011990554237504947
flux1:, 1.2393414279539472, 0.006011747611123157, 0.016170334436831326
flux1:, 1.2403237848245512, 0.011861685881210988, 0.011046797959817098
flux1:, 1.241306141695155, 0.01280989024236572, 0.01231702280473395
flux1:, 1.242288498565759, 0.011184036718641774, 0.020580542809935865
flux1:, 1.243270855436363, 0.01689563341093864, 0.018164356303532157
flux1:, 1.244253212306967, 0.02165200277845171, 0.011005266183988534
flux1:, 1.245235569177571, 0.016933485188951967, 0.014121323726907586
flux1:, 1.2462179260481747, 0.01478173739262572, 0.01637313598289035
flux1:, 1.2472002829187787, 0.019202180123089274, 0.008766787213730077
flux1:, 1.2481826397893827, 0.016995286756838788, 0.005372506099990811
flux1:, 1.2491649966599867, 0.010635965580133029, 0.008913785963583066
flux1:, 1.2501473535305907, 0.012223839485721557, 0.0068294098207632185
flux1:, 1.2511297104011945, 0.014174537576049414, 0.0024332848634847962
flux1:, 1.2521120672717985, 0.009037572857928593, 0.004203011999751628
flux1:, 1.2530944241424025, 0.007628551512282266, 0.00525495265643006
flux1:, 1.2540767810130065, 0.011184637935107065, 0.0022668548137651447
flux1:, 1.2550591378836105, 0.008923909817827884, 0.0023473780975622758
flux1:, 1.2560414947542144, 0.0055886046359034155, 0.004107764171405248
flux1:, 1.2570238516248182, 0.008583694440929632, 0.0026939709747407507
flux1:, 1.2580062084954222, 0.009137584230528137, 0.0020496685786347106
flux1:, 1.2589885653660262, 0.005298820463982523, 0.0035180452945375697
flux1:, 1.2599709222366302, 0.006564429668628323, 0.0031063570644144878
flux1:, 1.2609532791072342, 0.009116482565970222, 0.0024298427617808842
flux1:, 1.261935635977838, 0.006083665298131492, 0.003513438610988623
flux1:, 1.262917992848442, 0.005319909643560385, 0.003518332214153982
flux1:, 1.263900349719046, 0.008693838631284798, 0.00300900735994973
flux1:, 1.26488270658965, 0.0073831641447040745, 0.003979455513834683
flux1:, 1.265865063460254, 0.005002424514048585, 0.004122727557021232
flux1:, 1.266847420330858, 0.007972760768896544, 0.003617077044597517
flux1:, 1.2678297772014617, 0.008726440334988992, 0.0047067406957679355
flux1:, 1.2688121340720657, 0.005644015034204244, 0.005080460557162253
flux1:, 1.2697944909426697, 0.007240862293325267, 0.004320985937532402
flux1:, 1.2707768478132737, 0.0097712927323348, 0.005487063027142727
flux1:, 1.2717592046838777, 0.007113117674754998, 0.0064167040867468255
flux1:, 1.2727415615544815, 0.006871841525154883, 0.0053302595851782335
flux1:, 1.2737239184250855, 0.010360565541052172, 0.006219184972720804
flux1:, 1.2747062752956895, 0.009125701642546571, 0.00800264759164632
flux1:, 1.2756886321662935, 0.007214901908457794, 0.006874159543168619
flux1:, 1.2766709890368975, 0.010559981216554624, 0.0069824393348105656
flux1:, 1.2776533459075012, 0.011312508765647468, 0.009616667692846616
flux1:, 1.2786357027781052, 0.008488745362286568, 0.009075990243629385
flux1:, 1.2796180596487092, 0.010646848337095562, 0.008042510446032264
flux1:, 1.2806004165193132, 0.013326153056972968, 0.011064103330568153
flux1:, 1.2815827733899172, 0.01071018049365351, 0.0118678477910953
flux1:, 1.282565130260521, 0.011040341856000096, 0.009775150680017218
flux1:, 1.283547487131125, 0.014957698326599735, 0.012312344363933917
flux1:, 1.284529844001729, 0.013683109743128703, 0.014985856833683888
flux1:, 1.285512200872333, 0.012184677171914288, 0.012524632792941335
flux1:, 1.286494557742937, 0.016224871977689306, 0.013584546303054992
flux1:, 1.2874769146135407, 0.017058958126241343, 0.018063192787310806
flux1:, 1.2884592714841447, 0.014415972311452578, 0.01644503230652317
flux1:, 1.2894416283547487, 0.017398075808692, 0.015360919009668753
flux1:, 1.2904239852253527, 0.020457543168804396, 0.02080171974124257
flux1:, 1.2914063420959567, 0.017855004078122433, 0.0213910365299053
flux1:, 1.2923886989665605, 0.018946788196519355, 0.01826427266740741
flux1:, 1.2933710558371645, 0.02361487139939281, 0.023164990410264194
flux1:, 1.2943534127077685, 0.022366076434115402, 0.026919952248693226
flux1:, 1.2953357695783725, 0.021414405261818235, 0.022851264407138642
flux1:, 1.2963181264489765, 0.026509719777695517, 0.025512268544212856
flux1:, 1.2973004833195805, 0.027605225980429478, 0.03243386800874094
flux1:, 1.2982828401901843, 0.025256618080239695, 0.029377156876556447
flux1:, 1.2992651970607882, 0.029421119545737118, 0.028598100476605055
flux1:, 1.3002475539313922, 0.03315227791484309, 0.0374372284051283
flux1:, 1.3012299108019962, 0.030697218972165746, 0.037631366808171425
flux1:, 1.3022122676726002, 0.032887002558058244, 0.03340112624040081
flux1:, 1.303194624543204, 0.03868966717049622, 0.041828347098605105
flux1:, 1.304176981413808, 0.03765699979705019, 0.046936085600771435
flux1:, 1.305159338284412, 0.037566232203951035, 0.04081055090762424
flux1:, 1.306141695155016, 0.04416720113613175, 0.04610629221360143
flux1:, 1.30712405202562, 0.04579246625843561, 0.05635334147775046
flux1:, 1.308106408896224, 0.04404441725495401, 0.051268740485236705
flux1:, 1.3090887657668278, 0.04988905241656545, 0.05138075451773794
flux1:, 1.3100711226374318, 0.0546444333368212, 0.06506777566807223
flux1:, 1.3110534795080357, 0.05265088550628922, 0.06451318276352865
flux1:, 1.3120358363786397, 0.05647851598189922, 0.059127140629877485
flux1:, 1.3130181932492437, 0.06385305157264923, 0.07282698474340792
flux1:, 1.3140005501198475, 0.06336132890171643, 0.07955643553778073
flux1:, 1.3149829069904515, 0.06471905537673242, 0.0707250871094463
flux1:, 1.3159652638610555, 0.07336255439597794, 0.08026566907605291
flux1:, 1.3169476207316595, 0.07583772744131802, 0.09497606435931835
flux1:, 1.3179299776022635, 0.07532028939652093, 0.08692166676145191
flux1:, 1.3189123344728673, 0.08353040038358274, 0.08894437746324618
flux1:, 1.3198946913434713, 0.08960900901143272, 0.10947213366979243
flux1:, 1.3208770482140753, 0.08869803149003401, 0.10743008382594746
flux1:, 1.3218594050846793, 0.09508128060253063, 0.10101241215458268
flux1:, 1.3228417619552832, 0.10433685009588485, 0.12252406532858977
flux1:, 1.323824118825887, 0.10486911020145487, 0.13087177302872866
flux1:, 1.324806475696491, 0.10890300640746015, 0.11854242394412716
flux1:, 1.325788832567095, 0.12006263490356152, 0.13489274909385912
flux1:, 1.326771189437699, 0.12353377654900381, 0.15517836113429814
flux1:, 1.327753546308303, 0.12575328981028147, 0.1427379396674241
flux1:, 1.3287359031789068, 0.13731648102168006, 0.14871294625040324
flux1:, 1.3297182600495108, 0.14435406187013336, 0.1784066324919735
flux1:, 1.3307006169201148, 0.1460095212636397, 0.17332597299751132
flux1:, 1.3316829737907188, 0.15700064418749993, 0.16702638636251427
flux1:, 1.3326653306613228, 0.1673533231671703, 0.1997346317282667
flux1:, 1.3336476875319265, 0.1696259576821373, 0.20846345639836758
flux1:, 1.3346300444025305, 0.18003744716610406, 0.19280105263171446
flux1:, 1.3356124012731345, 0.1932877052039606, 0.2202685540876876
flux1:, 1.3365947581437385, 0.1964557744947898, 0.24538912178808425
flux1:, 1.3375771150143425, 0.20688311206555965, 0.2277158347837006
flux1:, 1.3385594718849465, 0.2238015228375854, 0.2432587794451952
flux1:, 1.3395418287555503, 0.22707237895215265, 0.2818778649698594
flux1:, 1.3405241856261543, 0.23714488621622565, 0.27120407494218013
flux1:, 1.3415065424967583, 0.26118969448325635, 0.27342396973757666
flux1:, 1.3424888993673623, 0.2642725725172894, 0.31841951823542813
flux1:, 1.3434712562379663, 0.2697490287713554, 0.3204493743482028
flux1:, 1.34445361310857, 0.3076397518691894, 0.3152796528153689
flux1:, 1.345435969979174, 0.31584305706081556, 0.36123923927191254
flux1:, 1.346418326849778, 0.3047210473340959, 0.3725104463393197
flux1:, 1.347400683720382, 0.3638642577807846, 0.37054585050742667
flux1:, 1.348383040590986, 0.4010535960991889, 0.42781074579279993
flux1:, 1.34936539746159, 0.3505202122472519, 0.4323416104164455
flux1:, 1.3503477543321938, 0.4269746506949885, 0.4346270953194304
flux1:, 1.3513301112027978, 0.573154863790785, 0.5649731538825474
flux1:, 1.3523124680734018, 0.45965463670339624, 0.5485531064978328
flux1:, 1.3532948249440058, 0.4877394584168413, 0.4917026711346236
flux1:, 1.3542771818146098, 1.0463732324552475, 0.9569130480342991
flux1:, 1.3552595386852135, 1.0224847387970541, 1.1023627705336785
flux1:, 1.3562418955558175, 0.5528312468883144, 0.5276229556455213
flux1:, 1.3572242524264215, 4.036703566963317, 3.591854696253531
flux1:, 1.3582066092970255, 13.989873345433379, 13.960791305726183
flux1:, 1.3591889661676295, 23.062369926107767, 24.17122807739641
flux1:, 1.3601713230382333, 21.174896176371703, 22.429350821249017
flux1:, 1.3611536799088373, 10.269271071802812, 10.688274111719082
flux1:, 1.3621360367794413, 2.000290910313934, 2.235592772542748
flux1:, 1.3631183936500453, 1.2215042977546295, 1.7950320580602068
flux1:, 1.3641007505206493, 2.3833663338741986, 2.7400056521558516
flux1:, 1.365083107391253, 1.5278370329511761, 1.6822587014933688
flux1:, 1.366065464261857, 0.8091677159731928, 1.2764805241685582
flux1:, 1.367047821132461, 1.390853012804491, 1.8248671675157713
flux1:, 1.368030178003065, 1.4556060822036585, 1.6065595688576269
flux1:, 1.369012534873669, 0.9035529023066714, 1.3282233070270881
flux1:, 1.3699948917442728, 1.0745366005236847, 1.65406277822202
flux1:, 1.3709772486148768, 1.4233271870308173, 1.6347343448513836
flux1:, 1.3719596054854808, 1.1040423085363515, 1.4884933635851763
flux1:, 1.3729419623560848, 0.9790878296917309, 1.7864756786242753
flux1:, 1.3739243192266888, 1.3674737295179724, 1.7709707396511045
flux1:, 1.3749066760972926, 1.3357203452784208, 1.676336715105664
flux1:, 1.3758890329678966, 1.0539667395748031, 2.257518170226468
flux1:, 1.3768713898385005, 1.2797560533708774, 2.257267544303304
flux1:, 1.3778537467091045, 1.5408524861980963, 1.904581781158629
flux1:, 1.3788361035797085, 2.0078552315408076, 4.5012848693201
flux1:, 1.3798184604503125, 4.263078890496621, 9.109338264330193
flux1:, 1.3808008173209163, 7.430045464828886, 9.644520621838115
flux1:, 1.3817831741915203, 7.832313262630155, 5.287579738351027
flux1:, 1.3827655310621243, 4.862758079915792, 1.9242171026351798
flux1:, 1.3837478879327283, 2.3100120287995223, 1.8132282704285332
flux1:, 1.3847302448033323, 2.264601770089768, 2.010398352838765
flux1:, 1.3857126016739363, 2.792343228737996, 1.6659348213227905
flux1:, 1.38669495854454, 2.4595451799562795, 1.9861754932561704
flux1:, 1.387677315415144, 2.2318257813417164, 2.293926856377069
flux1:, 1.388659672285748, 2.5534510699171675, 2.0182833756210816
flux1:, 1.389642029156352, 2.6395821005884326, 2.155207416010435
flux1:, 1.390624386026956, 2.474785929752222, 2.570722274481483
flux1:, 1.3916067428975598, 2.6125192794363308, 2.433237124525794
flux1:, 1.3925890997681638, 2.8252181627785036, 2.3830053202249837
flux1:, 1.3935714566387678, 2.7838523599772267, 2.8040946280119305
flux1:, 1.3945538135093718, 2.8117124317372415, 2.860854735161279
flux1:, 1.3955361703799758, 3.026516658465384, 2.695070441120686
flux1:, 1.3965185272505796, 3.105986904988611, 3.0166191089059198
flux1:, 1.3975008841211836, 3.0997054396756165, 3.264191476709191
flux1:, 1.3984832409917876, 3.258556805888424, 3.0906932284425617
flux1:, 1.3994655978623916, 3.4200037624225836, 3.243979439794644
flux1:, 1.4004479547329955, 3.440352717701834, 3.615534611402364
flux1:, 1.4014303116035993, 3.5317449256221574, 3.5423999273989746
flux1:, 1.4024126684742033, 3.7199969811717395, 3.521122350406031
flux1:, 1.4033950253448073, 3.799443991828366, 3.906048599490524
flux1:, 1.4043773822154113, 3.845296893963091, 4.001744438919645
flux1:, 1.4053597390860153, 4.009288456289497, 3.8669303403768938
flux1:, 1.406342095956619, 4.1462108206975525, 4.14986786315535
flux1:, 1.407324452827223, 4.184234679836412, 4.413570236950864
flux1:, 1.408306809697827, 4.2940797428058834, 4.27150432336627
flux1:, 1.409289166568431, 4.4581892254771125, 4.377983748608086
flux1:, 1.410271523439035, 4.521461739181163, 4.735209734562457
flux1:, 1.4112538803096388, 4.576351220399729, 4.693166206541137
flux1:, 1.4122362371802428, 4.7246469033911165, 4.622404619263879
flux1:, 1.4132185940508468, 4.825107902658652, 4.952849178334
flux1:, 1.4142009509214508, 4.848556164915821, 5.069748221954117
flux1:, 1.4151833077920548, 4.945911212604958, 4.896866127530882
flux1:, 1.4161656646626586, 5.068845035486492, 5.086340613401845
flux1:, 1.4171480215332626, 5.093175717417298, 5.342053887174411
flux1:, 1.4181303784038666, 5.128398406566331, 5.184363633718112
flux1:, 1.4191127352744706, 5.240771379332035, 5.178108767735493
flux1:, 1.4200950921450746, 5.288381921963791, 5.479594865789152
flux1:, 1.4210774490156786, 5.277881492549619, 5.440287243538362
flux1:, 1.4220598058862823, 5.346482205505875, 5.270386846130798
flux1:, 1.4230421627568863, 5.4177000288313995, 5.495172870646094
flux1:, 1.4240245196274903, 5.394982132300151, 5.612076282545597
flux1:, 1.4250068764980943, 5.404737737281947, 5.382739489595509
flux1:, 1.4259892333686983, 5.478814901595604, 5.439448823770329
flux1:, 1.4269715902393023, 5.475760279924456, 5.666247292258802
flux1:, 1.427953947109906, 5.438249178976323, 5.5028023313595185
flux1:, 1.42893630398051, 5.4866824810387325, 5.377551187367878
flux1:, 1.429918660851114, 5.517097091246157, 5.60830456846531
flux1:, 1.430901017721718, 5.464775349060894, 5.595837917561815
flux1:, 1.431883374592322, 5.469147075126307, 5.360024840577945
flux1:, 1.4328657314629258, 5.523475544457391, 5.484492880974262
flux1:, 1.4338480883335298, 5.493149479703263, 5.627791286254432
flux1:, 1.4348304452041338, 5.4573502225319865, 5.403255892040863
flux1:, 1.4358128020747378, 5.510842436651453, 5.364229920781862
flux1:, 1.4367951589453418, 5.525603531109503, 5.589039574822859
flux1:, 1.4377775158159456, 5.475755726024258, 5.488691044269274
flux1:, 1.4387598726865496, 5.504911740109316, 5.312082192243565
flux1:, 1.4397422295571536, 5.564096229108588, 5.506090280184996
flux1:, 1.4407245864277576, 5.536364844065218, 5.579972525811388
flux1:, 1.4417069432983616, 5.534291324916986, 5.362827451243779
flux1:, 1.4426893001689653, 5.616352176230189, 5.435017655963584
flux1:, 1.4436716570395693, 5.639202714600073, 5.648340108373985
flux1:, 1.4446540139101733, 5.6214372230143885, 5.511017992863624
flux1:, 1.4456363707807773, 5.697728291263502, 5.439438967725421
flux1:, 1.4466187276513813, 5.777947744235311, 5.693092449373914
flux1:, 1.447601084521985, 5.775482710394057, 5.7193676698322475
flux1:, 1.448583441392589, 5.827323461169788, 5.56315345135587
flux1:, 1.449565798263193, 5.947137681128058, 5.746412963608353
flux1:, 1.450548155133797, 5.990142078044725, 5.941521554864215
flux1:, 1.451530512004401, 6.019787574237932, 5.810403611423272
flux1:, 1.4525128688750049, 6.146693506417416, 5.859201710794051
flux1:, 1.4534952257456089, 6.247555141094146, 6.147769310693456
flux1:, 1.4544775826162128, 6.276771952167755, 6.143841157261729
flux1:, 1.4554599394868168, 6.3809114115140115, 6.074022386546954
flux1:, 1.4564422963574208, 6.526054439035979, 6.340101269287633
flux1:, 1.4574246532280246, 6.582700741786077, 6.502190640639066
flux1:, 1.4584070100986286, 6.652182448272269, 6.398926009253519
flux1:, 1.4593893669692326, 6.807744204476504, 6.547648294198674
flux1:, 1.4603717238398366, 6.907817803530134, 6.8292179230387156
flux1:, 1.4613540807104406, 6.953144146295165, 6.797250692148696
flux1:, 1.4623364375810444, 7.081813959540376, 6.804143793151777
flux1:, 1.4633187944516486, 7.21767899485789, 7.098332388897894
flux1:, 1.4643011513222524, 7.262635976081868, 7.200915052838168
flux1:, 1.4652835081928564, 7.342107110597776, 7.1204687932812485
flux1:, 1.4662658650634603, 7.4843698431102155, 7.318563886034999
flux1:, 1.4672482219340643, 7.549079703960824, 7.540945519441528
flux1:, 1.4682305788046683, 7.581303414138492, 7.469758990429873
flux1:, 1.4692129356752721, 7.693450362475609, 7.518740016559036
flux1:, 1.470195292545876, 7.780282038823169, 7.777613858346233
flux1:, 1.47117764941648, 7.7864475176002585, 7.795265497611563
flux1:, 1.472160006287084, 7.843291454631599, 7.720792303587278
flux1:, 1.473142363157688, 7.934266215071691, 7.912483988973241
flux1:, 1.4741247200282919, 7.93947086999704, 8.036225005807214
flux1:, 1.4751070768988959, 7.93836173389207, 7.919838095894204
flux1:, 1.4760894337694999, 8.004976261047178, 7.976698882071185
flux1:, 1.4770717906401039, 8.022560812732989, 8.155368029682295
flux1:, 1.4780541475107078, 7.98149615505383, 8.082945217830385
flux1:, 1.4790365043813116, 8.00012476257997, 8.0049406737151
flux1:, 1.4800188612519156, 8.024747786893576, 8.15181272668541
flux1:, 1.4810012181225196, 7.969856022532426, 8.165353187697377
flux1:, 1.4819835749931236, 7.9332790972520115, 8.011760035300947
flux1:, 1.4829659318637276, 7.94543589930825, 8.053615447693458
flux1:, 1.4839482887343314, 7.896004439751848, 8.1325078797894
flux1:, 1.4849306456049354, 7.815056130266495, 7.982912992903328
flux1:, 1.4859130024755394, 7.792803357677311, 7.896573483302744
flux1:, 1.4868953593461434, 7.752063875703225, 7.974774538249125
flux1:, 1.4878777162167474, 7.647720310351314, 7.8840109316875955
flux1:, 1.4888600730873511, 7.578096181531548, 7.702307930504185
flux1:, 1.4898424299579551, 7.533508582503428, 7.707920604195091
flux1:, 1.4908247868285591, 7.424775302910604, 7.679591746195467
flux1:, 1.4918071436991631, 7.308901746907009, 7.467257525019271
flux1:, 1.4927895005697671, 7.240200294428943, 7.36107094030914
flux1:, 1.4937718574403709, 7.134529454431161, 7.351745058743401
flux1:, 1.4947542143109749, 6.984848428959353, 7.16747669670096
flux1:, 1.4957365711815789, 6.874798878532803, 6.960089400322096
flux1:, 1.4967189280521829, 6.765655078842236, 6.908776211577096
flux1:, 1.4977012849227869, 6.598196564090192, 6.7755431441878855
flux1:, 1.4986836417933906, 6.440877658967753, 6.516006739808774
flux1:, 1.4996659986639946, 6.313154554934191, 6.38000948851816
flux1:, 1.5006483555345986, 6.139754640380293, 6.279165990317471
flux1:, 1.5016307124052026, 5.943060492510293, 6.0248180042071455
flux1:, 1.5026130692758066, 5.783079988906284, 5.801192879520596
flux1:, 1.5035954261464104, 5.607561615089726, 5.690751260319044
flux1:, 1.5045777830170146, 5.389252433321623, 5.47799475590215
flux1:, 1.5055601398876184, 5.1936807118664134, 5.20092985156706
flux1:, 1.5065424967582224, 5.013402269834892, 5.044154703065251
flux1:, 1.5075248536288264, 4.793139178855451, 4.876362103773641
flux1:, 1.5085072104994304, 4.571904769063382, 4.596127467944973
flux1:, 1.5094895673700344, 4.383110450733715, 4.382741227484611
flux1:, 1.5104719242406381, 4.175139971580836, 4.23828311466508
flux1:, 1.5114542811112421, 3.9472508898711864, 3.9962567023703515
flux1:, 1.5124366379818461, 3.750524465527114, 3.7458944652659425
flux1:, 1.5134189948524501, 3.560816529704539, 3.597360968955522
flux1:, 1.5144013517230541, 3.346244478421626, 3.4105869875948955
flux1:, 1.515383708593658, 3.1485875502903395, 3.1599996522759612
flux1:, 1.516366065464262, 2.976801648935048, 2.991755466008527
flux1:, 1.5173484223348659, 2.7893377976535385, 2.852597387617085
flux1:, 1.5183307792054699, 2.6020062210084234, 2.636642875829454
flux1:, 1.5193131360760739, 2.4456983873835343, 2.451919766251292
flux1:, 1.5202954929466777, 2.2900898979667565, 2.339246148187913
flux1:, 1.5212778498172816, 2.124130619713251, 2.1766853353555025
flux1:, 1.5222602066878856, 1.9821354022083235, 1.993215951396649
flux1:, 1.5232425635584896, 1.8556553536975728, 1.8865669237977187
flux1:, 1.5242249204290936, 1.7179949120103502, 1.77632345997685
flux1:, 1.5252072772996974, 1.5914496856304887, 1.615685798284374
flux1:, 1.5261896341703014, 1.4877678671303713, 1.5048471670752777
flux1:, 1.5271719910409054, 1.3796399037473075, 1.431599159772271
flux1:, 1.5281543479115094, 1.2709716201830297, 1.309012503040516
flux1:, 1.5291367047821134, 1.1838486235611456, 1.1959946150461132
flux1:, 1.5301190616527172, 1.1016523801011673, 1.139987586483025
flux1:, 1.5311014185233212, 1.0128011692657377, 1.0590216142371192
flux1:, 1.5320837753939252, 0.9381559562594417, 0.953880074611096
flux1:, 1.5330661322645291, 0.8757125466596283, 0.899674601588676
flux1:, 1.5340484891351331, 0.8067804070436833, 0.8528147221261991
flux1:, 1.535030846005737, 0.7429586293921954, 0.7669290577886252
flux1:, 1.536013202876341, 0.6939079074567307, 0.7079556823418401
flux1:, 1.536995559746945, 0.6427974690775448, 0.6813074663024743
flux1:, 1.537977916617549, 0.5896728708111284, 0.6216161817310915
flux1:, 1.538960273488153, 0.5491367787599719, 0.5600091935257355
flux1:, 1.5399426303587567, 0.5121160489833573, 0.5393474029371489
flux1:, 1.5409249872293607, 0.4698609663756677, 0.5056209778216405
flux1:, 1.5419073440999647, 0.4350630065166674, 0.4486861313968017
flux1:, 1.5428897009705687, 0.407826558412155, 0.42431793816106944
flux1:, 1.5438720578411727, 0.37598754304255977, 0.4098484665072353
flux1:, 1.5448544147117764, 0.3459775211064483, 0.3653404382094049
flux1:, 1.5458367715823806, 0.3247032323635685, 0.3342887857596554
flux1:, 1.5468191284529844, 0.3018662759176213, 0.32903247764110816
flux1:, 1.5478014853235884, 0.27674535862712507, 0.3012931517187244
flux1:, 1.5487838421941924, 0.258779826194667, 0.2665687772178726
flux1:, 1.5497661990647964, 0.2427872845696059, 0.26109182034026673
flux1:, 1.5507485559354004, 0.22286542582354132, 0.24933643235171654
flux1:, 1.5517309128060042, 0.20689540900438036, 0.21713199171386652
flux1:, 1.5527132696766082, 0.19537691742781071, 0.20572792535111956
flux1:, 1.5536956265472122, 0.18058162017380425, 0.20473359386159287
flux1:, 1.5546779834178162, 0.16636279810454835, 0.18096046909171873
flux1:, 1.5556603402884202, 0.15728885522598504, 0.16288716599186484
flux1:, 1.556642697159024, 0.14695940403532715, 0.16540621562784352
flux1:, 1.557625054029628, 0.13480966102150027, 0.1529946778595235
flux1:, 1.558607410900232, 0.1268448285550831, 0.13164243049397756
flux1:, 1.559589767770836, 0.11986741907613449, 0.13132257387947202
flux1:, 1.56057212464144, 0.11016170741036692, 0.1291996377283781
flux1:, 1.5615544815120437, 0.10272869668525834, 0.1098112431555568
flux1:, 1.5625368383826477, 0.09785380310715935, 0.1033902950475132
flux1:, 1.5635191952532517, 0.09069374680723266, 0.10727809360572894
flux1:, 1.5645015521238557, 0.08379432268387899, 0.094312260849746
flux1:, 1.5654839089944597, 0.07995419404176467, 0.08230593913318356
flux1:, 1.5664662658650634, 0.07507250751361463, 0.08675963340341614
flux1:, 1.5674486227356674, 0.06899350832630219, 0.08198648266384578
flux1:, 1.5684309796062714, 0.0654924881384459, 0.06778105185074434
flux1:, 1.5694133364768754, 0.06234565668464613, 0.06847296360443259
flux1:, 1.5703956933474794, 0.05738656878001923, 0.07046929612117551
flux1:, 1.5713780502180832, 0.05392829735101494, 0.05837737752621569
flux1:, 1.5723604070886872, 0.05187378000778328, 0.05365381949487623
flux1:, 1.5733427639592912, 0.04818065893919171, 0.058730553684426576
flux1:, 1.5743251208298952, 0.044774900531409055, 0.051927888152088764
flux1:, 1.5753074777004992, 0.04323420974702083, 0.043065367209946664
flux1:, 1.576289834571103, 0.04075254779468786, 0.04707203552687593
flux1:, 1.577272191441707, 0.037576820192603805, 0.04629473174636686
flux1:, 1.578254548312311, 0.036133059813992924, 0.036478868863583175
flux1:, 1.579236905182915, 0.034641237157725865, 0.036612370519545474
flux1:, 1.580219262053519, 0.031916789000859834, 0.040097589616713517
flux1:, 1.5812016189241227, 0.03034647218570596, 0.03269633681566759
flux1:, 1.5821839757947267, 0.02952163873639454, 0.028507816049356968
flux1:, 1.5831663326653307, 0.027425219984339357, 0.03307715567812985
flux1:, 1.5841486895359347, 0.025688095477716798, 0.03005661623056688
flux1:, 1.5851310464065387, 0.02517749903501076, 0.023273456394948443
flux1:, 1.5861134032771425, 0.023784375932511405, 0.025937740661078512
flux1:, 1.5870957601477467, 0.02198783579574634, 0.02714149347435706
flux1:, 1.5880781170183504, 0.021479990267336494, 0.02051486575463432
flux1:, 1.5890604738889544, 0.02073408416859839, 0.01977652654498672
flux1:, 1.5900428307595584, 0.019073525519303938, 0.02330750068733355
flux1:, 1.5910251876301624, 0.0183641598055357, 0.019159888973170353
flux1:, 1.5920075445007664, 0.018083698928916554, 0.015421748271236376
flux1:, 1.5929899013713702, 0.016761518079541515, 0.01878522431360819
flux1:, 1.5939722582419742, 0.015795766158560744, 0.018005380209937354
flux1:, 1.5949546151125782, 0.015722132199115706, 0.013025346139633255
flux1:, 1.5959369719831822, 0.014865404194403664, 0.014352785620782271
flux1:, 1.5969193288537862, 0.013734269657243621, 0.01624496537555758
flux1:, 1.59790168572439, 0.01361231850883884, 0.012069863507987012
flux1:, 1.598884042594994, 0.013220940271111137, 0.010822478516736333
flux1:, 1.599866399465598, 0.012107637615611823, 0.013713691634526846
flux1:, 1.600848756336202, 0.01176564566595777, 0.011697962907885193
flux1:, 1.601831113206806, 0.011712772462383968, 0.008628927164857499
flux1:, 1.6028134700774097, 0.010809873556066956, 0.010792311802935856
flux1:, 1.6037958269480137, 0.010205628597676054, 0.011131281053551639
flux1:, 1.6047781838186177, 0.010287710669655212, 0.007685352575027393
flux1:, 1.6057605406892217, 0.009719377424593601, 0.008095555700017416
flux1:, 1.6067428975598257, 0.008935922618698123, 0.009965578708415747
flux1:, 1.6077252544304295, 0.008948278963544066, 0.007504767573436057
flux1:, 1.6087076113010335, 0.00872672422078876, 0.0061330861351977075
flux1:, 1.6096899681716375, 0.007923837412372445, 0.008243692573603884
flux1:, 1.6106723250422414, 0.007730347288704959, 0.007469365469853963
flux1:, 1.6116546819128454, 0.007758886444844629, 0.005092172772326448
flux1:, 1.6126370387834492, 0.007102604583085469, 0.006327225411964211
flux1:, 1.6136193956540532, 0.006674320269424237, 0.007101786847928463
flux1:, 1.6146017525246572, 0.0067908290540312005, 0.004804254243871031
flux1:, 1.6155841093952612, 0.006388682578455574, 0.004663366071588943
flux1:, 1.6165664662658652, 0.005800285627780335, 0.006226125444688142
flux1:, 1.617548823136469, 0.005841240488422953, 0.004870932323915449
flux1:, 1.618531180007073, 0.005706042281759203, 0.0035637357322944427
flux1:, 1.619513536877677, 0.005095116183564242, 0.004973673325854562
flux1:, 1.620495893748281, 0.004954875265646004, 0.004866541776244683
flux1:, 1.621478250618885, 0.0050078313444831294, 0.003084927755843165
flux1:, 1.6224606074894887, 0.00451492961140149, 0.0036593104341548464
flux1:, 1.6234429643600927, 0.004178478710385819, 0.004517946670521189
flux1:, 1.6244253212306967, 0.004287287883831018, 0.003042900722057048
flux1:, 1.6254076781013007, 0.004000698389569994, 0.002603730990713236
flux1:, 1.6263900349719047, 0.003539251737845014, 0.0037882614670280007
flux1:, 1.6273723918425085, 0.003573943263222503, 0.0031312371951143403
flux1:, 1.6283547487131127, 0.003499960146018927, 0.0019874550077218843
flux1:, 1.6293371055837165, 0.003033602495968941, 0.0028445626528324766
flux1:, 1.6303194624543205, 0.002916853437717251, 0.003072891504292091
flux1:, 1.6313018193249245, 0.0029853502928739485, 0.001794214278056518
flux1:, 1.6322841761955285, 0.002629747137958357, 0.001944076634427596
flux1:, 1.6332665330661325, 0.00236177810388655, 0.0027323741260555728
flux1:, 1.6342488899367362, 0.002462190217464231, 0.0018514871485119818
flux1:, 1.6352312468073402, 0.0022820644447840675, 0.001303250922836054
flux1:, 1.6362136036779442, 0.0019316978437144707, 0.0021465234234782755
flux1:, 1.6371959605485482, 0.0019622379814919926, 0.0019317170661974567
flux1:, 1.6381783174191522, 0.0019503039393547318, 0.0010091203375105736
flux1:, 1.639160674289756, 0.0016184659587699154, 0.001475937842424106
flux1:, 1.64014303116036, 0.0015268120535564917, 0.0018591098132274653
flux1:, 1.641125388030964, 0.0016149559061502884, 0.0010021700043836902
flux1:, 1.642107744901568, 0.0013883568967580009, 0.0009121438917344431
flux1:, 1.643090101772172, 0.001187114311302464, 0.0015761262312003815
flux1:, 1.6440724586427757, 0.0012821982381004094, 0.0011249370288313005
flux1:, 1.6450548155133797, 0.0011980288883225408, 0.0005865162739404162
flux1:, 1.6460371723839837, 0.0009504767604149213, 0.0011485190771102932
flux1:, 1.6470195292545877, 0.0009768191524045181, 0.0012057687360335935
flux1:, 1.6480018861251917, 0.0010129482995813667, 0.000518698809008874
flux1:, 1.6489842429957955, 0.0007982323552152541, 0.0007150332297757997
flux1:, 1.6499665998663995, 0.000727155549576618, 0.001137366361118671
flux1:, 1.6509489567370035, 0.000819646330163337, 0.0006222191266199896
flux1:, 1.6519313136076075, 0.0006953285378895153, 0.0004100331592357151
flux1:, 1.6529136704782115, 0.0005497637746922037, 0.000915251495825159
flux1:, 1.6538960273488152, 0.0006266444914562244, 0.0007591186045483101
flux1:, 1.6548783842194192, 0.0006062193194770909, 0.0002980252052379729
flux1:, 1.6558607410900232, 0.00044133975335084504, 0.0006216340629175295
flux1:, 1.6568430979606272, 0.00045487304905116656, 0.0008123527055510996
flux1:, 1.6578254548312312, 0.0005088175030440953, 0.0003515260485041438
flux1:, 1.658807811701835, 0.0003812163771474858, 0.0003686333465227103
flux1:, 1.659790168572439, 0.00032373513061021016, 0.0007371408236015919
flux1:, 1.660772525443043, 0.0004000030676009756, 0.00047872528566965367
flux1:, 1.661754882313647, 0.0003418793752573232, 0.00023575346720682908
flux1:, 1.662737239184251, 0.00024051809751981124, 0.00056727891050318
flux1:, 1.6637195960548548, 0.0002913724658091199, 0.0005791151473170845
flux1:, 1.6647019529254587, 0.0003010012032093243, 0.00023568944453534693
flux1:, 1.6656843097960627, 0.0001978788057294867, 0.0003807153270610029
flux1:, 1.6666666666666667, 0.0001992035263717878, 0.0005926641483080239
