flux1:, 1.1764705882352942, 0.0004934310543492933, 0.00022560892842830464
flux1:, 1.1774529451058982, 0.00012486748437067678, 0.00017541382209496716
flux1:, 1.1784353019765021, 0.000567470558151888, 0.00011704561692151173
flux1:, 1.179417658847106, 0.0007378568300677613, 0.00026331373569538676
flux1:, 1.18040001571771, 0.00014444789105838918, 0.00029290687855236405
flux1:, 1.181382372588314, 0.00037237917286093894, 0.0001728363212280502
flux1:, 1.182364729458918, 0.0009664445603760376, 0.0002884428925780353
flux1:, 1.183347086329522, 0.00036995965582907697, 0.00043122747727706884
flux1:, 1.1843294432001257, 0.00010954915582846583, 0.00029877080442217174
flux1:, 1.1853118000707297, 0.0010382255729798429, 0.0003197914228734715
flux1:, 1.1862941569413337, 0.0008411302810750493, 0.0005658942146804008
flux1:, 1.1872765138119377, -4.183530840856264e-05, 0.0005078949303648397
flux1:, 1.1882588706825417, 0.0008154483755124801, 0.000397616459942206
flux1:, 1.1892412275531457, 0.0014368513593087655, 0.0006756628314089596
flux1:, 1.1902235844237494, 0.00019190958271449244, 0.0007842808856915271
flux1:, 1.1912059412943534, 0.00031945767180370917, 0.000574160650507611
flux1:, 1.1921882981649574, 0.0018156040395735584, 0.000766821771314068
flux1:, 1.1931706550355614, 0.0009812150528921255, 0.0010866547986313315
flux1:, 1.1941530119061654, -0.00010333306940165172, 0.000894627523451114
flux1:, 1.1951353687767692, 0.0015797151690430684, 0.0008967767136042416
flux1:, 1.1961177256473732, 0.0020607268764342183, 0.0013843160255380413
flux1:, 1.1971000825179772, 0.00011492381590533826, 0.0013902404012007788
flux1:, 1.1980824393885812, 0.0007253660997457287, 0.0011786085664769457
flux1:, 1.1990647962591852, 0.002628546032071358, 0.0016845717145957625
flux1:, 1.200047153129789, 0.0011497721540282184, 0.002053121055336986
flux1:, 1.201029510000393, -3.825396961511485e-05, 0.001728645535424492
flux1:, 1.202011866870997, 0.0020321314937621487, 0.001977497982349356
flux1:, 1.202994223741601, 0.002163679503063669, 0.0026739145042794
flux1:, 1.203976580612205, 3.2632210117558425e-05, 0.0024602784445891517
flux1:, 1.2049589374828087, 0.0008685787927517635, 0.002200418297951252
flux1:, 1.2059412943534127, 0.0022676420563194966, 0.002872099673977614
flux1:, 1.2069236512240167, 0.0006037258538026863, 0.0030094714591779744
flux1:, 1.2079060080946207, 0.0001614872250403391, 0.0023807805939563154
flux1:, 1.2088883649652247, 0.0018427516117786777, 0.0026618540870656042
flux1:, 1.2098707218358287, 0.0010982192886645876, 0.0031851910884001695
flux1:, 1.2108530787064324, -5.486062983173995e-05, 0.0026093670684244966
flux1:, 1.2118354355770364, 0.0014185170217280104, 0.0023926935358146145
flux1:, 1.2128177924476404, 0.0015099623692065185, 0.0030882668324027918
flux1:, 1.2138001493182444, -3.163367572595966e-05, 0.0028922139166853646
flux1:, 1.2147825061888484, 0.0010137304515984978, 0.0023027985386202742
flux1:, 1.2157648630594522, 0.0019158111656944054, 0.0028769608109706787
flux1:, 1.2167472199300562, 0.00021905379857664308, 0.0031735243193869943
flux1:, 1.2177295768006602, 0.0005526401567788925, 0.0024668822818962066
flux1:, 1.2187119336712642, 0.0022335774930740634, 0.0026880866062145552
flux1:, 1.2196942905418682, 0.0007740059754719205, 0.0034002334735635637
flux1:, 1.220676647412472, 9.599641224700641e-05, 0.0028735259271142188
flux1:, 1.221659004283076, 0.0023078329766690483, 0.002644429692018446
flux1:, 1.22264136115368, 0.0016388294350762921, 0.0035569404564325053
flux1:, 1.223623718024284, -0.00016522513348056717, 0.003471323154165474
flux1:, 1.224606074894888, 0.0020272083819834054, 0.0028596072173319087
flux1:, 1.2255884317654917, 0.0026987812819533547, 0.0036840487881216535
flux1:, 1.2265707886360957, 1.9206226004049868e-05, 0.004196181951090593
flux1:, 1.2275531455066997, 0.001404762386218728, 0.003434383401862376
flux1:, 1.2285355023773037, 0.0037362494063935218, 0.0038901996442629147
flux1:, 1.2295178592479077, 0.0008868844022851131, 0.00499996606962219
flux1:, 1.2305002161185117, 0.0006284223194040839, 0.004454306647262458
flux1:, 1.2314825729891155, 0.0044847054918098405, 0.004364648592372896
flux1:, 1.2324649298597194, 0.0026076228841485547, 0.005891281505061693
flux1:, 1.2334472867303234, 0.00010208568755277486, 0.0059998847954275515
flux1:, 1.2344296436009274, 0.0047123913262560845, 0.005398046362937948
flux1:, 1.2354120004715314, 0.005251070463639471, 0.007000598097089383
flux1:, 1.2363943573421352, 0.0005120738699363946, 0.008185459900957875
flux1:, 1.2373767142127392, 0.00436119091573556, 0.00743092959464844
flux1:, 1.2383590710833432, 0.008780159919511744, 0.008697634156560153
flux1:, 1.2393414279539472, 0.0029844164025345076, 0.01125700283899732
flux1:, 1.2403237848245512, 0.0038517900584587278, 0.011168820395548328
flux1:, 1.241306141695155, 0.0130773557326372, 0.01182736677181671
flux1:, 1.242288498565759, 0.0094367828637178, 0.015800151299563515
flux1:, 1.243270855436363, 0.004926447613896761, 0.017786841524636603
flux1:, 1.244253212306967, 0.018025951701758785, 0.018131651955676516
flux1:, 1.245235569177571, 0.022929924253498303, 0.0229856158861348
flux1:, 1.2462179260481747, 0.012832789677839466, 0.02865824565902088
flux1:, 1.2472002829187787, 0.02362155923659449, 0.029872397273695703
flux1:, 1.2481826397893827, 0.04404512659949851, 0.03303618914268079
flux1:, 1.2491649966599867, 0.03595166516606676, 0.040024354276770396
flux1:, 1.2501473535305907, 0.029282253468050672, 0.04111083190389426
flux1:, 1.2511297104011945, 0.052032854783332395, 0.03631681648581457
flux1:, 1.2521120672717985, 0.05682115317551355, 0.03461108400078599
flux1:, 1.2530944241424025, 0.032191331495505786, 0.032900585935660843
flux1:, 1.2540767810130065, 0.032143741753733905, 0.025243231757531206
flux1:, 1.2550591378836105, 0.0475051556403911, 0.0187307089814811
flux1:, 1.2560414947542144, 0.03203447638482571, 0.01756735056523854
flux1:, 1.2570238516248182, 0.016363092573642775, 0.014693673203449262
flux1:, 1.2580062084954222, 0.02990795715394063, 0.009698904269314678
flux1:, 1.2589885653660262, 0.030228888693301148, 0.0086361723447051
flux1:, 1.2599709222366302, 0.011888695225642202, 0.008780092675133988
flux1:, 1.2609532791072342, 0.01682350076524646, 0.006078752291407038
flux1:, 1.261935635977838, 0.026940139075224728, 0.004625503587788596
flux1:, 1.262917992848442, 0.013159912547666429, 0.0055567392025770495
flux1:, 1.263900349719046, 0.009068649222817332, 0.004674236222647051
flux1:, 1.26488270658965, 0.02232229159008257, 0.003149570263373737
flux1:, 1.265865063460254, 0.016334277007776725, 0.003820021430724364
flux1:, 1.266847420330858, 0.005815205823537877, 0.004079333706338068
flux1:, 1.2678297772014617, 0.01693178702380371, 0.002924518627362494
flux1:, 1.2688121340720657, 0.019246825895920493, 0.0030717201715465938
flux1:, 1.2697944909426697, 0.006211282340581661, 0.0038194052974582977
flux1:, 1.2707768478132737, 0.01166746353085985, 0.003278829679971818
flux1:, 1.2717592046838777, 0.020665130779980386, 0.0030677757667160097
flux1:, 1.2727415615544815, 0.009286414461336273, 0.0038132345139944394
flux1:, 1.2737239184250855, 0.007581632978815017, 0.003862201486585651
flux1:, 1.2747062752956895, 0.020066912412917096, 0.003620675044433114
flux1:, 1.2756886321662935, 0.013847674737679819, 0.0041279430048043715
flux1:, 1.2766709890368975, 0.005625557502427218, 0.004534715218179342
flux1:, 1.2776533459075012, 0.017607006777739888, 0.004546128946053798
flux1:, 1.2786357027781052, 0.01855526328092688, 0.004849398514568733
flux1:, 1.2796180596487092, 0.006381315096239911, 0.005313341554120484
flux1:, 1.2806004165193132, 0.014058743698634281, 0.005679079508016485
flux1:, 1.2815827733899172, 0.022145944708222818, 0.006009449906619632
flux1:, 1.282565130260521, 0.009854811929091748, 0.006320521338883948
flux1:, 1.283547487131125, 0.010638973001143316, 0.006917692709319574
flux1:, 1.284529844001729, 0.02372501553704705, 0.00755856291304401
flux1:, 1.285512200872333, 0.015403975862379583, 0.00771917277850858
flux1:, 1.286494557742937, 0.008707920166089893, 0.008265183123678778
flux1:, 1.2874769146135407, 0.023026506459906712, 0.009382596561192905
flux1:, 1.2884592714841447, 0.021847894070666094, 0.009640734829281124
flux1:, 1.2894416283547487, 0.009398362698041124, 0.0098457686830458
flux1:, 1.2904239852253527, 0.020543930965220666, 0.01135723089898206
flux1:, 1.2914063420959567, 0.027752226972406983, 0.012125026907426992
flux1:, 1.2923886989665605, 0.013270377427171435, 0.01188044575249281
flux1:, 1.2933710558371645, 0.017465515759389785, 0.013423107477979694
flux1:, 1.2943534127077685, 0.03182870116934157, 0.015093960760622714
flux1:, 1.2953357695783725, 0.020098260560129616, 0.0146220171119274
flux1:, 1.2963181264489765, 0.015404106092037038, 0.015655549025702164
flux1:, 1.2973004833195805, 0.033341342797398255, 0.018375318437263637
flux1:, 1.2982828401901843, 0.02887002751638343, 0.01826466857020447
flux1:, 1.2992651970607882, 0.015977809833204883, 0.018299720895758417
flux1:, 1.3002475539313922, 0.032397085875900074, 0.021779084218468102
flux1:, 1.3012299108019962, 0.03802304190191087, 0.022857097725929275
flux1:, 1.3022122676726002, 0.02035192000150658, 0.021748438601635067
flux1:, 1.303194624543204, 0.03002201496124454, 0.025210516864560665
flux1:, 1.304176981413808, 0.04586814268667329, 0.028254315774385277
flux1:, 1.305159338284412, 0.028875937970674538, 0.026455280533243634
flux1:, 1.306141695155016, 0.027982452833012948, 0.028786910200309646
flux1:, 1.30712405202562, 0.05109207042322081, 0.03413903288474047
flux1:, 1.308106408896224, 0.040931782423830276, 0.032798630657688434
flux1:, 1.3090887657668278, 0.028387985965137117, 0.032915515255626714
flux1:, 1.3100711226374318, 0.05319757382858287, 0.040126094579371094
flux1:, 1.3110534795080357, 0.05505209807330978, 0.040934129131908525
flux1:, 1.3120358363786397, 0.03318365615255943, 0.03829359286297292
flux1:, 1.3130181932492437, 0.052752198156439674, 0.0459379985413403
flux1:, 1.3140005501198475, 0.06928723000152466, 0.05068841124337089
flux1:, 1.3149829069904515, 0.04368173614882527, 0.04581165359542168
flux1:, 1.3159652638610555, 0.051375461248048385, 0.05161227111519994
flux1:, 1.3169476207316595, 0.08172148399193681, 0.06154593876515082
flux1:, 1.3179299776022635, 0.06028067233941503, 0.05637452520108337
flux1:, 1.3189123344728673, 0.051483102310978544, 0.057684894331463434
flux1:, 1.3198946913434713, 0.09098952235982564, 0.07276029529873052
flux1:, 1.3208770482140753, 0.08247028760049835, 0.0706950904702818
flux1:, 1.3218594050846793, 0.05590738907460962, 0.06530224175550191
flux1:, 1.3228417619552832, 0.09664286035229812, 0.0835837520367561
flux1:, 1.323824118825887, 0.10914240390150426, 0.08915052736005218
flux1:, 1.324806475696491, 0.06760805925664791, 0.07626408614686774
flux1:, 1.325788832567095, 0.09927510568259108, 0.09356754480037276
flux1:, 1.326771189437699, 0.13914329539956138, 0.11181057948311209
flux1:, 1.327753546308303, 0.08979188726248469, 0.09312105086934543
flux1:, 1.3287359031789068, 0.10044065784123407, 0.10286901975019644
flux1:, 1.3297182600495108, 0.17196019285956451, 0.1387520364418907
flux1:, 1.3307006169201148, 0.1269745730045213, 0.11972892069527777
flux1:, 1.3316829737907188, 0.1026412155204786, 0.11258586712613544
flux1:, 1.3326653306613228, 0.20849581605850012, 0.17080608672558986
flux1:, 1.3336476875319265, 0.18828472855339665, 0.16345865507503266
flux1:, 1.3346300444025305, 0.11028497566923265, 0.12558687776566552
flux1:, 1.3356124012731345, 0.25224987928828724, 0.21113920315896256
flux1:, 1.3365947581437385, 0.29766088566828397, 0.24335476900111716
flux1:, 1.3375771150143425, 0.13520115957561085, 0.1505680952844121
flux1:, 1.3385594718849465, 0.31291184200400723, 0.2695970312140858
flux1:, 1.3395418287555503, 0.5341407938023355, 0.4254200825312037
flux1:, 1.3405241856261543, 0.22791803408538383, 0.22759204036261652
flux1:, 1.3415065424967583, 0.42575006680956634, 0.38302669845701315
flux1:, 1.3424888993673623, 1.286211574522918, 1.055740315025012
flux1:, 1.3434712562379663, 0.7696616746565832, 0.689352734527852
flux1:, 1.34445361310857, 0.8713943052916526, 0.8372488962483918
flux1:, 1.345435969979174, 8.098018662017527, 7.39721721782282
flux1:, 1.346418326849778, 20.65353504184825, 19.733782986974106
flux1:, 1.347400683720382, 25.50079126813279, 25.771748066489543
flux1:, 1.348383040590986, 16.714031252836403, 17.94639014159422
flux1:, 1.34936539746159, 4.921691529449067, 5.577359561741854
flux1:, 1.3503477543321938, 0.7163958295572683, 0.7388176817790325
flux1:, 1.3513301112027978, 1.5553733685479496, 1.9022104842142589
flux1:, 1.3523124680734018, 1.4034367981943996, 1.8615074538365035
flux1:, 1.3532948249440058, 0.5265526919614967, 0.6001123428523172
flux1:, 1.3542771818146098, 0.6825725884175335, 0.8479313527180175
flux1:, 1.3552595386852135, 0.8566606767508246, 1.2636172606107943
flux1:, 1.3562418955558175, 0.5291048676858128, 0.6801824115053205
flux1:, 1.3572242524264215, 0.5168603602868818, 0.5975466716861493
flux1:, 1.3582066092970255, 0.6771381341336862, 1.0433354855123989
flux1:, 1.3591889661676295, 0.5555376609398036, 0.8039072765399123
flux1:, 1.3601713230382333, 0.50497603308334, 0.553659753141247
flux1:, 1.3611536799088373, 0.6150401353617868, 0.925462260496322
flux1:, 1.3621360367794413, 0.5852768988810939, 0.9395520986687015
flux1:, 1.3631183936500453, 0.5453499906128992, 0.6167163833738112
flux1:, 1.3641007505206493, 0.614624081147885, 0.8516393539507481
flux1:, 1.365083107391253, 0.6174718034038595, 1.0688954629533942
flux1:, 1.366065464261857, 0.6035886343084577, 0.7625840779645091
flux1:, 1.367047821132461, 0.656837854847876, 0.8157039107253751
flux1:, 1.368030178003065, 0.6587403204346753, 1.1772667121460776
flux1:, 1.369012534873669, 0.6628799244125848, 0.982464270895005
flux1:, 1.3699948917442728, 0.7292084174276131, 0.8341969221129534
flux1:, 1.3709772486148768, 0.7196695011035457, 1.2550166847614546
flux1:, 1.3719596054854808, 0.7152624559254621, 1.269306895651823
flux1:, 1.3729419623560848, 0.8165519834178105, 0.9396944926203137
flux1:, 1.3739243192266888, 0.8110927589658826, 1.3015096244077098
flux1:, 1.3749066760972926, 0.7614021647048799, 1.6175843243548333
flux1:, 1.3758890329678966, 0.8977924373022409, 1.1860291997082946
flux1:, 1.3768713898385005, 0.9380004604699047, 1.3308351039536936
flux1:, 1.3778537467091045, 0.8130149094909844, 2.036546899113423
flux1:, 1.3788361035797085, 0.9489267991715495, 1.6880434651909435
flux1:, 1.3798184604503125, 1.08850381305226, 1.3862145194498743
flux1:, 1.3808008173209163, 0.9035239680461012, 2.613474704081896
flux1:, 1.3817831741915203, 1.0021181653021727, 2.8901732127720656
flux1:, 1.3827655310621243, 1.2215114130711457, 1.6479617885257527
flux1:, 1.3837478879327283, 1.2775670683655256, 4.128981949489347
flux1:, 1.3847302448033323, 3.9757561953618077, 11.1757624137444
flux1:, 1.3857126016739363, 10.824722696407385, 14.534379577125673
flux1:, 1.38669495854454, 15.43273801833467, 9.888232788213514
flux1:, 1.387677315415144, 11.494844251042439, 3.696965528653037
flux1:, 1.388659672285748, 4.23764717956101, 1.6838806792832408
flux1:, 1.389642029156352, 2.2354657623805485, 1.8116389378795386
flux1:, 1.390624386026956, 3.8734028519881276, 1.5458384890694004
flux1:, 1.3916067428975598, 3.520475391815148, 1.6835244003136411
flux1:, 1.3925890997681638, 2.3723334116183814, 2.208397480167805
flux1:, 1.3935714566387678, 3.0840259601850692, 2.119291536823563
flux1:, 1.3945538135093718, 3.5903341373316553, 2.046147574877983
flux1:, 1.3955361703799758, 2.854270999651045, 2.5180653206083767
flux1:, 1.3965185272505796, 2.9907550040669757, 2.6860988682177807
flux1:, 1.3975008841211836, 3.744519783731942, 2.5408919729680473
flux1:, 1.3984832409917876, 3.4463897172901983, 2.8377857770253407
flux1:, 1.3994655978623916, 3.20369860445409, 3.1829551843720756
flux1:, 1.4004479547329955, 3.8948341300053837, 3.109612557402256
flux1:, 1.4014303116035993, 4.038213873022676, 3.216994179586039
flux1:, 1.4024126684742033, 3.6337232963648285, 3.6083167231980173
flux1:, 1.4033950253448073, 4.04743110636578, 3.6831535498976398
flux1:, 1.4043773822154113, 4.528218142116588, 3.6596071755415776
flux1:, 1.4053597390860153, 4.19662216998992, 3.96870310150999
flux1:, 1.406342095956619, 4.2379157481737275, 4.181498498961483
flux1:, 1.407324452827223, 4.8385799327444525, 4.120425027927589
flux1:, 1.408306809697827, 4.760413937834331, 4.267696079391417
flux1:, 1.409289166568431, 4.488972662916342, 4.53330605829221
flux1:, 1.410271523439035, 4.946084204213257, 4.513933979696693
flux1:, 1.4112538803096388, 5.165258022071604, 4.4951218149477485
flux1:, 1.4122362371802428, 4.772588844081215, 4.699605995972507
flux1:, 1.4132185940508468, 4.894854709888735, 4.747498277598881
flux1:, 1.4142009509214508, 5.2905976048695464, 4.624456209031182
flux1:, 1.4151833077920548, 5.002400940991909, 4.686975049919697
flux1:, 1.4161656646626586, 4.769371080333099, 4.768200768006211
flux1:, 1.4171480215332626, 5.122473478433809, 4.626264928513466
flux1:, 1.4181303784038666, 5.074498263624912, 4.539114066723702
flux1:, 1.4191127352744706, 4.64010148454124, 4.591681923286744
flux1:, 1.4200950921450746, 4.761347203127473, 4.490911965973504
flux1:, 1.4210774490156786, 4.93250475251288, 4.312174883821834
flux1:, 1.4220598058862823, 4.5250350871514415, 4.290090513087693
flux1:, 1.4230421627568863, 4.358740567369817, 4.242211044657214
flux1:, 1.4240245196274903, 4.605013439656082, 4.052691807706492
flux1:, 1.4250068764980943, 4.3966603011475085, 3.9516045461078977
flux1:, 1.4259892333686983, 4.0349321876233555, 3.9313977675291985
flux1:, 1.4269715902393023, 4.189439700880287, 3.7909324151927346
flux1:, 1.427953947109906, 4.220401283716553, 3.644120176983811
flux1:, 1.42893630398051, 3.8353803867628877, 3.6181506064775726
flux1:, 1.429918660851114, 3.802278058740483, 3.546443997761807
flux1:, 1.430901017721718, 3.9895422280943045, 3.4021154486809166
flux1:, 1.431883374592322, 3.7387933719460427, 3.3522880359899316
flux1:, 1.4328657314629258, 3.5315084337162554, 3.3355209704208506
flux1:, 1.4338480883335298, 3.7355996170651187, 3.2331494056219126
flux1:, 1.4348304452041338, 3.693788345122597, 3.164154747014227
flux1:, 1.4358128020747378, 3.412369465680031, 3.1743147932779734
flux1:, 1.4367951589453418, 3.5151202197777787, 3.1314637493007247
flux1:, 1.4377775158159456, 3.6563863213460692, 3.064055460260593
flux1:, 1.4387598726865496, 3.4288434958710567, 3.0773684038628226
flux1:, 1.4397422295571536, 3.385124126984884, 3.089294913158566
flux1:, 1.4407245864277576, 3.612102405952975, 3.047381457148991
flux1:, 1.4417069432983616, 3.532922093070252, 3.054243938698107
flux1:, 1.4426893001689653, 3.380212680565865, 3.102405214842538
flux1:, 1.4436716570395693, 3.578425594288809, 3.101707504195985
flux1:, 1.4446540139101733, 3.670724937628614, 3.106897583417319
flux1:, 1.4456363707807773, 3.500443721574078, 3.1703098072672597
flux1:, 1.4466187276513813, 3.5914828876009133, 3.21307410976241
flux1:, 1.447601084521985, 3.8051133002939115, 3.229236465155959
flux1:, 1.448583441392589, 3.713659751711774, 3.2933907397572875
flux1:, 1.449565798263193, 3.685205018317993, 3.369856371866603
flux1:, 1.450548155133797, 3.9271275870828313, 3.408953259303437
flux1:, 1.451530512004401, 3.970245568799574, 3.469378989227776
flux1:, 1.4525128688750049, 3.8728550719486567, 3.563785822853525
flux1:, 1.4534952257456089, 4.053188912068877, 3.630743533998559
flux1:, 1.4544775826162128, 4.223475904764549, 3.6911497313708024
flux1:, 1.4554599394868168, 4.139024933139748, 3.788726845564824
flux1:, 1.4564422963574208, 4.2107652224670495, 3.879574183429597
flux1:, 1.4574246532280246, 4.446409714554732, 3.946753556212551
flux1:, 1.4584070100986286, 4.4452553879864665, 4.03850359145572
flux1:, 1.4593893669692326, 4.420088707466221, 4.142850663193417
flux1:, 1.4603717238398366, 4.638050010528792, 4.221440099043076
flux1:, 1.4613540807104406, 4.7459708293220215, 4.305186314789434
flux1:, 1.4623364375810444, 4.681037066913973, 4.410984212310987
flux1:, 1.4633187944516486, 4.816830515597175, 4.5005465549643455
flux1:, 1.4643011513222524, 5.0065132661084215, 4.578727882551952
flux1:, 1.4652835081928564, 4.97127568753419, 4.676646585226074
flux1:, 1.4662658650634603, 5.005806886753237, 4.771886392626072
flux1:, 1.4672482219340643, 5.214456520341937, 4.847959445970657
flux1:, 1.4682305788046683, 5.255636060608196, 4.9334915311050445
flux1:, 1.4692129356752721, 5.217700005499711, 5.026716026392361
flux1:, 1.470195292545876, 5.379435161504436, 5.102197291365205
flux1:, 1.47117764941648, 5.500955900044714, 5.175109724435131
flux1:, 1.472160006287084, 5.447102344368695, 5.2591640445743515
flux1:, 1.473142363157688, 5.522921825497081, 5.33247531464071
flux1:, 1.4741247200282919, 5.688446623194793, 5.394563534045858
flux1:, 1.4751070768988959, 5.672576703893862, 5.46468383240932
flux1:, 1.4760894337694999, 5.664079732691501, 5.531745029719958
flux1:, 1.4770717906401039, 5.817872315926206, 5.584361561611904
flux1:, 1.4780541475107078, 5.866057609155768, 5.638329796008524
flux1:, 1.4790365043813116, 5.808714937920403, 5.694000947147331
flux1:, 1.4800188612519156, 5.902570384673559, 5.736492964397165
flux1:, 1.4810012181225196, 6.003843916918598, 5.77347858882361
flux1:, 1.4819835749931236, 5.9457039868432355, 5.812827417158297
flux1:, 1.4829659318637276, 5.95875738965107, 5.842252523421938
flux1:, 1.4839482887343314, 6.073693740529473, 5.861281116122328
flux1:, 1.4849306456049354, 6.051129929849108, 5.8801170856644704
flux1:, 1.4859130024755394, 5.994625955635284, 5.891939775190152
flux1:, 1.4868953593461434, 6.075310281926144, 5.890904856951949
flux1:, 1.4878777162167474, 6.096989974234584, 5.885680090786514
flux1:, 1.4888600730873511, 6.004042653675194, 5.874891547145913
flux1:, 1.4898424299579551, 6.0150722514657105, 5.850603457633982
flux1:, 1.4908247868285591, 6.060093879877689, 5.818241329182931
flux1:, 1.4918071436991631, 5.9670949348143125, 5.780480388033614
flux1:, 1.4927895005697671, 5.898514339453419, 5.729703378315476
flux1:, 1.4937718574403709, 5.9277928261331, 5.667941357640266
flux1:, 1.4947542143109749, 5.856791436454705, 5.6004753411875825
flux1:, 1.4957365711815789, 5.724775937386232, 5.521443432432101
flux1:, 1.4967189280521829, 5.6995196375118615, 5.4298406422756536
flux1:, 1.4977012849227869, 5.649241178686966, 5.332405323796211
flux1:, 1.4986836417933906, 5.485969880385394, 5.226057838150303
flux1:, 1.4996659986639946, 5.385131991905922, 5.1071456885122535
flux1:, 1.5006483555345986, 5.333956962419785, 4.982541006637312
flux1:, 1.5016307124052026, 5.172050253780745, 4.852835784682666
flux1:, 1.5026130692758066, 5.001502578958796, 4.712492129676358
flux1:, 1.5035954261464104, 4.920599858611961, 4.566662926884195
flux1:, 1.5045777830170146, 4.779197457793523, 4.419885586606881
flux1:, 1.5055601398876184, 4.568387065261004, 4.266388283068086
flux1:, 1.5065424967582224, 4.438388666048705, 4.107749207120887
flux1:, 1.5075248536288264, 4.317403763327203, 3.9513623852598627
flux1:, 1.5085072104994304, 4.10491283620063, 3.7935306657579297
flux1:, 1.5094895673700344, 3.927025802978724, 3.631561774990252
flux1:, 1.5104719242406381, 3.812219911229992, 3.4731926879765376
flux1:, 1.5114542811112421, 3.6282753925034257, 3.3186315571019054
flux1:, 1.5124366379818461, 3.4236808783525725, 3.1621184871332715
flux1:, 1.5134189948524501, 3.2987043374683793, 3.0088154527511066
flux1:, 1.5144013517230541, 3.1545788911624437, 2.8630134754493457
flux1:, 1.515383708593658, 2.9535706911080104, 2.718542841329824
flux1:, 1.516366065464262, 2.810983571961274, 2.5761456912988403
flux1:, 1.5173484223348659, 2.699780861094094, 2.4424845976822116
flux1:, 1.5183307792054699, 2.5281353802466926, 2.313729992762099
flux1:, 1.5193131360760739, 2.373362813320639, 2.186332027378926
flux1:, 1.5202954929466777, 2.27902679939861, 2.0665969011811463
flux1:, 1.5212778498172816, 2.1490436185861634, 1.9545298986228132
flux1:, 1.5222602066878856, 1.9967449349970285, 1.8441872888843944
flux1:, 1.5232425635584896, 1.9045550322212348, 1.7391188388077359
flux1:, 1.5242249204290936, 1.8137561314463966, 1.6428466417942944
flux1:, 1.5252072772996974, 1.6802882567157778, 1.549662881079554
flux1:, 1.5261896341703014, 1.5835408489258915, 1.459304615324658
flux1:, 1.5271719910409054, 1.5195016824932988, 1.3770603388028908
flux1:, 1.5281543479115094, 1.4159515421666966, 1.2996195311875738
flux1:, 1.5291367047821134, 1.31707810640442, 1.2234498129909377
flux1:, 1.5301190616527172, 1.2647317463039922, 1.1533640562847436
flux1:, 1.5311014185233212, 1.193385035072684, 1.0893600633117195
flux1:, 1.5320837753939252, 1.1007047625688011, 1.0263255928954549
flux1:, 1.5330661322645291, 1.048645649244577, 0.9668287510742815
flux1:, 1.5340484891351331, 1.003525825362521, 0.9137018117366464
flux1:, 1.535030846005737, 0.9261829930066231, 0.8622737854119188
flux1:, 1.536013202876341, 0.869908798798284, 0.81216651930913
flux1:, 1.536995559746945, 0.8402945182886311, 0.7675994161704176
flux1:, 1.537977916617549, 0.7838766610191739, 0.7259125732626402
flux1:, 1.538960273488153, 0.7255642885568621, 0.6842362261213545
flux1:, 1.5399426303587567, 0.7005621216067328, 0.6464363280327696
flux1:, 1.5409249872293607, 0.6649921934419648, 0.6125035673700588
flux1:, 1.5419073440999647, 0.6107234513402872, 0.5783524356602764
flux1:, 1.5428897009705687, 0.5830032959294761, 0.5461176909439824
flux1:, 1.5438720578411727, 0.5630874618666335, 0.5180709109853805
flux1:, 1.5448544147117764, 0.5191408054306084, 0.4904503266652674
flux1:, 1.5458367715823806, 0.48661053969166096, 0.4630672721914763
flux1:, 1.5468191284529844, 0.4745435178124865, 0.4393642082049074
flux1:, 1.5478014853235884, 0.44437754088013076, 0.41714701987945396
flux1:, 1.5487838421941924, 0.4095525554133874, 0.39419475973249646
flux1:, 1.5497661990647964, 0.3980556044488854, 0.37374222687507713
flux1:, 1.5507485559354004, 0.38103999854808773, 0.35572646365485017
flux1:, 1.5517309128060042, 0.3487748906405648, 0.3368636043599057
flux1:, 1.5527132696766082, 0.33351555765093027, 0.31903253231627093
flux1:, 1.5536956265472122, 0.3255957892468662, 0.30406933743801207
flux1:, 1.5546779834178162, 0.30036778969838257, 0.28886985788564606
flux1:, 1.5556603402884202, 0.2808162521701101, 0.27340595061622897
flux1:, 1.556642697159024, 0.2764926251898344, 0.2605455954021934
flux1:, 1.557625054029628, 0.2604030272232161, 0.24842542252923286
flux1:, 1.558607410900232, 0.23905022300300682, 0.23528750176955893
flux1:, 1.559589767770836, 0.2336215973109279, 0.22388855797226678
flux1:, 1.56057212464144, 0.2257899054938444, 0.21413299520535525
flux1:, 1.5615544815120437, 0.20633736405607345, 0.20331091251640127
flux1:, 1.5625368383826477, 0.19743163284497922, 0.19307235680520637
flux1:, 1.5635191952532517, 0.19476315665018387, 0.18494183450052898
flux1:, 1.5645015521238557, 0.1802156433413388, 0.1763097310111652
flux1:, 1.5654839089944597, 0.16810248409297954, 0.16721221450630788
flux1:, 1.5664662658650634, 0.16683916327124163, 0.16007871739440294
flux1:, 1.5674486227356674, 0.15830232806124597, 0.1533272798525201
flux1:, 1.5684309796062714, 0.14509199035715603, 0.14550385832024373
flux1:, 1.5694133364768754, 0.1423380593730218, 0.1389622829237487
flux1:, 1.5703956933474794, 0.1388721354151395, 0.13362415596191973
flux1:, 1.5713780502180832, 0.1271579654494518, 0.1272053046282441
flux1:, 1.5723604070886872, 0.1217442397991323, 0.1211158977245723
flux1:, 1.5733427639592912, 0.12110541115328055, 0.11666561940944832
flux1:, 1.5743251208298952, 0.11273170603033518, 0.1116525329531873
flux1:, 1.5753074777004992, 0.10519845039392879, 0.10609854933291252
flux1:, 1.576289834571103, 0.10495703124874001, 0.10208219167941986
flux1:, 1.577272191441707, 0.1003938256689996, 0.09829035139353796
flux1:, 1.578254548312311, 0.09229848141770156, 0.09346829553805933
flux1:, 1.579236905182915, 0.0907772398761734, 0.08960967062749418
flux1:, 1.580219262053519, 0.08921484492071512, 0.0866969805777143
flux1:, 1.5812016189241227, 0.08221228366774648, 0.08278204314838887
flux1:, 1.5821839757947267, 0.07889766397905822, 0.07902443278630351
flux1:, 1.5831663326653307, 0.07883984919920776, 0.07658606470888335
flux1:, 1.5841486895359347, 0.07397018000843811, 0.07362315765351067
flux1:, 1.5851310464065387, 0.06936123721210084, 0.07009270737213971
flux1:, 1.5861134032771425, 0.06934114644669204, 0.06778081275066491
flux1:, 1.5870957601477467, 0.06675910058564438, 0.06563955788176269
flux1:, 1.5880781170183504, 0.06186625624637537, 0.06254748595398522
flux1:, 1.5890604738889544, 0.06095973348811045, 0.060167059802175356
flux1:, 1.5900428307595584, 0.060090300306292886, 0.058572945691685495
flux1:, 1.5910251876301624, 0.05588269478884535, 0.05609659531718681
flux1:, 1.5920075445007664, 0.053871002415568886, 0.05364077768355993
flux1:, 1.5929899013713702, 0.0538051812032661, 0.05226504337160055
flux1:, 1.5939722582419742, 0.05083853820576702, 0.05045415899356812
flux1:, 1.5949546151125782, 0.04805905458951373, 0.04806765165521465
flux1:, 1.5959369719831822, 0.04796355347472707, 0.046636777528092664
flux1:, 1.5969193288537862, 0.04627828658029927, 0.04537973500733618
flux1:, 1.59790168572439, 0.043313136718346155, 0.043267781841482646
flux1:, 1.598884042594994, 0.04269178656891455, 0.0416476485443605
flux1:, 1.599866399465598, 0.041939529714283344, 0.040707648628717306
flux1:, 1.600848756336202, 0.039309260284485205, 0.03902911305037572
flux1:, 1.601831113206806, 0.03805894546683905, 0.03725073448332705
flux1:, 1.6028134700774097, 0.0377413192388187, 0.036353919477253735
flux1:, 1.6037958269480137, 0.03572160734056434, 0.035142485025001995
flux1:, 1.6047781838186177, 0.03402020336502884, 0.03336101068172924
flux1:, 1.6057605406892217, 0.03371133320264532, 0.032297969024139866
flux1:, 1.6067428975598257, 0.03231222042800837, 0.0314432386603147
flux1:, 1.6077252544304295, 0.03043499444423277, 0.029849978663715013
flux1:, 1.6087076113010335, 0.02989700782153776, 0.028547283751247394
flux1:, 1.6096899681716375, 0.028964975605177547, 0.02784198804881061
flux1:, 1.6106723250422414, 0.027136394565718456, 0.02656923566254023
flux1:, 1.6116546819128454, 0.026307998191544366, 0.025100984512091914
flux1:, 1.6126370387834492, 0.02565965109195805, 0.024331539151522856
flux1:, 1.6136193956540532, 0.024004936837505722, 0.023393074668510847
flux1:, 1.6146017525246572, 0.02291672547589514, 0.02192928072874716
flux1:, 1.6155841093952612, 0.02241624193207436, 0.02096680545427152
flux1:, 1.6165664662658652, 0.021000699655304347, 0.020260198560476866
flux1:, 1.617548823136469, 0.019703431953796056, 0.018978390397874596
flux1:, 1.618531180007073, 0.019255923395921713, 0.01782657840250264
flux1:, 1.619513536877677, 0.018139825728017315, 0.01719269265422776
flux1:, 1.620495893748281, 0.016698111575905922, 0.016196784966906845
flux1:, 1.621478250618885, 0.01620487076638664, 0.014974765229058381
flux1:, 1.6224606074894887, 0.01544537873905591, 0.014280131868572658
flux1:, 1.6234429643600927, 0.013975749949071768, 0.013565413037341774
flux1:, 1.6244253212306967, 0.013323433696633023, 0.012438529571483682
flux1:, 1.6254076781013007, 0.012919785894094205, 0.011635442016157608
flux1:, 1.6263900349719047, 0.011605185261572257, 0.011111367111807924
flux1:, 1.6273723918425085, 0.010716591323035205, 0.010210210735481335
flux1:, 1.6283547487131127, 0.010559481134427643, 0.009345598803506112
flux1:, 1.6293371055837165, 0.009596019486448714, 0.00889540713527433
flux1:, 1.6303194624543205, 0.00850027018574092, 0.008265415362156688
flux1:, 1.6313018193249245, 0.008388606410609508, 0.0074419313132044335
flux1:, 1.6322841761955285, 0.007889149655770086, 0.006981472254291261
flux1:, 1.6332665330661325, 0.006742700674529813, 0.00658193217055773
flux1:, 1.6342488899367362, 0.006471932334880908, 0.00590027318674228
flux1:, 1.6352312468073402, 0.0063961816427409056, 0.005406792867272632
flux1:, 1.6362136036779442, 0.005424668985685996, 0.005147988589580347
flux1:, 1.6371959605485482, 0.004890137076226267, 0.004662833824024953
flux1:, 1.6381783174191522, 0.005053636520777346, 0.004167599057962976
flux1:, 1.639160674289756, 0.004446494615398484, 0.003958552437428435
flux1:, 1.64014303116036, 0.0036949280771472453, 0.003664962119861282
flux1:, 1.641125388030964, 0.003853034057377659, 0.003223466605843902
flux1:, 1.642107744901568, 0.003674205534712088, 0.003006005085195455
flux1:, 1.643090101772172, 0.002875349970600207, 0.0028536238288129835
flux1:, 1.6440724586427757, 0.0028323224422846702, 0.0025134018676837284
flux1:, 1.6450548155133797, 0.0029947415158116165, 0.002272536350403874
flux1:, 1.6460371723839837, 0.0023549545620231136, 0.002193473524248414
flux1:, 1.6470195292545877, 0.002041066708722273, 0.0019739516128453754
flux1:, 1.6480018861251917, 0.0023516760396132563, 0.0017281520519342932
flux1:, 1.6489842429957955, 0.0020184183030280845, 0.0016635187315498258
flux1:, 1.6499665998663995, 0.0015031927306578866, 0.0015523948604150735
flux1:, 1.6509489567370035, 0.001749470338102838, 0.0013341474221554408
flux1:, 1.6519313136076075, 0.0017516360072498019, 0.0012498886798334218
flux1:, 1.6529136704782115, 0.0011963575025006356, 0.001212525601799472
flux1:, 1.6538960273488152, 0.001231376994442764, 0.0010495642310413013
flux1:, 1.6548783842194192, 0.001476535178772361, 0.0009392847886033527
flux1:, 1.6558607410900232, 0.0010548069648994697, 0.000933957487619067
flux1:, 1.6568430979606272, 0.0008456847575670654, 0.0008377430119222686
flux1:, 1.6578254548312312, 0.0011677981748926662, 0.000715454074383237
flux1:, 1.658807811701835, 0.000991138780049922, 0.0007075126001231908
flux1:, 1.659790168572439, 0.000616099727949931, 0.0006708824984981339
flux1:, 1.660772525443043, 0.0008479214172620303, 0.0005589842856688894
flux1:, 1.661754882313647, 0.0009257150002465595, 0.0005294248699447443
flux1:, 1.662737239184251, 0.000527310596263711, 0.0005317018315582264
flux1:, 1.6637195960548548, 0.0005654518411892019, 0.0004494516719120308
flux1:, 1.6647019529254587, 0.000811209078604432, 0.0003964408915805658
flux1:, 1.6656843097960627, 0.0005293947903208308, 0.00041235834654137723
flux1:, 1.6666666666666667, 0.00036664755614889636, 0.0003684725152506165
