flux1:, 1.1764705882352942, 2.3965456890068712e-05, -5.4137942825451344e-05
flux1:, 1.1774529451058982, 3.24523405316899e-05, 0.0006871609053422687
flux1:, 1.1784353019765021, 2.9836661118911905e-05, 0.000644576617772221
flux1:, 1.179417658847106, 3.0504829676009012e-05, -8.74913295503354e-05
flux1:, 1.18040001571771, 4.33305434855491e-05, 0.0005435924285055024
flux1:, 1.181382372588314, 4.4044586363208084e-05, 0.0010989947277594697
flux1:, 1.182364729458918, 3.819132549011477e-05, 0.00014990444881590043
flux1:, 1.183347086329522, 5.229211873717429e-05, 0.00027376782148358836
flux1:, 1.1843294432001257, 6.213084419336048e-05, 0.001482557196698906
flux1:, 1.1853118000707297, 4.863315231595687e-05, 0.000794531160050483
flux1:, 1.1862941569413337, 5.240701294937196e-05, 5.796350449185237e-05
flux1:, 1.1872765138119377, 7.471448598812079e-05, 0.0015813238205696016
flux1:, 1.1882588706825417, 6.467949843096226e-05, 0.0018331189322810721
flux1:, 1.1892412275531457, 4.420237776722397e-05, 0.0002660019178489575
flux1:, 1.1902235844237494, 6.510268749191827e-05, 0.001233616556196933
flux1:, 1.1912059412943534, 8.334848925610033e-05, 0.002834312282120847
flux1:, 1.1921882981649574, 5.7413694871471344e-05, 0.0012292141617200646
flux1:, 1.1931706550355614, 5.237841131390572e-05, 0.0006747705326929839
flux1:, 1.1941530119061654, 9.843346385501679e-05, 0.0030393231832489516
flux1:, 1.1951353687767692, 0.00012040213344154926, 0.0026406767894189744
flux1:, 1.1961177256473732, 0.00010431406639555417, 0.0005708741675701322
flux1:, 1.1971000825179772, 0.00013213550242453166, 0.002313636975081386
flux1:, 1.1980824393885812, 0.00020177905998793548, 0.0037017277992284475
flux1:, 1.1990647962591852, 0.00022439672725872074, 0.0012687228934612114
flux1:, 1.200047153129789, 0.00021678884820092815, 0.0013119880436237524
flux1:, 1.201029510000393, 0.0002711697272378503, 0.003918528469112026
flux1:, 1.202011866870997, 0.00034575998203700993, 0.002503540750151509
flux1:, 1.202994223741601, 0.0003444730523501934, 0.0007257752807800016
flux1:, 1.203976580612205, 0.0003423095096085341, 0.0032895715344758185
flux1:, 1.2049589374828087, 0.00042572922151605714, 0.00370912632110666
flux1:, 1.2059412943534127, 0.00047549578235329634, 0.0009153043553428358
flux1:, 1.2069236512240167, 0.00043735278906704755, 0.0022020034468818186
flux1:, 1.2079060080946207, 0.00047366008477707706, 0.004369941590764894
flux1:, 1.2088883649652247, 0.0005753536061772057, 0.0018328065514049028
flux1:, 1.2098707218358287, 0.0005588000084645401, 0.001211897876402386
flux1:, 1.2108530787064324, 0.0005253975628843638, 0.004261280485122068
flux1:, 1.2118354355770364, 0.0006361832567779466, 0.0031245555811423866
flux1:, 1.2128177924476404, 0.0006909926140199097, 0.0007843603225954106
flux1:, 1.2138001493182444, 0.0006139897971651852, 0.003493046420773456
flux1:, 1.2147825061888484, 0.0006768921422686923, 0.004331283653457181
flux1:, 1.2157648630594522, 0.0008144091625187454, 0.0011427065911413096
flux1:, 1.2167472199300562, 0.0007554081832290298, 0.0024140206581003353
flux1:, 1.2177295768006602, 0.000733129628627636, 0.005065384640240403
flux1:, 1.2187119336712642, 0.0009193888262818174, 0.0022437686706410762
flux1:, 1.2196942905418682, 0.0009477024939727291, 0.001476967135702851
flux1:, 1.220676647412472, 0.000845997406791454, 0.00512053017849326
flux1:, 1.221659004283076, 0.001015272224897169, 0.00382797606794233
flux1:, 1.22264136115368, 0.001178108495066119, 0.0011151142693330762
flux1:, 1.223623718024284, 0.0010531276377689408, 0.004521642503606073
flux1:, 1.224606074894888, 0.0011351659523221056, 0.005505658599546665
flux1:, 1.2255884317654917, 0.001434892676374171, 0.0016435238539633074
flux1:, 1.2265707886360957, 0.001383840272784495, 0.0035295563208301286
flux1:, 1.2275531455066997, 0.001337645504213572, 0.006862358784914553
flux1:, 1.2285355023773037, 0.0017229149453798656, 0.003190149144527813
flux1:, 1.2295178592479077, 0.0018604800737813043, 0.0026094663868916155
flux1:, 1.2305002161185117, 0.0017077139912902533, 0.0075748199993572905
flux1:, 1.2314825729891155, 0.002083629525783806, 0.005663217063109279
flux1:, 1.2324649298597194, 0.0025095313061782015, 0.002371301738991599
flux1:, 1.2334472867303234, 0.0023616527652274553, 0.007532231683248753
flux1:, 1.2344296436009274, 0.002623327895158059, 0.008763973584910188
flux1:, 1.2354120004715314, 0.003389541671006145, 0.003494636828503722
flux1:, 1.2363943573421352, 0.0034655477296154573, 0.006963416692770114
flux1:, 1.2373767142127392, 0.0035611277108446235, 0.012056634786987864
flux1:, 1.2383590710833432, 0.004652267061126834, 0.006658602591555777
flux1:, 1.2393414279539472, 0.005289534946086889, 0.006589396435087266
flux1:, 1.2403237848245512, 0.005328004262472908, 0.015118156413900597
flux1:, 1.241306141695155, 0.006680408781254738, 0.012505453720942571
flux1:, 1.242288498565759, 0.008351749021585178, 0.007867648829007624
flux1:, 1.243270855436363, 0.008798676225275014, 0.017832484077693504
flux1:, 1.244253212306967, 0.01042040863766783, 0.021655887786887377
flux1:, 1.245235569177571, 0.01378470922155971, 0.013479313562116745
flux1:, 1.2462179260481747, 0.015840864798534325, 0.02102856221440663
flux1:, 1.2472002829187787, 0.01818094365840698, 0.03461420095129961
flux1:, 1.2481826397893827, 0.024119630666677307, 0.028048184724262855
flux1:, 1.2491649966599867, 0.030182514143087487, 0.02784528624026672
flux1:, 1.2501473535305907, 0.034660804856816406, 0.05008905026555568
flux1:, 1.2511297104011945, 0.04303978566148785, 0.0553746016035187
flux1:, 1.2521120672717985, 0.054020250546540347, 0.043494474034053994
flux1:, 1.2530944241424025, 0.059696593696091746, 0.05676542707195594
flux1:, 1.2540767810130065, 0.062163981691986864, 0.07435793835041526
flux1:, 1.2550591378836105, 0.0661990794803496, 0.05705667394739231
flux1:, 1.2560414947542144, 0.06508802790000258, 0.04024455774846729
flux1:, 1.2570238516248182, 0.056323200134934616, 0.05039868113362319
flux1:, 1.2580062084954222, 0.04998273942417202, 0.046798525040423436
flux1:, 1.2589885653660262, 0.047280321426068854, 0.023723878467591126
flux1:, 1.2599709222366302, 0.0402582313660452, 0.021566911516573698
flux1:, 1.2609532791072342, 0.03292372981441141, 0.029298057938373864
flux1:, 1.261935635977838, 0.03159470989746187, 0.0172832331833294
flux1:, 1.262917992848442, 0.029317112548421002, 0.008263823303856029
flux1:, 1.263900349719046, 0.02356269140799962, 0.016105907903528997
flux1:, 1.26488270658965, 0.022149750621234147, 0.014377270669556255
flux1:, 1.265865063460254, 0.022837711052550325, 0.004487187415966878
flux1:, 1.266847420330858, 0.019091038609609527, 0.007847577969395638
flux1:, 1.2678297772014617, 0.01680011868902197, 0.011725896051105753
flux1:, 1.2688121340720657, 0.018702598493295503, 0.004659473580227715
flux1:, 1.2697944909426697, 0.017126677305528706, 0.0035782204018693226
flux1:, 1.2707768478132737, 0.014010482583757032, 0.008823813832957758
flux1:, 1.2717592046838777, 0.01579997672853138, 0.005824851013016642
flux1:, 1.2727415615544815, 0.016357127759609603, 0.002310718724875137
flux1:, 1.2737239184250855, 0.012982044382966657, 0.006176036192954896
flux1:, 1.2747062752956895, 0.013698055893849188, 0.006596748452591838
flux1:, 1.2756886321662935, 0.01603966832339778, 0.0029947291002787096
flux1:, 1.2766709890368975, 0.013250311353731743, 0.004474451406866037
flux1:, 1.2776533459075012, 0.012336666888582246, 0.006595122441413146
flux1:, 1.2786357027781052, 0.015745692675976895, 0.004553040079992554
flux1:, 1.2796180596487092, 0.014445217408931215, 0.004172976460410191
flux1:, 1.2806004165193132, 0.011850131934359392, 0.00613071191638728
flux1:, 1.2815827733899172, 0.015282225102293906, 0.006065800891306424
flux1:, 1.282565130260521, 0.016179666093955422, 0.005278417579327086
flux1:, 1.283547487131125, 0.012438906003457777, 0.005902338814825283
flux1:, 1.284529844001729, 0.014688309159441432, 0.006999603574976119
flux1:, 1.285512200872333, 0.018026714590146646, 0.007336807193054563
flux1:, 1.286494557742937, 0.014250350145834877, 0.006655036399348727
flux1:, 1.2874769146135407, 0.014242411201743532, 0.0073667571762138515
flux1:, 1.2884592714841447, 0.019569466173512063, 0.009606020310299859
flux1:, 1.2894416283547487, 0.01726705849103884, 0.008849253486865324
flux1:, 1.2904239852253527, 0.01443700390462361, 0.007728321062204686
flux1:, 1.2914063420959567, 0.02050980674584899, 0.01136394279828286
flux1:, 1.2923886989665605, 0.02122567525131816, 0.012433222085331184
flux1:, 1.2933710558371645, 0.015892238155138034, 0.009009153478924371
flux1:, 1.2943534127077685, 0.02080970468896669, 0.012254827728730761
flux1:, 1.2953357695783725, 0.025601144733649512, 0.01680249944640019
flux1:, 1.2963181264489765, 0.0192019953707859, 0.012161969186752513
flux1:, 1.2973004833195805, 0.02082226801861387, 0.012553485920616564
flux1:, 1.2982828401901843, 0.02968855833921477, 0.02098249247106271
flux1:, 1.2992651970607882, 0.02473378842962169, 0.017779289813105014
flux1:, 1.3002475539313922, 0.02135961310499912, 0.013243296274455004
flux1:, 1.3012299108019962, 0.032795805808118174, 0.023999620404415067
flux1:, 1.3022122676726002, 0.032432981089456074, 0.02578456836547045
flux1:, 1.303194624543204, 0.02365035911639371, 0.01586042899465466
flux1:, 1.304176981413808, 0.034529434803558086, 0.02534169862257336
flux1:, 1.305159338284412, 0.04170190269783724, 0.0353217992726388
flux1:, 1.306141695155016, 0.02916645525720111, 0.022137185510870537
flux1:, 1.30712405202562, 0.035123896941499255, 0.025375748728027905
flux1:, 1.308106408896224, 0.05142465413025661, 0.044907087696527556
flux1:, 1.3090887657668278, 0.03934510069641497, 0.0335565328107587
flux1:, 1.3100711226374318, 0.03574923638600204, 0.02561440164724053
flux1:, 1.3110534795080357, 0.06018490897001595, 0.052824433842204116
flux1:, 1.3120358363786397, 0.055288381648676825, 0.050979562564527924
flux1:, 1.3130181932492437, 0.038759808962728425, 0.028811508940307467
flux1:, 1.3140005501198475, 0.06668452106952957, 0.057675671798983454
flux1:, 1.3149829069904515, 0.07757796663479768, 0.07451232236578971
flux1:, 1.3159652638610555, 0.04795602980372783, 0.03903753954276157
flux1:, 1.3169476207316595, 0.07034659737198175, 0.05898067500473185
flux1:, 1.3179299776022635, 0.10639339041217243, 0.1037484716278703
flux1:, 1.3189123344728673, 0.06922210516749856, 0.062204642229148274
flux1:, 1.3198946913434713, 0.07216710482380106, 0.057856500603627715
flux1:, 1.3208770482140753, 0.14221774479563892, 0.1385246389382313
flux1:, 1.3218594050846793, 0.11274483889687453, 0.10832795151725962
flux1:, 1.3228417619552832, 0.07637800424430387, 0.058371366393828256
flux1:, 1.323824118825887, 0.187810931247419, 0.18059630874759283
flux1:, 1.324806475696491, 0.20118900820768637, 0.19989033036010523
flux1:, 1.325788832567095, 0.09598814637996626, 0.07270184778196442
flux1:, 1.326771189437699, 0.2542349995621435, 0.23837347280727963
flux1:, 1.327753546308303, 0.4049666713642381, 0.4072310336906424
flux1:, 1.3287359031789068, 0.18169149671604606, 0.14951796847231963
flux1:, 1.3297182600495108, 0.3887006082668904, 0.34959579411623365
flux1:, 1.3307006169201148, 1.0700502782127987, 1.0750579800246736
flux1:, 1.3316829737907188, 0.6890653776897334, 0.6401718854843861
flux1:, 1.3326653306613228, 0.9618038423704337, 0.8312771776166759
flux1:, 1.3336476875319265, 7.125117161891805, 7.095196400267949
flux1:, 1.3346300444025305, 17.72529246502695, 17.784822203794118
flux1:, 1.3356124012731345, 21.946788596620568, 21.862552282927847
flux1:, 1.3365947581437385, 14.491268905164365, 14.362806357698066
flux1:, 1.3375771150143425, 4.184373933691328, 4.2978642192631735
flux1:, 1.3385594718849465, 0.46034803075905806, 0.6659261562685119
flux1:, 1.3395418287555503, 1.3047022836601376, 1.337572171555389
flux1:, 1.3405241856261543, 1.1576421472846594, 1.1781748141623323
flux1:, 1.3415065424967583, 0.26892896308095604, 0.4105351894903183
flux1:, 1.3424888993673623, 0.47119304236355236, 0.5428700377254729
flux1:, 1.3434712562379663, 0.6866022034434631, 0.6886879103492529
flux1:, 1.34445361310857, 0.2832633547220896, 0.39162463630143485
flux1:, 1.345435969979174, 0.27321872120616053, 0.3793712790853347
flux1:, 1.346418326849778, 0.5197264558364268, 0.5257076262880177
flux1:, 1.347400683720382, 0.33072708016228897, 0.4091131159365313
flux1:, 1.348383040590986, 0.2187082794336796, 0.3555142592933339
flux1:, 1.34936539746159, 0.4340769007828564, 0.4639536499433957
flux1:, 1.3503477543321938, 0.3873438396420692, 0.4364218597961369
flux1:, 1.3513301112027978, 0.22599247211112028, 0.38344207299621164
flux1:, 1.3523124680734018, 0.3794076275148945, 0.45355932920506314
flux1:, 1.3532948249440058, 0.4420437697645991, 0.46858829372291333
flux1:, 1.3542771818146098, 0.2742453075908688, 0.43549544701706205
flux1:, 1.3552595386852135, 0.3443612994758312, 0.4799703690902162
flux1:, 1.3562418955558175, 0.4860329689149382, 0.5081841557358453
flux1:, 1.3572242524264215, 0.3544340995020305, 0.49893863991132775
flux1:, 1.3582066092970255, 0.33206880947938616, 0.5372389847106371
flux1:, 1.3591889661676295, 0.5132604742639899, 0.5627192136888634
flux1:, 1.3601713230382333, 0.45724231590012426, 0.5677797386838933
flux1:, 1.3611536799088373, 0.3519528828985052, 0.6198212989514497
flux1:, 1.3621360367794413, 0.5229047180868853, 0.642835293157399
flux1:, 1.3631183936500453, 0.5696787018959606, 0.6427868386287744
flux1:, 1.3641007505206493, 0.4144106054930266, 0.7199822040260503
flux1:, 1.365083107391253, 0.5218292770083691, 0.7594612836494191
flux1:, 1.366065464261857, 0.6754644794648255, 0.7336768712045388
flux1:, 1.367047821132461, 0.5258636497361476, 0.8287365532108595
flux1:, 1.368030178003065, 0.5258658864879386, 0.9198980447820292
flux1:, 1.369012534873669, 0.7579815317537655, 0.8611851262866873
flux1:, 1.3699948917442728, 0.6840394562794602, 0.9402770155307199
flux1:, 1.3709772486148768, 0.5590421721250223, 1.1237256216995366
flux1:, 1.3719596054854808, 0.805109779869299, 1.057828007041046
flux1:, 1.3729419623560848, 0.873966299406718, 1.0602893699726674
flux1:, 1.3739243192266888, 0.6500541366322188, 1.3601427172294382
flux1:, 1.3749066760972926, 0.815260750950498, 1.3675238757203767
flux1:, 1.3758890329678966, 1.0651002715142823, 1.219566917515583
flux1:, 1.3768713898385005, 0.8252285827082033, 1.6089772599071415
flux1:, 1.3778537467091045, 0.804261620398799, 1.8479480197031901
flux1:, 1.3788361035797085, 1.2095753287186404, 1.5001513044148165
flux1:, 1.3798184604503125, 1.0959879614010162, 1.84877248255274
flux1:, 1.3808008173209163, 0.8161811443371676, 2.594423323351628
flux1:, 1.3817831741915203, 1.2438814944184007, 2.116060214415992
flux1:, 1.3827655310621243, 1.431470630241882, 2.0821327802207334
flux1:, 1.3837478879327283, 0.9748825276377081, 3.903757023718065
flux1:, 1.3847302448033323, 1.171518249518623, 3.908951208309062
flux1:, 1.3857126016739363, 1.6528154229415875, 2.4693395127551003
flux1:, 1.38669495854454, 2.4308409974695886, 8.406801385162902
flux1:, 1.387677315415144, 7.838179178474369, 21.5836723642015
flux1:, 1.388659672285748, 18.23333029400744, 26.390124506257383
flux1:, 1.389642029156352, 23.13528199546652, 16.019959858374786
flux1:, 1.390624386026956, 15.71236052489963, 4.190764263322917
flux1:, 1.3916067428975598, 5.581963511766966, 1.7106563291568508
flux1:, 1.3925890997681638, 3.6550743568586017, 2.8667692275891654
flux1:, 1.3935714566387678, 6.013483961771593, 2.0221262949048575
flux1:, 1.3945538135093718, 5.253778354718486, 2.015943295194105
flux1:, 1.3955361703799758, 3.6526752732207957, 3.3220303314182824
flux1:, 1.3965185272505796, 4.626047124238834, 3.034008452580595
flux1:, 1.3975008841211836, 5.296821706042294, 2.4923530575295816
flux1:, 1.3984832409917876, 4.26185819496957, 3.5203767585092143
flux1:, 1.3994655978623916, 4.235966410252849, 3.8984693954105096
flux1:, 1.4004479547329955, 5.1277025241009495, 3.1263356626216376
flux1:, 1.4014303116035993, 4.765446115897221, 3.487899575674172
flux1:, 1.4024126684742033, 4.176523042614533, 4.270620341559488
flux1:, 1.4033950253448073, 4.702664078046948, 3.7254659037321556
flux1:, 1.4043773822154113, 4.858788106445909, 3.3800697260686845
flux1:, 1.4053597390860153, 4.177945467041413, 4.086519688035217
flux1:, 1.406342095956619, 4.151619265332006, 4.020297988034496
flux1:, 1.407324452827223, 4.495295196614457, 3.3020051540289446
flux1:, 1.408306809697827, 4.056715722994888, 3.5538994452755643
flux1:, 1.409289166568431, 3.6329030164393257, 3.877336331049807
flux1:, 1.410271523439035, 3.8590686551699935, 3.2410488679242
flux1:, 1.4112538803096388, 3.74608218426027, 2.9837546588101396
flux1:, 1.4122362371802428, 3.223019664350339, 3.393586185561838
flux1:, 1.4132185940508468, 3.198282789225361, 3.117660975527842
flux1:, 1.4142009509214508, 3.2965655143623103, 2.5754676061508834
flux1:, 1.4151833077920548, 2.90978900931607, 2.7937503064601876
flux1:, 1.4161656646626586, 2.675059812993388, 2.880234216001424
flux1:, 1.4171480215332626, 2.8125482917390476, 2.356084921625519
flux1:, 1.4181303784038666, 2.6491926293183345, 2.2789025912100445
flux1:, 1.4191127352744706, 2.3339049227233333, 2.547304448592467
flux1:, 1.4200950921450746, 2.389060647646552, 2.2509001857551167
flux1:, 1.4210774490156786, 2.4116392385741023, 1.951113908117013
flux1:, 1.4220598058862823, 2.144300037987374, 2.189760047276634
flux1:, 1.4230421627568863, 2.0823817171626047, 2.1723779503089586
flux1:, 1.4240245196274903, 2.1949320691923315, 1.8153351160297244
flux1:, 1.4250068764980943, 2.0512007755501602, 1.8907724785419389
flux1:, 1.4259892333686983, 1.9078334249130298, 2.0711483556748043
flux1:, 1.4269715902393023, 2.016250591055806, 1.8163231823805164
flux1:, 1.427953947109906, 2.007077882301997, 1.7114579824505045
flux1:, 1.42893630398051, 1.850258934085217, 1.9472565752998832
flux1:, 1.429918660851114, 1.898047817689956, 1.8805397771689498
flux1:, 1.430901017721718, 1.9850730477261713, 1.6728905350714764
flux1:, 1.431883374592322, 1.8781239033206656, 1.8362925202914264
flux1:, 1.4328657314629258, 1.8560851952789692, 1.9490567255167175
flux1:, 1.4338480883335298, 1.9793465041456808, 1.7555983710673329
flux1:, 1.4348304452041338, 1.956796178836902, 1.7847486096291916
flux1:, 1.4358128020747378, 1.8928450313091398, 1.9956932293511953
flux1:, 1.4367951589453418, 1.9982325711455189, 1.913059258494984
flux1:, 1.4377775158159456, 2.0585731629254473, 1.825988588699177
flux1:, 1.4387598726865496, 1.9968895518637717, 2.0288955539506457
flux1:, 1.4397422295571536, 2.0546106988896327, 2.092734995250027
flux1:, 1.4407245864277576, 2.1679898037401744, 1.9651994047969716
flux1:, 1.4417069432983616, 2.1471135079752446, 2.0796831726663605
flux1:, 1.4426893001689653, 2.157061403269212, 2.2564700291982107
flux1:, 1.4436716570395693, 2.281953861832907, 2.1778402360539153
flux1:, 1.4446540139101733, 2.319690580338844, 2.1818098949588496
flux1:, 1.4456363707807773, 2.3044848294548967, 2.3925342422238693
flux1:, 1.4466187276513813, 2.405568995217135, 2.4210425265353868
flux1:, 1.447601084521985, 2.49493655821145, 2.3528156992924036
flux1:, 1.448583441392589, 2.485499762713298, 2.5148876315972997
flux1:, 1.449565798263193, 2.545780563474824, 2.652245339490743
flux1:, 1.450548155133797, 2.6615993569839675, 2.584180707311269
flux1:, 1.451530512004401, 2.682171932350938, 2.6507417006292244
flux1:, 1.4525128688750049, 2.7056058893771113, 2.8462343904085032
flux1:, 1.4534952257456089, 2.8173021507366753, 2.844666264230097
flux1:, 1.4544775826162128, 2.8760077240798574, 2.822930213978485
flux1:, 1.4554599394868168, 2.8812343011303243, 3.002641918322064
flux1:, 1.4564422963574208, 2.965581813284335, 3.0945676564814444
flux1:, 1.4574246532280246, 3.053436676677549, 3.0360383617578064
flux1:, 1.4584070100986286, 3.0628011827828776, 3.1409041940650866
flux1:, 1.4593893669692326, 3.1113680956128125, 3.303229187018159
flux1:, 1.4603717238398366, 3.20858220982451, 3.2730024943434026
flux1:, 1.4613540807104406, 3.237884768304436, 3.2861722546856496
flux1:, 1.4623364375810444, 3.2571256172032697, 3.4608958027252807
flux1:, 1.4633187944516486, 3.3426477288550487, 3.503098338597934
flux1:, 1.4643011513222524, 3.395680784251565, 3.4540236399920152
flux1:, 1.4652835081928564, 3.40112654851902, 3.57950490726004
flux1:, 1.4662658650634603, 3.4608338988717673, 3.6962927711560276
flux1:, 1.4672482219340643, 3.529875916233669, 3.641655432573311
flux1:, 1.4682305788046683, 3.5380090611354125, 3.6830669435528596
flux1:, 1.4692129356752721, 3.568527819886177, 3.8361895044713634
flux1:, 1.470195292545876, 3.6392250040524146, 3.8290992678118534
flux1:, 1.47117764941648, 3.6607066511777426, 3.793269458726717
flux1:, 1.472160006287084, 3.6683318268913236, 3.9253293874478428
flux1:, 1.473142363157688, 3.7260314880736733, 3.9886603945747328
flux1:, 1.4741247200282919, 3.762485995256601, 3.917463281624017
flux1:, 1.4751070768988959, 3.7587035400097846, 3.9809355300404046
flux1:, 1.4760894337694999, 3.793512428730415, 4.097130879106838
flux1:, 1.4770717906401039, 3.838163110648385, 4.0441826321359535
flux1:, 1.4780541475107078, 3.8341439397893016, 4.023758884587606
flux1:, 1.4790365043813116, 3.843192572344214, 4.144728323223505
flux1:, 1.4800188612519156, 3.8842119154862065, 4.147455121150064
flux1:, 1.4810012181225196, 3.886393348365015, 4.065486151148055
flux1:, 1.4819835749931236, 3.8731867487441396, 4.136815450429016
flux1:, 1.4829659318637276, 3.8980607220726995, 4.197357181148011
flux1:, 1.4839482887343314, 3.906045777106797, 4.100494601231086
flux1:, 1.4849306456049354, 3.877788576579675, 4.087974439395006
flux1:, 1.4859130024755394, 3.877181281508444, 4.171935197599776
flux1:, 1.4868953593461434, 3.88420582071755, 4.105866279468386
flux1:, 1.4878777162167474, 3.848391497035707, 4.011531460123158
flux1:, 1.4888600730873511, 3.8185654061479832, 4.065297282002689
flux1:, 1.4898424299579551, 3.814049621021852, 4.0502483792418325
flux1:, 1.4908247868285591, 3.7754868243052404, 3.9099667200891037
flux1:, 1.4918071436991631, 3.7189078712861066, 3.8883603458595104
flux1:, 1.4927895005697671, 3.6922179207440537, 3.9082687442013744
flux1:, 1.4937718574403709, 3.6512960498455254, 3.771830723431455
flux1:, 1.4947542143109749, 3.575422650254423, 3.662000658053566
flux1:, 1.4957365711815789, 3.5198110837032544, 3.6739764112924527
flux1:, 1.4967189280521829, 3.4724805493101694, 3.5781187220334276
flux1:, 1.4977012849227869, 3.3869917707738946, 3.4062794158143124
flux1:, 1.4986836417933906, 3.302555004772252, 3.365931544748143
flux1:, 1.4996659986639946, 3.2422732725962042, 3.315729562973594
flux1:, 1.5006483555345986, 3.155471294884204, 3.132169759648894
flux1:, 1.5016307124052026, 3.0498462987498867, 3.020001096109233
flux1:, 1.5026130692758066, 2.971205705585157, 2.9899930933227443
flux1:, 1.5035954261464104, 2.8870913823241104, 2.841234625803041
flux1:, 1.5045777830170146, 2.773026433423076, 2.673436956150915
flux1:, 1.5055601398876184, 2.6755901801494497, 2.6270973896091
flux1:, 1.5065424967582224, 2.5933426866708507, 2.5330027154198307
flux1:, 1.5075248536288264, 2.483802175495491, 2.350428637662748
flux1:, 1.5085072104994304, 2.3737498031036437, 2.263904328662967
flux1:, 1.5094895673700344, 2.2900728524853013, 2.2133682239210986
flux1:, 1.5104719242406381, 2.193417896468561, 2.0579921418829166
flux1:, 1.5114542811112421, 2.0815857840578142, 1.9324718856618361
flux1:, 1.5124366379818461, 1.9942945302941661, 1.8969360492796785
flux1:, 1.5134189948524501, 1.912294072452688, 1.7921255121359032
flux1:, 1.5144013517230541, 1.8097597232369598, 1.649699314447086
flux1:, 1.515383708593658, 1.7201430911248343, 1.6023556512989146
flux1:, 1.516366065464262, 1.6495206632432835, 1.5470052782935009
flux1:, 1.5173484223348659, 1.563501680858301, 1.4165310594970597
flux1:, 1.5183307792054699, 1.4761825118547247, 1.3452140264903139
flux1:, 1.5193131360760739, 1.412070150699705, 1.3207108569090764
flux1:, 1.5202954929466777, 1.344220313618169, 1.223840779589134
flux1:, 1.5212778498172816, 1.2650778867312398, 1.1332230984079206
flux1:, 1.5222602066878856, 1.2040884390315645, 1.1159040655203063
flux1:, 1.5232425635584896, 1.151423636001384, 1.0597502235286897
flux1:, 1.5242249204290936, 1.085094289934675, 0.9653797024587822
flux1:, 1.5252072772996974, 1.0266527304787685, 0.9373631800725378
flux1:, 1.5261896341703014, 0.9839841799017324, 0.9148697641168796
flux1:, 1.5271719910409054, 0.9322433857790391, 0.8342132007344482
flux1:, 1.5281543479115094, 0.8781265283495369, 0.7888691854331052
flux1:, 1.5291367047821134, 0.8405776117717919, 0.7844438688160124
flux1:, 1.5301190616527172, 0.8021226722778094, 0.7293692940588565
flux1:, 1.5311014185233212, 0.7549834869160109, 0.6710636403108989
flux1:, 1.5320837753939252, 0.7195991456438852, 0.6679452543186027
flux1:, 1.5330661322645291, 0.6910055881907006, 0.6410189539986619
flux1:, 1.5340484891351331, 0.6528326590986658, 0.5808546066693844
flux1:, 1.535030846005737, 0.6189574003573904, 0.5672236675518374
flux1:, 1.536013202876341, 0.5961728169471404, 0.5621773933417729
flux1:, 1.536995559746945, 0.5673617106531903, 0.5122272672533946
flux1:, 1.537977916617549, 0.5360203757499976, 0.4843021407275462
flux1:, 1.538960273488153, 0.5157185524184592, 0.4895849716586267
flux1:, 1.5399426303587567, 0.494984724920207, 0.45792361302413026
flux1:, 1.5409249872293607, 0.4677962776867647, 0.41964812175025906
flux1:, 1.5419073440999647, 0.44814076201366154, 0.4232564811452979
flux1:, 1.5428897009705687, 0.43310741133973807, 0.4113301685898556
flux1:, 1.5438720578411727, 0.41127782752060477, 0.37139478312657165
flux1:, 1.5448544147117764, 0.3919742809283058, 0.3651126912006148
flux1:, 1.5458367715823806, 0.38004876216866074, 0.3679538909305095
flux1:, 1.5468191284529844, 0.36380402861831207, 0.33560980600561946
flux1:, 1.5478014853235884, 0.34561142666823724, 0.31728420331032375
flux1:, 1.5487838421941924, 0.33475165094185955, 0.32606771958882375
flux1:, 1.5497661990647964, 0.3233047700913566, 0.30737190377303736
flux1:, 1.5507485559354004, 0.30732805559996, 0.28068869731479723
flux1:, 1.5517309128060042, 0.29644470265456474, 0.28640236877864955
flux1:, 1.5527132696766082, 0.2883619907375383, 0.2821780600217892
flux1:, 1.5536956265472122, 0.27544065599510925, 0.25432815423662725
flux1:, 1.5546779834178162, 0.26438588960679693, 0.2510820125975116
flux1:, 1.5556603402884202, 0.2581042526110862, 0.2571330063748255
flux1:, 1.556642697159024, 0.24848571994638632, 0.23546803103988834
flux1:, 1.557625054029628, 0.23774785593008801, 0.22224689999145206
flux1:, 1.558607410900232, 0.23201031050317697, 0.23149069249415577
flux1:, 1.559589767770836, 0.2253340155504205, 0.2205338439289374
flux1:, 1.56057212464144, 0.21563156265971, 0.2008890231850865
flux1:, 1.5615544815120437, 0.2097116637695082, 0.2063867182385872
flux1:, 1.5625368383826477, 0.2052058423679275, 0.2063068548136913
flux1:, 1.5635191952532517, 0.19714858578115665, 0.1863133571248699
flux1:, 1.5645015521238557, 0.19085712110595723, 0.18392061684113534
flux1:, 1.5654839089944597, 0.1876063510567182, 0.19091548124494273
flux1:, 1.5664662658650634, 0.18150600359129057, 0.17636998138723883
flux1:, 1.5674486227356674, 0.17505631248487338, 0.16599260331023202
flux1:, 1.5684309796062714, 0.17222840941016787, 0.1742349342058303
flux1:, 1.5694133364768754, 0.168053421084983, 0.16828903205095136
flux1:, 1.5703956933474794, 0.16187996825757311, 0.153372624856774
flux1:, 1.5713780502180832, 0.15886678103825944, 0.1575735685683873
flux1:, 1.5723604070886872, 0.1562878788791548, 0.15971941759598296
flux1:, 1.5733427639592912, 0.1508802258306787, 0.14535424820019996
flux1:, 1.5743251208298952, 0.14736219145927432, 0.14282683121823586
flux1:, 1.5753074777004992, 0.14583709781691767, 0.1495171494900879
flux1:, 1.576289834571103, 0.14160524408555594, 0.1400805005601363
flux1:, 1.577272191441707, 0.13756707394459147, 0.1314905103531333
flux1:, 1.578254548312311, 0.13644351809716807, 0.13796717908300749
flux1:, 1.579236905182915, 0.13360571352727363, 0.1353408260180187
flux1:, 1.580219262053519, 0.12931357923857642, 0.12395805795420255
flux1:, 1.5812016189241227, 0.12795518632272865, 0.12638690198351687
flux1:, 1.5821839757947267, 0.1264481592133071, 0.12945178120236167
flux1:, 1.5831663326653307, 0.1223736266803059, 0.11937571976570467
flux1:, 1.5841486895359347, 0.12030975834825088, 0.11633160265768422
flux1:, 1.5851310464065387, 0.11974907653870527, 0.12182563117680142
flux1:, 1.5861134032771425, 0.11642172014149224, 0.11606708273625639
flux1:, 1.5870957601477467, 0.11349115594992937, 0.10878316701784992
flux1:, 1.5880781170183504, 0.1132257150632101, 0.11299726362249123
flux1:, 1.5890604738889544, 0.11102736170808362, 0.1122849257957179
flux1:, 1.5900428307595584, 0.107452233213859, 0.10368675404060683
flux1:, 1.5910251876301624, 0.10673698448052071, 0.104141486591544
flux1:, 1.5920075445007664, 0.10570127477091631, 0.10691599482017579
flux1:, 1.5929899013713702, 0.10202487484412587, 0.10001860623654478
flux1:, 1.5939722582419742, 0.10027891445658034, 0.09634984616105192
flux1:, 1.5949546151125782, 0.09999550161182993, 0.09981177797941797
flux1:, 1.5959369719831822, 0.09686437358597119, 0.09630784163183653
flux1:, 1.5969193288537862, 0.09391518945233603, 0.09003863305232687
flux1:, 1.59790168572439, 0.09362295087553664, 0.09162247661495547
flux1:, 1.598884042594994, 0.09147822989148174, 0.0913197507701439
flux1:, 1.599866399465598, 0.08766188230075847, 0.08477673863812334
flux1:, 1.600848756336202, 0.08653751941829448, 0.08327371074298949
flux1:, 1.601831113206806, 0.08535925245327851, 0.084546129342536
flux1:, 1.6028134700774097, 0.0813878430169296, 0.0795895691437799
flux1:, 1.6037958269480137, 0.07892189975451602, 0.07540934604122376
flux1:, 1.6047781838186177, 0.07818441606810131, 0.07627702098558325
flux1:, 1.6057605406892217, 0.07480778909195317, 0.07353202148319367
flux1:, 1.6067428975598257, 0.07107456048635155, 0.06811960244515967
flux1:, 1.6077252544304295, 0.06998236023466275, 0.06728111291793179
flux1:, 1.6087076113010335, 0.06760699488918229, 0.066181937587093
flux1:, 1.6096899681716375, 0.06325313854872305, 0.06107161915071458
flux1:, 1.6106723250422414, 0.06115973764214193, 0.05834530231633725
flux1:, 1.6116546819128454, 0.0596482303665713, 0.057782779489117315
flux1:, 1.6126370387834492, 0.05557311569549453, 0.053886195178556764
flux1:, 1.6136193956540532, 0.05234388933027006, 0.049965816322464635
flux1:, 1.6146017525246572, 0.05112961610476809, 0.0490149536722489
flux1:, 1.6155841093952612, 0.04803119504052202, 0.0464595228532026
flux1:, 1.6165664662658652, 0.04412028877773675, 0.04231866801302718
flux1:, 1.617548823136469, 0.04256861297406389, 0.040613024606149566
flux1:, 1.618531180007073, 0.04062837620629811, 0.039024275554911676
flux1:, 1.619513536877677, 0.036822623626950685, 0.03541332182822093
flux1:, 1.620495893748281, 0.03460306527083062, 0.03308859986928343
flux1:, 1.621478250618885, 0.033486758101442214, 0.03198020424798444
flux1:, 1.6224606074894887, 0.03049158062621518, 0.02924265580882936
flux1:, 1.6234429643600927, 0.027733368789780333, 0.026665558436394052
flux1:, 1.6244253212306967, 0.026864814929811454, 0.025678548990492153
flux1:, 1.6254076781013007, 0.02498961731250318, 0.023826872805193994
flux1:, 1.6263900349719047, 0.0221606826930807, 0.021358522972339516
flux1:, 1.6273723918425085, 0.021064562058426998, 0.02030916484281155
flux1:, 1.6283547487131127, 0.02016143229090722, 0.019179745996064007
flux1:, 1.6293371055837165, 0.017789556432171776, 0.017073600731663814
flux1:, 1.6303194624543205, 0.016302985989970962, 0.015907368280347396
flux1:, 1.6313018193249245, 0.015934263807150673, 0.015273706955632637
flux1:, 1.6322841761955285, 0.01435160624171009, 0.013668873747946684
flux1:, 1.6332665330661325, 0.01262894844752558, 0.012413158626386719
flux1:, 1.6342488899367362, 0.012324087542574908, 0.012042309104309708
flux1:, 1.6352312468073402, 0.01155615959930043, 0.01098072055602101
flux1:, 1.6362136036779442, 0.009920769199946606, 0.009720634387537997
flux1:, 1.6371959605485482, 0.0093794014590148, 0.009407180702405921
flux1:, 1.6381783174191522, 0.009193533625214547, 0.008842794794022857
flux1:, 1.639160674289756, 0.007948408607968992, 0.0077003425505634375
flux1:, 1.64014303116036, 0.007115628297593487, 0.007300149248461212
flux1:, 1.641125388030964, 0.007165832817152877, 0.007109013753672112
flux1:, 1.642107744901568, 0.006459126421285452, 0.006208037812890577
flux1:, 1.643090101772172, 0.005478123080415682, 0.005665647387348891
flux1:, 1.6440724586427757, 0.005460386007664766, 0.005673767897308249
flux1:, 1.6450548155133797, 0.005248340851111982, 0.005095947739066638
flux1:, 1.6460371723839837, 0.004344751439567863, 0.0044484498251942325
flux1:, 1.6470195292545877, 0.004097964039048242, 0.004478699060135134
flux1:, 1.6480018861251917, 0.004194936525311982, 0.004230712835976917
flux1:, 1.6489842429957955, 0.0035578428576433117, 0.00358066628200372
flux1:, 1.6499665998663995, 0.0030854796202787528, 0.003502871888371773
flux1:, 1.6509489567370035, 0.0032593173215301205, 0.003511738489451779
flux1:, 1.6519313136076075, 0.002966157143510557, 0.002978625994833349
flux1:, 1.6529136704782115, 0.002390560386083688, 0.002742245019554565
flux1:, 1.6538960273488152, 0.0024556589333470107, 0.0028813818423185805
flux1:, 1.6548783842194192, 0.0024588511057592297, 0.0025517048010852104
flux1:, 1.6558607410900232, 0.0019416034314719253, 0.002188562955043463
flux1:, 1.6568430979606272, 0.001815009595945394, 0.002322549281810351
flux1:, 1.6578254548312312, 0.0019808053790617425, 0.0022180024699955565
flux1:, 1.658807811701835, 0.0016465957018649805, 0.0018162180118580361
flux1:, 1.659790168572439, 0.001354270641742413, 0.0018452729586307102
flux1:, 1.660772525443043, 0.0015276184360529976, 0.0019190942899784448
flux1:, 1.661754882313647, 0.0014190443497522362, 0.0015807460876206408
flux1:, 1.662737239184251, 0.0010602745063970174, 0.0014681113273807749
flux1:, 1.6637195960548548, 0.0011258621859030079, 0.0016275572144492671
flux1:, 1.6647019529254587, 0.0011995743616217461, 0.0014274009324128053
flux1:, 1.6656843097960627, 0.0008909794706144588, 0.0012013749883197265
flux1:, 1.6666666666666667, 0.0008080601875487065, 0.0013447292701533095
