flux1:, 1.1764705882352942, 0.0001469709071462511, 0.00012800429804587065
flux1:, 1.1774529451058982, 0.00031117580573370715, 0.0005645965432015093
flux1:, 1.1784353019765021, 1.1465237310105548e-05, 0.00029278008360010766
flux1:, 1.179417658847106, 4.97983536447414e-05, 1.0837670163875916e-05
flux1:, 1.18040001571771, 0.000411123985755216, 0.0005167008684780073
flux1:, 1.181382372588314, 0.00017643917358549686, 0.0005631230855805742
flux1:, 1.182364729458918, -4.638596845192573e-05, 2.3257151199981105e-05
flux1:, 1.183347086329522, 0.00041917329506009664, 0.0003329080124938933
flux1:, 1.1843294432001257, 0.0004461562671040965, 0.000778250102656045
flux1:, 1.1853118000707297, -4.138075094762048e-05, 0.00022661081777631308
flux1:, 1.1862941569413337, 0.00029611122650791084, 0.00011137792616242566
flux1:, 1.1872765138119377, 0.0007258161756614791, 0.000804653158131176
flux1:, 1.1882588706825417, 0.0001678107569249591, 0.00056209194732854
flux1:, 1.1892412275531457, 0.00010202518193970996, 8.764116637590206e-06
flux1:, 1.1902235844237494, 0.000860280832576418, 0.0006136224255008548
flux1:, 1.1912059412943534, 0.000584322556797222, 0.0008609685904482436
flux1:, 1.1921882981649574, 4.3371273531791855e-06, 0.0001163168344595068
flux1:, 1.1931706550355614, 0.0007547393930094761, 0.00032427352839679
flux1:, 1.1941530119061654, 0.0010636135707666869, 0.0009756018939906869
flux1:, 1.1951353687767692, 0.0001724203363113367, 0.0003837008967034277
flux1:, 1.1961177256473732, 0.0004767369872444565, 0.00010263337819832805
flux1:, 1.1971000825179772, 0.0013974764458511513, 0.000892701352255947
flux1:, 1.1980824393885812, 0.0006562234175928638, 0.000687735761519149
flux1:, 1.1990647962591852, 0.0002327045226745925, 3.6200911031092775e-05
flux1:, 1.200047153129789, 0.001445639454812622, 0.000706670353032054
flux1:, 1.201029510000393, 0.0013573048449577508, 0.0009562492149195875
flux1:, 1.202011866870997, 0.000268254463633829, 0.00012432053293791553
flux1:, 1.202994223741601, 0.0012089609372173274, 0.0005144044444498811
flux1:, 1.203976580612205, 0.0020680635168195444, 0.0012200541165363805
flux1:, 1.2049589374828087, 0.0007772827823204079, 0.0003821791920856773
flux1:, 1.2059412943534127, 0.0008492013600891107, 0.0003548357699648677
flux1:, 1.2069236512240167, 0.0025066670391204844, 0.0015543384789289845
flux1:, 1.2079060080946207, 0.0017913719478166897, 0.0009790902748840879
flux1:, 1.2088883649652247, 0.0006914045498749829, 0.0002885331348494358
flux1:, 1.2098707218358287, 0.0023632376246976966, 0.0019018005432500562
flux1:, 1.2108530787064324, 0.0029225751559839707, 0.002202574363807848
flux1:, 1.2118354355770364, 0.0010806641481763662, 0.0006614040577344312
flux1:, 1.2128177924476404, 0.0015698172890672743, 0.0019259622345954145
flux1:, 1.2138001493182444, 0.003224100356731982, 0.0037696874830191805
flux1:, 1.2147825061888484, 0.00182435618215854, 0.002010557861271222
flux1:, 1.2157648630594522, 0.0007225054713954956, 0.0015549545831821038
flux1:, 1.2167472199300562, 0.0023296498643375738, 0.004391198005724039
flux1:, 1.2177295768006602, 0.0021749187208119467, 0.003935007405434583
flux1:, 1.2187119336712642, 0.00042169487424121606, 0.0015639685118206401
flux1:, 1.2196942905418682, 0.0012063373973964229, 0.0036699137303353034
flux1:, 1.220676647412472, 0.002015837380715968, 0.005323451632329826
flux1:, 1.221659004283076, 0.0005201926713173991, 0.0024763983170815384
flux1:, 1.22264136115368, 0.0005210165495343531, 0.0025893338169449623
flux1:, 1.223623718024284, 0.0017525435946749972, 0.005738451718725621
flux1:, 1.224606074894888, 0.0007699985818450818, 0.0040825160664298065
flux1:, 1.2255884317654917, 0.00022567096870660273, 0.0020693949087476292
flux1:, 1.2265707886360957, 0.0016264314886780746, 0.005351752765199833
flux1:, 1.2275531455066997, 0.001178148934976909, 0.005943785704101446
flux1:, 1.2285355023773037, 0.00017120032475575098, 0.0026161491844367535
flux1:, 1.2295178592479077, 0.0016655790060653266, 0.00458182371866794
flux1:, 1.2305002161185117, 0.0019108231493635878, 0.007656262664516634
flux1:, 1.2314825729891155, 0.00040554958437694706, 0.0045024443041358575
flux1:, 1.2324649298597194, 0.0018301520552232808, 0.00405600948478899
flux1:, 1.2334472867303234, 0.0032132148292593854, 0.008937299252871834
flux1:, 1.2344296436009274, 0.001325341633456017, 0.007877889078865458
flux1:, 1.2354120004715314, 0.002199190516372938, 0.004740421360522201
flux1:, 1.2363943573421352, 0.005410084666565047, 0.009744518638052558
flux1:, 1.2373767142127392, 0.003963417295737702, 0.012741192261691285
flux1:, 1.2383590710833432, 0.003409924873222592, 0.008170901792441215
flux1:, 1.2393414279539472, 0.00891331209592011, 0.010537057136651862
flux1:, 1.2403237848245512, 0.010368883820093029, 0.018315179526558662
flux1:, 1.241306141695155, 0.00770417942984859, 0.015977605378478588
flux1:, 1.242288498565759, 0.013585603752052968, 0.012491945787599873
flux1:, 1.243270855436363, 0.020955935184216457, 0.020187366537258285
flux1:, 1.244253212306967, 0.017421429573582396, 0.0233902563642041
flux1:, 1.245235569177571, 0.015986575934039945, 0.014834040573128284
flux1:, 1.2462179260481747, 0.023774075385405092, 0.012657225120407704
flux1:, 1.2472002829187787, 0.02306734896611731, 0.017422625090690917
flux1:, 1.2481826397893827, 0.014112800100382303, 0.012942303298489284
flux1:, 1.2491649966599867, 0.01539680977320377, 0.005684831323662681
flux1:, 1.2501473535305907, 0.01943468366723772, 0.007715848251088168
flux1:, 1.2511297104011945, 0.012596645416739735, 0.008958679532421968
flux1:, 1.2521120672717985, 0.008778142147333964, 0.003852805106412438
flux1:, 1.2530944241424025, 0.013962527559961775, 0.003033372246361559
flux1:, 1.2540767810130065, 0.012109838278150584, 0.005782481177388496
flux1:, 1.2550591378836105, 0.006169508972694319, 0.0037602554752059394
flux1:, 1.2560414947542144, 0.00948579824491383, 0.0017573549975168435
flux1:, 1.2570238516248182, 0.01168357387689837, 0.003835002126253968
flux1:, 1.2580062084954222, 0.006057870586757124, 0.0038358688999308934
flux1:, 1.2589885653660262, 0.006374651290187392, 0.0019414898575074748
flux1:, 1.2599709222366302, 0.010818627756352584, 0.00295991270407329
flux1:, 1.2609532791072342, 0.007200636972984543, 0.0038439281991135207
flux1:, 1.261935635977838, 0.004678934242396024, 0.00259367726415885
flux1:, 1.262917992848442, 0.00945877130031598, 0.002899171468859685
flux1:, 1.263900349719046, 0.008733040310324559, 0.003938399866581111
flux1:, 1.26488270658965, 0.004386175243770483, 0.00330702476002017
flux1:, 1.265865063460254, 0.007843939387336121, 0.003361340822625904
flux1:, 1.266847420330858, 0.010034666193072281, 0.004303488683319923
flux1:, 1.2678297772014617, 0.005356727218895996, 0.004014404882406893
flux1:, 1.2688121340720657, 0.006395191107281406, 0.004081506697606709
flux1:, 1.2697944909426697, 0.01071721582735335, 0.00502134673886869
flux1:, 1.2707768478132737, 0.007274914720801796, 0.004835461115972995
flux1:, 1.2717592046838777, 0.00559075044886736, 0.004892283504073411
flux1:, 1.2727415615544815, 0.010663428542726533, 0.006043713305945339
flux1:, 1.2737239184250855, 0.009670027715463778, 0.005948091031848605
flux1:, 1.2747062752956895, 0.005829118973392284, 0.00577496126729379
flux1:, 1.2756886321662935, 0.010048814423409314, 0.007234532578299345
flux1:, 1.2766709890368975, 0.012006789746656548, 0.0074780099308484095
flux1:, 1.2776533459075012, 0.007304547347861248, 0.006862697661482958
flux1:, 1.2786357027781052, 0.009306740032516228, 0.0084577649022795
flux1:, 1.2796180596487092, 0.013822548036696053, 0.009426813927300706
flux1:, 1.2806004165193132, 0.009930228930001775, 0.008385788880024437
flux1:, 1.2815827733899172, 0.009023829272227828, 0.009675964762665933
flux1:, 1.282565130260521, 0.014871592221444366, 0.011661769680963411
flux1:, 1.283547487131125, 0.013339982690053135, 0.010572025136947098
flux1:, 1.284529844001729, 0.009780425876750974, 0.011018922131779572
flux1:, 1.285512200872333, 0.01522900225142192, 0.01397587060848014
flux1:, 1.286494557742937, 0.016980756074185775, 0.013536431327979787
flux1:, 1.2874769146135407, 0.011975216825245391, 0.012787699724942076
flux1:, 1.2884592714841447, 0.015311870571517868, 0.016202309485158148
flux1:, 1.2894416283547487, 0.020280953813987746, 0.01720620015791857
flux1:, 1.2904239852253527, 0.01568747758752515, 0.015379769784857472
flux1:, 1.2914063420959567, 0.01579624449691647, 0.01834281920694012
flux1:, 1.2923886989665605, 0.022851437411183773, 0.021321723415858262
flux1:, 1.2933710558371645, 0.020628442892529998, 0.019151427392166208
flux1:, 1.2943534127077685, 0.017440025393634758, 0.020655094002139433
flux1:, 1.2953357695783725, 0.024657001175528805, 0.02553150603306972
flux1:, 1.2963181264489765, 0.026212570029856178, 0.024264437228444888
flux1:, 1.2973004833195805, 0.020856629690490423, 0.02364949389290036
flux1:, 1.2982828401901843, 0.026095120890918796, 0.029562427158433883
flux1:, 1.2992651970607882, 0.03174353899612376, 0.030582312842791913
flux1:, 1.3002475539313922, 0.026309691022134166, 0.02797255728126412
flux1:, 1.3012299108019962, 0.02794011527220455, 0.033409309375466295
flux1:, 1.3022122676726002, 0.036668653504437924, 0.037676769812886486
flux1:, 1.303194624543204, 0.03360421394923087, 0.034198602124329444
flux1:, 1.304176981413808, 0.03115118907219061, 0.03746426484797848
flux1:, 1.305159338284412, 0.04082249335456392, 0.044972380738940554
flux1:, 1.306141695155016, 0.04212827307601898, 0.042597103746855644
flux1:, 1.30712405202562, 0.036592024077453995, 0.04251182275092953
flux1:, 1.308106408896224, 0.04457099519891191, 0.052004511775169585
flux1:, 1.3090887657668278, 0.051053923818272846, 0.052972610909652544
flux1:, 1.3100711226374318, 0.04475035552537045, 0.04955425640469626
flux1:, 1.3110534795080357, 0.04878865937840589, 0.05870827286598532
flux1:, 1.3120358363786397, 0.05964871134582789, 0.06466846521099162
flux1:, 1.3130181932492437, 0.05556117819585865, 0.05949696428061044
flux1:, 1.3140005501198475, 0.05465219979360768, 0.0656204454169407
flux1:, 1.3149829069904515, 0.06759907676119499, 0.0767789799587432
flux1:, 1.3159652638610555, 0.06841619519518334, 0.07279363676591859
flux1:, 1.3169476207316595, 0.06330147617730368, 0.07388174574971257
flux1:, 1.3179299776022635, 0.0752257717663379, 0.08853505856147784
flux1:, 1.3189123344728673, 0.08238515832624156, 0.08919653600037261
flux1:, 1.3198946913434713, 0.07547916370042947, 0.08498376433632435
flux1:, 1.3208770482140753, 0.08349251236161614, 0.099741717724108
flux1:, 1.3218594050846793, 0.0965967450165523, 0.10775148864412969
flux1:, 1.3228417619552832, 0.09129012200039985, 0.10030326575498574
flux1:, 1.323824118825887, 0.09377376840535642, 0.11108957264265222
flux1:, 1.324806475696491, 0.1106540283348996, 0.12710864427321528
flux1:, 1.325788832567095, 0.11020239372349878, 0.12057412130977596
flux1:, 1.326771189437699, 0.10743973438927784, 0.12416721963032369
flux1:, 1.327753546308303, 0.12492143320371497, 0.14609983403792492
flux1:, 1.3287359031789068, 0.13134273653616244, 0.1455227412838909
flux1:, 1.3297182600495108, 0.12540775941286694, 0.1410863342920196
flux1:, 1.3307006169201148, 0.14053778367212205, 0.164398586496009
flux1:, 1.3316829737907188, 0.15403931929081363, 0.17389591715803596
flux1:, 1.3326653306613228, 0.14786975002304525, 0.16378443599580333
flux1:, 1.3336476875319265, 0.15908740486433476, 0.18297983129165762
flux1:, 1.3346300444025305, 0.1784680942674455, 0.20402327267961895
flux1:, 1.3356124012731345, 0.17441928192946005, 0.19325917576238066
flux1:, 1.3365947581437385, 0.1819814063212706, 0.20408150687265825
flux1:, 1.3375771150143425, 0.2062109418792056, 0.23489768927763752
flux1:, 1.3385594718849465, 0.20479572777906213, 0.22917902794338268
flux1:, 1.3395418287555503, 0.20973616088619737, 0.2304670918460454
flux1:, 1.3405241856261543, 0.24057743560436004, 0.26758778405164607
flux1:, 1.3415065424967583, 0.24055757394087812, 0.27054209438551274
flux1:, 1.3424888993673623, 0.24148038961794022, 0.26399956288589826
flux1:, 1.3434712562379663, 0.28673853184877135, 0.30673409014422987
flux1:, 1.34445361310857, 0.28863293329797923, 0.31865046192307417
flux1:, 1.345435969979174, 0.27532779975430194, 0.3039207109965664
flux1:, 1.346418326849778, 0.3522744436593446, 0.3622002942378038
flux1:, 1.347400683720382, 0.3708352515385741, 0.3864200351127966
flux1:, 1.348383040590986, 0.3118181230858953, 0.34648160741965667
flux1:, 1.34936539746159, 0.45083434269250977, 0.45282776116507945
flux1:, 1.3503477543321938, 0.5614559651601805, 0.5346587661514373
flux1:, 1.3513301112027978, 0.37473368950308183, 0.39696101472162665
flux1:, 1.3523124680734018, 0.6251786614002174, 0.62698474023981
flux1:, 1.3532948249440058, 1.237788461898926, 1.111197773510792
flux1:, 1.3542771818146098, 0.7289975973350079, 0.6478244196021125
flux1:, 1.3552595386852135, 1.21102061312878, 1.2081764411711353
flux1:, 1.3562418955558175, 8.430482928922302, 7.97949016946776
flux1:, 1.3572242524264215, 20.540932903917412, 19.59285437466421
flux1:, 1.3582066092970255, 25.2261334405199, 24.91630710459276
flux1:, 1.3591889661676295, 16.564780416519802, 17.495005724139908
flux1:, 1.3601713230382333, 4.8502399218272885, 5.890415405494864
flux1:, 1.3611536799088373, 0.8955283367742585, 1.1643046960205066
flux1:, 1.3621360367794413, 2.074787297999992, 2.297336298786645
flux1:, 1.3631183936500453, 1.8703043671123156, 2.5068021243991505
flux1:, 1.3641007505206493, 0.8227658333458898, 1.2122116375087177
flux1:, 1.365083107391253, 1.1280417492484383, 1.2496915639622739
flux1:, 1.366065464261857, 1.3813471744568684, 1.8689070026258099
flux1:, 1.367047821132461, 0.8984754165979416, 1.4372736160769026
flux1:, 1.368030178003065, 0.9419215563204926, 1.0945910637677205
flux1:, 1.369012534873669, 1.2342026804411739, 1.5977169950827639
flux1:, 1.3699948917442728, 0.989670843714448, 1.6843049989216894
flux1:, 1.3709772486148768, 0.9269532545173917, 1.2374700112654022
flux1:, 1.3719596054854808, 1.2020403421048051, 1.45507017549947
flux1:, 1.3729419623560848, 1.0864357473700925, 1.9271278165284746
flux1:, 1.3739243192266888, 0.9642957362101852, 1.6149877605639293
flux1:, 1.3749066760972926, 1.2201778270863695, 1.4254869239934949
flux1:, 1.3758890329678966, 1.1988897490644774, 2.1858023442422105
flux1:, 1.3768713898385005, 1.0388781996801997, 2.416860298777474
flux1:, 1.3778537467091045, 1.2493475111938244, 1.6552466872413565
flux1:, 1.3788361035797085, 1.3927329077615573, 2.711255251402239
flux1:, 1.3798184604503125, 2.3697383496112945, 6.658784099450241
flux1:, 1.3808008173209163, 5.809795811952522, 9.348419591721283
flux1:, 1.3817831741915203, 9.040143149491856, 7.326056300282298
flux1:, 1.3827655310621243, 7.6454923064205955, 3.3325913426123077
flux1:, 1.3837478879327283, 3.4958742276287422, 1.5951811867042918
flux1:, 1.3847302448033323, 1.9213756088649108, 1.8229284104591634
flux1:, 1.3857126016739363, 2.7994358906091557, 1.816789057792113
flux1:, 1.38669495854454, 2.755714855992655, 1.6629029063673666
flux1:, 1.387677315415144, 2.0973533120208576, 2.0099872326770254
flux1:, 1.388659672285748, 2.441754421846803, 2.182553937729922
flux1:, 1.389642029156352, 2.7630442974989684, 2.0152854522655352
flux1:, 1.390624386026956, 2.3973707917667544, 2.195378516125596
flux1:, 1.3916067428975598, 2.4723216529121395, 2.499803844891808
flux1:, 1.3925890997681638, 2.8824888394036, 2.425516925040368
flux1:, 1.3935714566387678, 2.745852223341161, 2.4423363725661353
flux1:, 1.3945538135093718, 2.6572826337467443, 2.765820708467956
flux1:, 1.3955361703799758, 3.037750321646775, 2.8450704128057005
flux1:, 1.3965185272505796, 3.1096143915527565, 2.7718223871614716
flux1:, 1.3975008841211836, 2.948937062977091, 3.0165121411182603
flux1:, 1.3984832409917876, 3.2207025323435285, 3.239193526538567
flux1:, 1.3994655978623916, 3.4601798728925823, 3.1739435802567404
flux1:, 1.4004479547329955, 3.320414447688806, 3.2899546198453877
flux1:, 1.4014303116035993, 3.442999799044611, 3.588338259961906
flux1:, 1.4024126684742033, 3.7761858227381917, 3.6142409747716884
flux1:, 1.4033950253448073, 3.737301018360629, 3.6130994713700506
flux1:, 1.4043773822154113, 3.7186226028384737, 3.89266636805844
flux1:, 1.4053597390860153, 4.049224145026111, 4.044669468579646
flux1:, 1.406342095956619, 4.154400116846462, 3.9895799220257224
flux1:, 1.407324452827223, 4.050423360333849, 4.169325572669659
flux1:, 1.408306809697827, 4.286412484571576, 4.4195056894075275
flux1:, 1.409289166568431, 4.5238055674619275, 4.393840491079682
flux1:, 1.410271523439035, 4.4203946816790305, 4.4411854409743095
flux1:, 1.4112538803096388, 4.506285561261111, 4.711180544343791
flux1:, 1.4122362371802428, 4.808779328108365, 4.776829608290369
flux1:, 1.4132185940508468, 4.7880950109594345, 4.720968870374445
flux1:, 1.4142009509214508, 4.727894198341312, 4.9187951320910885
flux1:, 1.4151833077920548, 4.99659150239463, 5.083669661655956
flux1:, 1.4161656646626586, 5.100479738900791, 4.998931071046904
flux1:, 1.4171480215332626, 4.95747012500032, 5.064117232782986
flux1:, 1.4181303784038666, 5.102784049808327, 5.276636333373085
flux1:, 1.4191127352744706, 5.311091511767576, 5.242407317417192
flux1:, 1.4200950921450746, 5.180241639039641, 5.176263110023146
flux1:, 1.4210774490156786, 5.162778583839083, 5.351859622580202
flux1:, 1.4220598058862823, 5.400193809202753, 5.409803582028823
flux1:, 1.4230421627568863, 5.363795732916128, 5.27358097505094
flux1:, 1.4240245196274903, 5.213919194027496, 5.340050828658976
flux1:, 1.4250068764980943, 5.384939640885731, 5.472551174863253
flux1:, 1.4259892333686983, 5.473171782071808, 5.353859152761786
flux1:, 1.4269715902393023, 5.277469295410111, 5.290494017236286
flux1:, 1.427953947109906, 5.313139308024408, 5.432627114899528
flux1:, 1.42893630398051, 5.490368180157603, 5.399003844481246
flux1:, 1.429918660851114, 5.3507303101266235, 5.24765461165176
flux1:, 1.430901017721718, 5.243321975097224, 5.3253668233660605
flux1:, 1.431883374592322, 5.427616984209905, 5.391000680183773
flux1:, 1.4328657314629258, 5.413481232408842, 5.2336952208086185
flux1:, 1.4338480883335298, 5.221342132740677, 5.206070784420468
flux1:, 1.4348304452041338, 5.32701940843467, 5.329064943104972
flux1:, 1.4358128020747378, 5.4445957170609125, 5.245610574355538
flux1:, 1.4367951589453418, 5.264993796459404, 5.127989658181142
flux1:, 1.4377775158159456, 5.246443191137038, 5.237754309740994
flux1:, 1.4387598726865496, 5.439387145579191, 5.266623469752858
flux1:, 1.4397422295571536, 5.363109251423364, 5.123078284920571
flux1:, 1.4407245864277576, 5.238297915069113, 5.161511085936174
flux1:, 1.4417069432983616, 5.418423292598326, 5.283967143882416
flux1:, 1.4426893001689653, 5.48814766316364, 5.194329850218597
flux1:, 1.4436716570395693, 5.33071071661927, 5.148453314059928
flux1:, 1.4446540139101733, 5.423149669193965, 5.302777279150457
flux1:, 1.4456363707807773, 5.61520963810086, 5.3220937950538625
flux1:, 1.4466187276513813, 5.519154808480413, 5.23139530219742
flux1:, 1.447601084521985, 5.499953003407039, 5.348600841760886
flux1:, 1.448583441392589, 5.737914286814625, 5.480041524712958
flux1:, 1.449565798263193, 5.771911027596641, 5.415188902156925
flux1:, 1.450548155133797, 5.679694418418557, 5.457012898190539
flux1:, 1.451530512004401, 5.8731652039098305, 5.652079585120428
flux1:, 1.4525128688750049, 6.046701855671319, 5.67646608067357
flux1:, 1.4534952257456089, 5.962293427488374, 5.655403279948754
flux1:, 1.4544775826162128, 6.051948290116818, 5.841159977795857
flux1:, 1.4554599394868168, 6.310590238089322, 5.9759531318391526
flux1:, 1.4564422963574208, 6.314363831898337, 5.946429893470613
flux1:, 1.4574246532280246, 6.300290744601846, 6.065006708804017
flux1:, 1.4584070100986286, 6.553168702789268, 6.277060038938256
flux1:, 1.4593893669692326, 6.682092671914692, 6.302558267110517
flux1:, 1.4603717238398366, 6.620370959936427, 6.3409684606741825
flux1:, 1.4613540807104406, 6.785991546176116, 6.560711664729565
flux1:, 1.4623364375810444, 7.013576000497899, 6.675653613333942
flux1:, 1.4633187944516486, 6.982851947207519, 6.669004874205342
flux1:, 1.4643011513222524, 7.028662093897893, 6.828165585840237
flux1:, 1.4652835081928564, 7.279014962864628, 7.016963820132794
flux1:, 1.4662658650634603, 7.335894190363812, 7.023717626852837
flux1:, 1.4672482219340643, 7.2901164989118215, 7.090752138532523
flux1:, 1.4682305788046683, 7.4778909957401, 7.296239860308544
flux1:, 1.4692129356752721, 7.626444402269907, 7.361108807960082
flux1:, 1.470195292545876, 7.556862959041331, 7.353817194698818
flux1:, 1.47117764941648, 7.629998578782389, 7.509149363120014
flux1:, 1.472160006287084, 7.8217271430491895, 7.636282359631604
flux1:, 1.473142363157688, 7.79538064187894, 7.605666907068365
flux1:, 1.4741247200282919, 7.757042558220664, 7.669753253179545
flux1:, 1.4751070768988959, 7.919031435344544, 7.821298802827092
flux1:, 1.4760894337694999, 7.966587893277082, 7.818340892705994
flux1:, 1.4770717906401039, 7.866451968201419, 7.7941551545509755
flux1:, 1.4780541475107078, 7.939647798262426, 7.912861641094406
flux1:, 1.4790365043813116, 8.043016589408097, 7.9588080541914605
flux1:, 1.4800188612519156, 7.946108685386846, 7.8858839126680556
flux1:, 1.4810012181225196, 7.912232060932077, 7.926513762356152
flux1:, 1.4819835749931236, 8.018775457352886, 8.002862207861039
flux1:, 1.4829659318637276, 7.970927506902842, 7.930908666130593
flux1:, 1.4839482887343314, 7.8556642954313896, 7.882073013816331
flux1:, 1.4849306456049354, 7.907784665569884, 7.943413168733366
flux1:, 1.4859130024755394, 7.9154461693897815, 7.903505589756994
flux1:, 1.4868953593461434, 7.769735652106965, 7.789128423451805
flux1:, 1.4878777162167474, 7.732660474288566, 7.789241367195365
flux1:, 1.4888600730873511, 7.7645500293466885, 7.778317553236878
flux1:, 1.4898424299579551, 7.636349216295972, 7.640252849447765
flux1:, 1.4908247868285591, 7.510903751634447, 7.55610112051443
flux1:, 1.4918071436991631, 7.517161707102038, 7.541706784684763
flux1:, 1.4927895005697671, 7.428506344922188, 7.414935710215081
flux1:, 1.4937718574403709, 7.245297278192695, 7.256038589780325
flux1:, 1.4947542143109749, 7.182669473150683, 7.196884302718025
flux1:, 1.4957365711815789, 7.122030177512793, 7.091626802054675
flux1:, 1.4967189280521829, 6.922767834108893, 6.891294963385212
flux1:, 1.4977012849227869, 6.773931596743695, 6.760916732042095
flux1:, 1.4986836417933906, 6.705786931456646, 6.660956743425602
flux1:, 1.4996659986639946, 6.5223303242076165, 6.456187949122183
flux1:, 1.5006483555345986, 6.30168357897534, 6.256202418155545
flux1:, 1.5016307124052026, 6.187530307313404, 6.132661721422723
flux1:, 1.5026130692758066, 6.028902634031102, 5.9455206666520235
flux1:, 1.5035954261464104, 5.773248536885015, 5.702420285569315
flux1:, 1.5045777830170146, 5.592950626113154, 5.533279406298447
flux1:, 1.5055601398876184, 5.446094096706212, 5.36427090266963
flux1:, 1.5065424967582224, 5.195701591883025, 5.114217861639942
flux1:, 1.5075248536288264, 4.957701473203682, 4.897751799552278
flux1:, 1.5085072104994304, 4.80032411215951, 4.732773737639035
flux1:, 1.5094895673700344, 4.58123525780893, 4.50474093465038
flux1:, 1.5104719242406381, 4.316804108784199, 4.260263484136429
flux1:, 1.5114542811112421, 4.133622557390255, 4.084281215048233
flux1:, 1.5124366379818461, 3.950760870052638, 3.8904512571917125
flux1:, 1.5134189948524501, 3.6974969616395366, 3.6479683359266604
flux1:, 1.5144013517230541, 3.4898523241850117, 3.45616709093611
flux1:, 1.515383708593658, 3.3324921666400606, 3.292653541975584
flux1:, 1.516366065464262, 3.117887917348233, 3.078872622718134
flux1:, 1.5173484223348659, 2.9023790412463035, 2.879655639533622
flux1:, 1.5183307792054699, 2.755792845119436, 2.7345520775844077
flux1:, 1.5193131360760739, 2.589292742532628, 2.563144052553825
flux1:, 1.5202954929466777, 2.3885658620971193, 2.373239497182749
flux1:, 1.5212778498172816, 2.2438565454136135, 2.235971608473946
flux1:, 1.5222602066878856, 2.1189362186362533, 2.1058386247079333
flux1:, 1.5232425635584896, 1.951349475975932, 1.941939956484544
flux1:, 1.5242249204290936, 1.809021290363692, 1.8089133610036463
flux1:, 1.5252072772996974, 1.7112216834156773, 1.7091123434798123
flux1:, 1.5261896341703014, 1.5846706406059705, 1.5810221697821525
flux1:, 1.5271719910409054, 1.4522537434453664, 1.455945562577021
flux1:, 1.5281543479115094, 1.3676572910034794, 1.3731163173737961
flux1:, 1.5291367047821134, 1.2791165752970994, 1.2811714330686352
flux1:, 1.5301190616527172, 1.1659323981531016, 1.171531608198347
flux1:, 1.5311014185233212, 1.0863852265480216, 1.0958976554172035
flux1:, 1.5320837753939252, 1.0256546077893196, 1.0326723079136406
flux1:, 1.5330661322645291, 0.9379987499128289, 0.9451300245082384
flux1:, 1.5340484891351331, 0.8621330557978989, 0.8730804237132339
flux1:, 1.535030846005737, 0.8170762454747238, 0.8275687098125287
flux1:, 1.536013202876341, 0.7557673422532545, 0.7646269249432731
flux1:, 1.536995559746945, 0.6868948975704297, 0.6979403561879073
flux1:, 1.537977916617549, 0.6478092798156115, 0.659989506159601
flux1:, 1.538960273488153, 0.6084522041726145, 0.6190407759551393
flux1:, 1.5399426303587567, 0.5512011468227199, 0.5620858847561273
flux1:, 1.5409249872293607, 0.5130374892156258, 0.5254029889727115
flux1:, 1.5419073440999647, 0.48820338421536286, 0.5000093471100294
flux1:, 1.5428897009705687, 0.44559967980739856, 0.4565964283045187
flux1:, 1.5438720578411727, 0.4078897852400415, 0.41961284144648664
flux1:, 1.5448544147117764, 0.3899314517858574, 0.40205923814209377
flux1:, 1.5458367715823806, 0.3619308655828211, 0.3732719107449561
flux1:, 1.5468191284529844, 0.32710829745923686, 0.3380755796291354
flux1:, 1.5478014853235884, 0.31043087372394, 0.3219818340413781
flux1:, 1.5487838421941924, 0.29408444067187195, 0.3056171033851978
flux1:, 1.5497661990647964, 0.2652518602785445, 0.2757860242646875
flux1:, 1.5507485559354004, 0.2473416519763522, 0.2577893848595428
flux1:, 1.5517309128060042, 0.23811850551334993, 0.2492955185135215
flux1:, 1.5527132696766082, 0.2172353562016087, 0.2276733556615724
flux1:, 1.5536956265472122, 0.1983667932162709, 0.2077191364684501
flux1:, 1.5546779834178162, 0.19183474880105506, 0.2019805564087944
flux1:, 1.5556603402884202, 0.17889585875166747, 0.1892471847565732
flux1:, 1.556642697159024, 0.160948227835174, 0.1696202997380638
flux1:, 1.557625054029628, 0.1540644543573432, 0.1627356785128453
flux1:, 1.558607410900232, 0.14731870393655191, 0.15717061353504985
flux1:, 1.559589767770836, 0.132372935672246, 0.14084993849868643
flux1:, 1.56057212464144, 0.12397026475557464, 0.13119705255578898
flux1:, 1.5615544815120437, 0.1208064376251515, 0.12951066553558102
flux1:, 1.5625368383826477, 0.11011440307528488, 0.11859137065508386
flux1:, 1.5635191952532517, 0.10059635269429847, 0.10686334971503987
flux1:, 1.5645015521238557, 0.09855020229096574, 0.10557839386481598
flux1:, 1.5654839089944597, 0.09216551320458134, 0.10036375581237895
flux1:, 1.5664662658650634, 0.08274678726299038, 0.08871471058727261
flux1:, 1.5674486227356674, 0.08018320569993515, 0.08544714916399201
flux1:, 1.5684309796062714, 0.07718853194198318, 0.08445722192357732
flux1:, 1.5694133364768754, 0.06911512166926295, 0.07522848880742868
flux1:, 1.5703956933474794, 0.06541050063546808, 0.06935642551925231
flux1:, 1.5713780502180832, 0.06444346077886223, 0.07010121550509085
flux1:, 1.5723604070886872, 0.058500791127000504, 0.06470010430727557
flux1:, 1.5733427639592912, 0.053827123028520295, 0.05723088947928904
flux1:, 1.5743251208298952, 0.053579429935081996, 0.057311598680951883
flux1:, 1.5753074777004992, 0.04996149471097443, 0.05567476533344251
flux1:, 1.576289834571103, 0.04491532055583764, 0.04847360883618852
flux1:, 1.577272191441707, 0.04442167130465282, 0.04650210461964622
flux1:, 1.578254548312311, 0.04284064059562998, 0.04728058081914424
flux1:, 1.579236905182915, 0.03812534675384501, 0.042067824519892466
flux1:, 1.580219262053519, 0.036844884216878634, 0.038035470928118244
flux1:, 1.5812016189241227, 0.03670872801895748, 0.039320876002879604
flux1:, 1.5821839757947267, 0.03293955346924698, 0.036895170915415505
flux1:, 1.5831663326653307, 0.030734970481961724, 0.03190083294571194
flux1:, 1.5841486895359347, 0.03129984862443316, 0.03210094295580691
flux1:, 1.5851310464065387, 0.02888509560799689, 0.032096965610200104
flux1:, 1.5861134032771425, 0.025977735782220058, 0.027636975789167476
flux1:, 1.5870957601477467, 0.026488113498215657, 0.026085873541097714
flux1:, 1.5880781170183504, 0.02553244316155777, 0.02730072315228329
flux1:, 1.5890604738889544, 0.02242359420805528, 0.024502138710124067
flux1:, 1.5900428307595584, 0.022279120481575952, 0.0215603498985024
flux1:, 1.5910251876301624, 0.02252839833491513, 0.022612833876413475
flux1:, 1.5920075445007664, 0.019840552876701105, 0.02177282978809175
flux1:, 1.5929899013713702, 0.01876393980518426, 0.018448272162613563
flux1:, 1.5939722582419742, 0.0196591573067397, 0.01840630788532045
flux1:, 1.5949546151125782, 0.017909332574610498, 0.01900119336687112
flux1:, 1.5959369719831822, 0.01602551931040704, 0.016351843973239626
flux1:, 1.5969193288537862, 0.016887363825573543, 0.015037032605962154
flux1:, 1.59790168572439, 0.016286819606838223, 0.016106592590082954
flux1:, 1.598884042594994, 0.014047301389857407, 0.01474673103289082
flux1:, 1.599866399465598, 0.014318442134899254, 0.01263839837442933
flux1:, 1.600848756336202, 0.014702191544542774, 0.013287352323731566
flux1:, 1.601831113206806, 0.012682058893444783, 0.013202246125606368
flux1:, 1.6028134700774097, 0.01210959773225953, 0.011072810131243942
flux1:, 1.6037958269480137, 0.013023857978814871, 0.010834041431885993
flux1:, 1.6047781838186177, 0.011692536405523944, 0.011515071009905719
flux1:, 1.6057605406892217, 0.010375017176819526, 0.01002207863893746
flux1:, 1.6067428975598257, 0.011264265572090006, 0.008952688204725548
flux1:, 1.6077252544304295, 0.010828663962079784, 0.009716783313711843
flux1:, 1.6087076113010335, 0.009131510552768354, 0.009139472752114807
flux1:, 1.6096899681716375, 0.009534061237767481, 0.007671729189418672
flux1:, 1.6106723250422414, 0.0098974669451089, 0.00798356202582925
flux1:, 1.6116546819128454, 0.00829404345637029, 0.00818171124216586
flux1:, 1.6126370387834492, 0.007977587580879167, 0.006850014050855331
flux1:, 1.6136193956540532, 0.00880245244113308, 0.006510019840837929
flux1:, 1.6146017525246572, 0.0077058894017382916, 0.007070453239983063
flux1:, 1.6155841093952612, 0.006715149400113898, 0.006257487919510417
flux1:, 1.6165664662658652, 0.007551146457075569, 0.005407509216391289
flux1:, 1.617548823136469, 0.007184382015002092, 0.005874298560792749
flux1:, 1.618531180007073, 0.005802899712798685, 0.005678322120323283
flux1:, 1.619513536877677, 0.006237929065228364, 0.004663071614326208
flux1:, 1.620495893748281, 0.00656991726432386, 0.004736278264789965
flux1:, 1.621478250618885, 0.005213229344637881, 0.004988569991450613
flux1:, 1.6224606074894887, 0.005007937557603169, 0.004162697765075163
flux1:, 1.6234429643600927, 0.005770238258149456, 0.0037886609468631145
flux1:, 1.6244253212306967, 0.004838448990316651, 0.00418085243050484
flux1:, 1.6254076781013007, 0.004006582272946742, 0.003754895918066038
flux1:, 1.6263900349719047, 0.004790000222929509, 0.003093478933049151
flux1:, 1.6273723918425085, 0.004521128956147834, 0.0033365347737632873
flux1:, 1.6283547487131127, 0.003324292235269763, 0.0033180969057776135
flux1:, 1.6293371055837165, 0.003732124021515614, 0.0026278695741671883
flux1:, 1.6303194624543205, 0.004108320813604507, 0.002568407259397027
flux1:, 1.6313018193249245, 0.0029552142929121414, 0.0028016480452566555
flux1:, 1.6322841761955285, 0.002761340922497157, 0.0023094250825892717
flux1:, 1.6332665330661325, 0.0035132883576766117, 0.001964379087433401
flux1:, 1.6342488899367362, 0.002792095278524227, 0.002228898520645849
flux1:, 1.6352312468073402, 0.002036205750257657, 0.002040756685384995
flux1:, 1.6362136036779442, 0.0027563068061942377, 0.0015545891124993253
flux1:, 1.6371959605485482, 0.002668039942884049, 0.0016700628307350087
flux1:, 1.6381783174191522, 0.0016367922783728794, 0.0017503571555332023
flux1:, 1.639160674289756, 0.001958806375489249, 0.0013088244641079017
flux1:, 1.64014303116036, 0.0024310574806261456, 0.0012025071148691357
flux1:, 1.641125388030964, 0.0015250825130159712, 0.0014149595655785958
flux1:, 1.642107744901568, 0.001287055987483211, 0.0011580940132975017
flux1:, 1.643090101772172, 0.002014954060807693, 0.0008757668597183038
flux1:, 1.6440724586427757, 0.0015621443397630542, 0.0010589990041850667
flux1:, 1.6450548155133797, 0.0008709664027265379, 0.0010277818286966232
flux1:, 1.6460371723839837, 0.0014679019020410907, 0.000692995553763233
flux1:, 1.6470195292545877, 0.0015757262392184057, 0.0007348319602765995
flux1:, 1.6480018861251917, 0.0007404062523171036, 0.0008684312935137044
flux1:, 1.6489842429957955, 0.0009220189881354771, 0.0006137684613895134
flux1:, 1.6499665998663995, 0.0014429171971117858, 0.0004931602389104435
flux1:, 1.6509489567370035, 0.0008133937262275356, 0.0006720178478098322
flux1:, 1.6519313136076075, 0.0005205664919773168, 0.0005756245464852252
flux1:, 1.6529136704782115, 0.0011435730103826218, 0.00035689888080178006
flux1:, 1.6538960273488152, 0.0009416810876847115, 0.00046728649696082197
flux1:, 1.6548783842194192, 0.0003434354002892129, 0.0005237886378100895
flux1:, 1.6558607410900232, 0.0007572326642201182, 0.00031091326920989023
flux1:, 1.6568430979606272, 0.0009867852155313562, 0.00029754178284110413
flux1:, 1.6578254548312312, 0.00037151582270377316, 0.00043399146866508027
flux1:, 1.658807811701835, 0.00040924752522944496, 0.00031225719483083905
flux1:, 1.659790168572439, 0.0008833750702836341, 0.00019383577676639622
flux1:, 1.660772525443043, 0.0005060870557345442, 0.0003169156439488797
flux1:, 1.661754882313647, 0.00020033694827868687, 0.000313819187585796
flux1:, 1.662737239184251, 0.0006573766846291323, 0.00015879161754784642
flux1:, 1.6637195960548548, 0.0006263989283783822, 0.0002039422859962393
flux1:, 1.6647019529254587, 0.00015962147239968283, 0.00028669705350741034
flux1:, 1.6656843097960627, 0.00039559735024788904, 0.00016865803861545583
flux1:, 1.6666666666666667, 0.0006490270912687015, 0.00012498870040475462
