flux1:, 1.1764705882352942, 2.56594063705885e-05, 0.0005601348907144358
flux1:, 1.1774529451058982, 4.7529152124006736e-05, 0.0001821510045244465
flux1:, 1.1784353019765021, 0.0002343558482596701, 0.0005180546268452862
flux1:, 1.179417658847106, 0.0001192802331284376, 0.0007491149679356531
flux1:, 1.18040001571771, 4.511620494851843e-06, 0.0002826157238032628
flux1:, 1.181382372588314, 0.0002244021178838804, 0.0003157773151882565
flux1:, 1.182364729458918, 0.00024457539201003486, 0.0007975201337741042
flux1:, 1.183347086329522, 1.736630805814387e-05, 0.0005090655942664415
flux1:, 1.1843294432001257, 0.00015547078875536736, 0.00019064927707706733
flux1:, 1.1853118000707297, 0.0003457526436818438, 0.0006773322410897586
flux1:, 1.1862941569413337, 0.00011000532485494427, 0.000736612134200731
flux1:, 1.1872765138119377, 7.143806153874025e-05, 0.00022468338148601863
flux1:, 1.1882588706825417, 0.00037337038291148684, 0.00047282712971225406
flux1:, 1.1892412275531457, 0.0002610191277751044, 0.0008515296638840345
flux1:, 1.1902235844237494, 3.382341266624381e-05, 0.0003931529882707742
flux1:, 1.1912059412943534, 0.0003186624409006162, 0.00030232313599181656
flux1:, 1.1921882981649574, 0.0004170710245599827, 0.000823648808386478
flux1:, 1.1931706550355614, 8.501514803426076e-05, 0.0006077871376555066
flux1:, 1.1941530119061654, 0.00021644529886175116, 0.00023899490949568698
flux1:, 1.1951353687767692, 0.000523676390008025, 0.0006973612644545933
flux1:, 1.1961177256473732, 0.00023089801481586744, 0.0007853404120130689
flux1:, 1.1971000825179772, 0.00012610525833714448, 0.00029035838938715056
flux1:, 1.1980824393885812, 0.0005489094775161726, 0.000543517980554997
flux1:, 1.1990647962591852, 0.0004440689360392447, 0.0008850714793125394
flux1:, 1.200047153129789, 0.0001100456090685141, 0.0004208201571012709
flux1:, 1.201029510000393, 0.0004940674985790579, 0.0004183910891825916
flux1:, 1.202011866870997, 0.0006766736526878723, 0.0009109366410772575
flux1:, 1.202994223741601, 0.00021815262987794756, 0.0005864971165555538
flux1:, 1.203976580612205, 0.00039584268439536236, 0.0003445871848675653
flux1:, 1.2049589374828087, 0.0008755742632528287, 0.000892509956531036
flux1:, 1.2059412943534127, 0.00047848539862907746, 0.0007663661743837553
flux1:, 1.2069236512240167, 0.0003252802688164141, 0.0003146381957868564
flux1:, 1.2079060080946207, 0.000998056502856944, 0.0008547448305969923
flux1:, 1.2088883649652247, 0.0008914235252429249, 0.0009828536460990641
flux1:, 1.2098707218358287, 0.00038679173066422, 0.0003210193927244488
flux1:, 1.2108530787064324, 0.0010303912857248076, 0.0007838532719298001
flux1:, 1.2118354355770364, 0.0014220232781446218, 0.0013005822286333332
flux1:, 1.2128177924476404, 0.0007150653146864973, 0.000426311676825358
flux1:, 1.2138001493182444, 0.0010159495201894995, 0.0006105527101316929
flux1:, 1.2147825061888484, 0.0019798230423705757, 0.0017695901453232143
flux1:, 1.2157648630594522, 0.001442963005969005, 0.0008850261972562762
flux1:, 1.2167472199300562, 0.0010967792546541456, 0.0002976121613455091
flux1:, 1.2177295768006602, 0.002374405703909117, 0.002241850840956065
flux1:, 1.2187119336712642, 0.002531126129440995, 0.0021896190043581244
flux1:, 1.2196942905418682, 0.0015003594857420483, 0.0002452684734088574
flux1:, 1.220676647412472, 0.0023204515312608767, 0.002150779480271341
flux1:, 1.221659004283076, 0.0033709583257826104, 0.004354048562705232
flux1:, 1.22264136115368, 0.0022059049140516385, 0.001683276951554766
flux1:, 1.223623718024284, 0.001804056242063481, 0.0012757358004807174
flux1:, 1.224606074894888, 0.003132932570955106, 0.005575962402238697
flux1:, 1.2255884317654917, 0.002663397983813058, 0.0048851569237348775
flux1:, 1.2265707886360957, 0.001387237567550123, 0.0011910618210481804
flux1:, 1.2275531455066997, 0.0023246831186717123, 0.004534337927439804
flux1:, 1.2285355023773037, 0.0027974128870725556, 0.007781474165715122
flux1:, 1.2295178592479077, 0.0014770814739650752, 0.0033395013465607635
flux1:, 1.2305002161185117, 0.0019720409927790894, 0.002778979945229499
flux1:, 1.2314825729891155, 0.0033327272747085018, 0.008755500420233962
flux1:, 1.2324649298597194, 0.0024064256124258603, 0.00744783751207675
flux1:, 1.2334472867303234, 0.0024779230384161313, 0.0025953498724991045
flux1:, 1.2344296436009274, 0.004968631713747662, 0.00722726704591736
flux1:, 1.2354120004715314, 0.005122318867322483, 0.011347195520464653
flux1:, 1.2363943573421352, 0.004196906579916526, 0.005537360673710514
flux1:, 1.2373767142127392, 0.006904933266489039, 0.0038232053582283143
flux1:, 1.2383590710833432, 0.008862377167267075, 0.00973355014303217
flux1:, 1.2393414279539472, 0.0065661838258597805, 0.008289963211003377
flux1:, 1.2403237848245512, 0.006338019279496233, 0.0022588389349513724
flux1:, 1.241306141695155, 0.008930203735446599, 0.004248444105564179
flux1:, 1.242288498565759, 0.007554044878973966, 0.006876767162180008
flux1:, 1.243270855436363, 0.004853826490340084, 0.0028757298342721657
flux1:, 1.244253212306967, 0.006526807648223508, 0.0017936071978760131
flux1:, 1.245235569177571, 0.00734314449686647, 0.004828802278198667
flux1:, 1.2462179260481747, 0.0044987224467931625, 0.00351219990100811
flux1:, 1.2472002829187787, 0.0045286962749121, 0.0015954942149842455
flux1:, 1.2481826397893827, 0.006654347233968436, 0.0038144465641786677
flux1:, 1.2491649966599867, 0.004985481403572288, 0.00397652317206452
flux1:, 1.2501473535305907, 0.0035465068916727548, 0.002057309661657692
flux1:, 1.2511297104011945, 0.005767901036194171, 0.0035352120748252443
flux1:, 1.2521120672717985, 0.005739825048467824, 0.004533542669811644
flux1:, 1.2530944241424025, 0.0035285175705972085, 0.002736152702264602
flux1:, 1.2540767810130065, 0.004901996973747818, 0.0035651031560966153
flux1:, 1.2550591378836105, 0.006370809729295056, 0.0052511105362315295
flux1:, 1.2560414947542144, 0.004290978811651523, 0.0036748727470072382
flux1:, 1.2570238516248182, 0.0043202058750313925, 0.0037171218877959477
flux1:, 1.2580062084954222, 0.006681972715007932, 0.00601343252217818
flux1:, 1.2589885653660262, 0.005568167267673215, 0.004987334238893762
flux1:, 1.2599709222366302, 0.004286516255934794, 0.004049891210684529
flux1:, 1.2609532791072342, 0.006673906919958259, 0.0066504561907686464
flux1:, 1.261935635977838, 0.0070379623268023855, 0.006674115513166807
flux1:, 1.262917992848442, 0.004982484109520375, 0.004786094546450921
flux1:, 1.263900349719046, 0.006535363881038388, 0.0070772176653712635
flux1:, 1.26488270658965, 0.008389378694703107, 0.008570326829209579
flux1:, 1.265865063460254, 0.00643523841085007, 0.006181452123725786
flux1:, 1.266847420330858, 0.00659397846310614, 0.007395673855783468
flux1:, 1.2678297772014617, 0.00941670833221139, 0.010397507587473577
flux1:, 1.2688121340720657, 0.00848947081939393, 0.008379661154398418
flux1:, 1.2697944909426697, 0.007220988218616459, 0.007919114469016447
flux1:, 1.2707768478132737, 0.010105006944816359, 0.01189343853326107
flux1:, 1.2717592046838777, 0.01084422379674597, 0.011304824159098422
flux1:, 1.2727415615544815, 0.008709401037203874, 0.009097780923049168
flux1:, 1.2737239184250855, 0.010668024632226396, 0.012969592109930012
flux1:, 1.2747062752956895, 0.013153933811399475, 0.014642771918122617
flux1:, 1.2756886321662935, 0.011164157882240783, 0.011361946100668536
flux1:, 1.2766709890368975, 0.011511908471720166, 0.01382898552899795
flux1:, 1.2776533459075012, 0.01516813233642623, 0.017936623311391377
flux1:, 1.2786357027781052, 0.014448454964624189, 0.014936325875358543
flux1:, 1.2796180596487092, 0.01312201495301278, 0.014981114830260753
flux1:, 1.2806004165193132, 0.016862659352799125, 0.020778442956462778
flux1:, 1.2815827733899172, 0.018218859412304153, 0.019704406679780212
flux1:, 1.282565130260521, 0.015901543438481602, 0.01712289066606373
flux1:, 1.283547487131125, 0.018508108180780216, 0.023032413547926636
flux1:, 1.284529844001729, 0.022053349450887827, 0.02519671689707883
flux1:, 1.285512200872333, 0.020017202894062138, 0.020907446032162384
flux1:, 1.286494557742937, 0.020634839003208724, 0.024996166516791353
flux1:, 1.2874769146135407, 0.02563922328248885, 0.03073872878925335
flux1:, 1.2884592714841447, 0.025316774485201813, 0.026678075325759158
flux1:, 1.2894416283547487, 0.023887764039142778, 0.027412869575749184
flux1:, 1.2904239852253527, 0.028955562982882554, 0.03573095492927463
flux1:, 1.2914063420959567, 0.03136793645973538, 0.03427834919816226
flux1:, 1.2923886989665605, 0.02880885980111814, 0.031292930565347446
flux1:, 1.2933710558371645, 0.032372748495637683, 0.039968250006658615
flux1:, 1.2943534127077685, 0.03762757585620272, 0.043041527963094565
flux1:, 1.2953357695783725, 0.03562444780921516, 0.03757951912326794
flux1:, 1.2963181264489765, 0.036609563620411026, 0.04386603551461475
flux1:, 1.2973004833195805, 0.043697309590255626, 0.05200659506823488
flux1:, 1.2982828401901843, 0.04412936111947004, 0.04676963299716139
flux1:, 1.2992651970607882, 0.042536165158872645, 0.04847185001360455
flux1:, 1.3002475539313922, 0.04957405426192343, 0.060318518898828485
flux1:, 1.3012299108019962, 0.053738934223499915, 0.05864793766523642
flux1:, 1.3022122676726002, 0.050875080998456126, 0.05520782174282937
flux1:, 1.303194624543204, 0.05578637667721161, 0.06767899541601487
flux1:, 1.304176981413808, 0.06372302040926625, 0.07227653176325702
flux1:, 1.305159338284412, 0.06190829919625795, 0.06539629803905521
flux1:, 1.306141695155016, 0.06333250169043318, 0.07466159064522812
flux1:, 1.30712405202562, 0.07356029034254824, 0.08630329969324686
flux1:, 1.308106408896224, 0.07532014230172121, 0.07972803846438721
flux1:, 1.3090887657668278, 0.0734034157433286, 0.0827232889016006
flux1:, 1.3100711226374318, 0.08328473463103366, 0.09952545834909429
flux1:, 1.3110534795080357, 0.09027560098481499, 0.09789266539431599
flux1:, 1.3120358363786397, 0.08696462808645551, 0.0938404821259237
flux1:, 1.3130181932492437, 0.09367092157252636, 0.11151991256731576
flux1:, 1.3140005501198475, 0.10575380099021635, 0.11856847468999274
flux1:, 1.3149829069904515, 0.10434863233557165, 0.10984525423574486
flux1:, 1.3159652638610555, 0.10614010062592391, 0.1230823253797393
flux1:, 1.3169476207316595, 0.12104975501199866, 0.13985560222319782
flux1:, 1.3179299776022635, 0.1250403063599795, 0.1316836542112339
flux1:, 1.3189123344728673, 0.12236369927302536, 0.13624415784383287
flux1:, 1.3198946913434713, 0.1362647834637604, 0.1600642857319863
flux1:, 1.3208770482140753, 0.14779611571051796, 0.15889859190152633
flux1:, 1.3218594050846793, 0.14366641489122425, 0.15376833429743408
flux1:, 1.3228417619552832, 0.1525697323443488, 0.17860033632566077
flux1:, 1.323824118825887, 0.17112770541913364, 0.18960903890569358
flux1:, 1.324806475696491, 0.1704409857600845, 0.1782233835254217
flux1:, 1.325788832567095, 0.17207183822905145, 0.1965948760870468
flux1:, 1.326771189437699, 0.1940334362533887, 0.22110803626121506
flux1:, 1.327753546308303, 0.20183247297434856, 0.21093340545239672
flux1:, 1.3287359031789068, 0.1972434508468235, 0.21695648425455144
flux1:, 1.3297182600495108, 0.2167308695077556, 0.2509734872992521
flux1:, 1.3307006169201148, 0.2359002292090927, 0.25121614510056384
flux1:, 1.3316829737907188, 0.23004254516925884, 0.24369035586507026
flux1:, 1.3326653306613228, 0.24108504122135083, 0.2783572175424953
flux1:, 1.3336476875319265, 0.2703237530116373, 0.2962967131770567
flux1:, 1.3346300444025305, 0.2710116324328456, 0.2805867792444757
flux1:, 1.3356124012731345, 0.27047709835951933, 0.3049763763874247
flux1:, 1.3365947581437385, 0.3035244279658737, 0.34211016140461814
flux1:, 1.3375771150143425, 0.3187216906704132, 0.3296478494956866
flux1:, 1.3385594718849465, 0.30901471892729887, 0.33534150118687617
flux1:, 1.3395418287555503, 0.33589644042172034, 0.3849275434504728
flux1:, 1.3405241856261543, 0.36989216384012075, 0.3898016146424668
flux1:, 1.3415065424967583, 0.36020774061657573, 0.3759315245944824
flux1:, 1.3424888993673623, 0.3707518859200785, 0.4234529276373133
flux1:, 1.3434712562379663, 0.42037322564253987, 0.456483274704235
flux1:, 1.34445361310857, 0.4254473092814027, 0.4333194856601083
flux1:, 1.345435969979174, 0.4146474657724087, 0.4608554627697866
flux1:, 1.346418326849778, 0.4669903661066838, 0.5225429156425584
flux1:, 1.347400683720382, 0.5027550856011099, 0.5115628964239352
flux1:, 1.348383040590986, 0.4770159902200782, 0.5062386325781046
flux1:, 1.34936539746159, 0.5101920322273356, 0.5807903707003792
flux1:, 1.3503477543321938, 0.5862547199675638, 0.6093641243000351
flux1:, 1.3513301112027978, 0.5695521332685358, 0.5754559265444225
flux1:, 1.3523124680734018, 0.557957740252334, 0.6287303106506098
flux1:, 1.3532948249440058, 0.6666774520330103, 0.7174171166185094
flux1:, 1.3542771818146098, 0.7070103448280792, 0.6924075991204256
flux1:, 1.3552595386852135, 0.6343656205389316, 0.6784355004064787
flux1:, 1.3562418955558175, 0.7332878709272517, 0.815796597899459
flux1:, 1.3572242524264215, 0.9155094753013727, 0.8964795642341814
flux1:, 1.3582066092970255, 0.8133828796232696, 0.7902739209086457
flux1:, 1.3591889661676295, 0.7813122602698078, 0.8709232868995397
flux1:, 1.3601713230382333, 1.2834581866303982, 1.2902089094855105
flux1:, 1.3611536799088373, 1.4598423564064347, 1.3038851334731971
flux1:, 1.3621360367794413, 0.9012622045745324, 0.8715803489419323
flux1:, 1.3631183936500453, 2.5437561803625073, 2.5985599039009015
flux1:, 1.3641007505206493, 9.382413478921634, 8.913420071140001
flux1:, 1.365083107391253, 17.596669871138655, 16.552873522114727
flux1:, 1.366065464261857, 18.785931487038145, 18.294227493765387
flux1:, 1.367047821132461, 11.336059794466548, 12.244471035309747
flux1:, 1.368030178003065, 3.310549280869841, 4.71177001852401
flux1:, 1.369012534873669, 1.109008040326061, 1.6697346669153184
flux1:, 1.3699948917442728, 2.1599156779592303, 2.3502221796111398
flux1:, 1.3709772486148768, 2.0519692756437586, 3.0486146801227356
flux1:, 1.3719596054854808, 1.267371687329102, 2.400270687683949
flux1:, 1.3729419623560848, 1.4536352597776403, 1.7303624589230255
flux1:, 1.3739243192266888, 2.325476223290425, 3.4305915315364
flux1:, 1.3749066760972926, 4.414913823937251, 8.085284119032888
flux1:, 1.3758890329678966, 8.057448671879657, 11.791821859855087
flux1:, 1.3768713898385005, 9.86574138484272, 10.08092340962483
flux1:, 1.3778537467091045, 7.059119997072504, 4.826939129319985
flux1:, 1.3788361035797085, 2.9847145976502807, 1.7402456357349796
flux1:, 1.3798184604503125, 1.9602733711130098, 1.9267660019626953
flux1:, 1.3808008173209163, 2.7478043767070433, 2.2441477965967924
flux1:, 1.3817831741915203, 2.5397795954700277, 1.816198727663328
flux1:, 1.3827655310621243, 2.031522758858296, 1.9285984437062593
flux1:, 1.3837478879327283, 2.3691776023373166, 2.265883102851896
flux1:, 1.3847302448033323, 2.5595099589851626, 2.086249504715457
flux1:, 1.3857126016739363, 2.253687284542993, 2.0537915947671044
flux1:, 1.38669495854454, 2.352217244297843, 2.3783996248775763
flux1:, 1.387677315415144, 2.6469716251506767, 2.374598847065521
flux1:, 1.388659672285748, 2.515349042308971, 2.2531055000768068
flux1:, 1.389642029156352, 2.4673586629337203, 2.4969629328125893
flux1:, 1.390624386026956, 2.749396247635577, 2.639836157239441
flux1:, 1.3916067428975598, 2.7785111254217445, 2.5099718759000695
flux1:, 1.3925890997681638, 2.6636297367198147, 2.632096340611182
flux1:, 1.3935714566387678, 2.8637179375969652, 2.8638215476012623
flux1:, 1.3945538135093718, 3.0181337269331516, 2.79823993175794
flux1:, 1.3955361703799758, 2.912212963979999, 2.801390463262254
flux1:, 1.3965185272505796, 3.0005169640442446, 3.045643596784582
flux1:, 1.3975008841211836, 3.220756127272101, 3.085403903334869
flux1:, 1.3984832409917876, 3.183109434229828, 3.0124696328255185
flux1:, 1.3994655978623916, 3.169984768999951, 3.198404468894067
flux1:, 1.4004479547329955, 3.386103968859808, 3.34111946949071
flux1:, 1.4014303116035993, 3.4445515734387073, 3.2572413200054764
flux1:, 1.4024126684742033, 3.373250833090533, 3.3426360249712035
flux1:, 1.4033950253448073, 3.525403781324169, 3.545845150774997
flux1:, 1.4043773822154113, 3.669184383504154, 3.512923732704234
flux1:, 1.4053597390860153, 3.598437720093846, 3.4971554563679943
flux1:, 1.406342095956619, 3.655616560315802, 3.6961186982245184
flux1:, 1.407324452827223, 3.8410792408837424, 3.748942350208069
flux1:, 1.408306809697827, 3.8223513258610833, 3.670392727391612
flux1:, 1.409289166568431, 3.7913088652387765, 3.804089936123474
flux1:, 1.410271523439035, 3.95958434821826, 3.9373412361160502
flux1:, 1.4112538803096388, 4.0173071702364975, 3.8557437209801804
flux1:, 1.4122362371802428, 3.9373766335662284, 3.891106441053703
flux1:, 1.4132185940508468, 4.037775684053469, 4.062748319529369
flux1:, 1.4142009509214508, 4.160530122419944, 4.033275932913838
flux1:, 1.4151833077920548, 4.085878282152414, 3.9777604042219816
flux1:, 1.4161656646626586, 4.0957546733505374, 4.1277354728766085
flux1:, 1.4171480215332626, 4.242249076859588, 4.177519611115244
flux1:, 1.4181303784038666, 4.218650674749434, 4.074613611258231
flux1:, 1.4191127352744706, 4.151489835549046, 4.151131847761293
flux1:, 1.4200950921450746, 4.268953992055625, 4.268271172244361
flux1:, 1.4210774490156786, 4.31481475816547, 4.177766361289316
flux1:, 1.4220598058862823, 4.2131640133195, 4.159882658947683
flux1:, 1.4230421627568863, 4.260316536998321, 4.299756796467687
flux1:, 1.4240245196274903, 4.359979398596723, 4.271364130466174
flux1:, 1.4250068764980943, 4.2763865263271965, 4.177971911583612
flux1:, 1.4259892333686983, 4.241077533426561, 4.284059403024445
flux1:, 1.4269715902393023, 4.353090875259439, 4.335974074120356
flux1:, 1.427953947109906, 4.327421890098224, 4.217279434947048
flux1:, 1.42893630398051, 4.231419307229993, 4.247208677721631
flux1:, 1.429918660851114, 4.307895650891437, 4.359051919725305
flux1:, 1.430901017721718, 4.350865995146995, 4.27435006236094
flux1:, 1.431883374592322, 4.239928214173213, 4.219581783095547
flux1:, 1.4328657314629258, 4.248357519719698, 4.342751733733512
flux1:, 1.4338480883335298, 4.338248759025446, 4.334370793676555
flux1:, 1.4348304452041338, 4.262013569230515, 4.224740427138966
flux1:, 1.4358128020747378, 4.199971599387192, 4.3055048727387994
flux1:, 1.4367951589453418, 4.293695934681241, 4.380454834943417
flux1:, 1.4377775158159456, 4.284230188022559, 4.271463262005788
flux1:, 1.4387598726865496, 4.180607452728406, 4.276504018662007
flux1:, 1.4397422295571536, 4.234086166686968, 4.404020774994305
flux1:, 1.4407245864277576, 4.292431499935235, 4.3523269286176065
flux1:, 1.4417069432983616, 4.194647381019018, 4.285260357246184
flux1:, 1.4426893001689653, 4.183462602388995, 4.411544384476268
flux1:, 1.4436716570395693, 4.28006900411969, 4.449394846950786
flux1:, 1.4446540139101733, 4.232789657634189, 4.3505127279177795
flux1:, 1.4456363707807773, 4.163843253836429, 4.42438432199775
flux1:, 1.4466187276513813, 4.2528214442094034, 4.544517336403756
flux1:, 1.447601084521985, 4.277532884082687, 4.473149570679282
flux1:, 1.448583441392589, 4.186128106888386, 4.471168583373143
flux1:, 1.449565798263193, 4.227116487132877, 4.62958970591775
flux1:, 1.450548155133797, 4.3119134961829415, 4.6362991005502305
flux1:, 1.451530512004401, 4.244954197441131, 4.575375562759693
flux1:, 1.4525128688750049, 4.222559556106322, 4.711707710086568
flux1:, 1.4534952257456089, 4.327426688051739, 4.81282087443738
flux1:, 1.4544775826162128, 4.319966380599286, 4.743140376731042
flux1:, 1.4554599394868168, 4.251054866888912, 4.809866007064243
flux1:, 1.4564422963574208, 4.326967615039998, 4.977061863425884
flux1:, 1.4574246532280246, 4.383366497705612, 4.956990586600945
flux1:, 1.4584070100986286, 4.307526284981236, 4.943454658892073
flux1:, 1.4593893669692326, 4.320522450535688, 5.115238771529978
flux1:, 1.4603717238398366, 4.410569796920641, 5.179493138888613
flux1:, 1.4613540807104406, 4.367509800751653, 5.117351274393541
flux1:, 1.4623364375810444, 4.315054721030338, 5.22865070768981
flux1:, 1.4633187944516486, 4.388670415668686, 5.366630319198833
flux1:, 1.4643011513222524, 4.394503313279245, 5.311883861648836
flux1:, 1.4652835081928564, 4.304249020311912, 5.327185160994997
flux1:, 1.4662658650634603, 4.317872121320301, 5.485314125011607
flux1:, 1.4672482219340643, 4.354826822054916, 5.485458633633178
flux1:, 1.4682305788046683, 4.265678623705364, 5.4166393810563624
flux1:, 1.4692129356752721, 4.205025287167123, 5.525803892505198
flux1:, 1.470195292545876, 4.232225117731554, 5.591247111723084
flux1:, 1.47117764941648, 4.169567305361143, 5.488645551277599
flux1:, 1.472160006287084, 4.054252248555835, 5.501588497289794
flux1:, 1.473142363157688, 4.033171862553797, 5.5994344272581476
flux1:, 1.4741247200282919, 3.995104135961998, 5.521253171045097
flux1:, 1.4751070768988959, 3.86262987962284, 5.437024315991463
flux1:, 1.4760894337694999, 3.779817145884159, 5.510874955774322
flux1:, 1.4770717906401039, 3.743509210839164, 5.490127586906471
flux1:, 1.4780541475107078, 3.6252098795951215, 5.351053916111037
flux1:, 1.4790365043813116, 3.497031494446401, 5.352998573427109
flux1:, 1.4800188612519156, 3.438904343245733, 5.38134164729115
flux1:, 1.4810012181225196, 3.3456702549681743, 5.24629404384561
flux1:, 1.4819835749931236, 3.2042616771781955, 5.160864798434203
flux1:, 1.4829659318637276, 3.1176036471526376, 5.195700686062976
flux1:, 1.4839482887343314, 3.043657860015346, 5.106736024885072
flux1:, 1.4849306456049354, 2.917279688605567, 4.954800073038382
flux1:, 1.4859130024755394, 2.8143817426349678, 4.942637892091513
flux1:, 1.4868953593461434, 2.7512891984043897, 4.902892430334381
flux1:, 1.4878777162167474, 2.6537822460046465, 4.7269155538492456
flux1:, 1.4888600730873511, 2.5532467698117793, 4.6315072661620444
flux1:, 1.4898424299579551, 2.4979583432531576, 4.605836852829382
flux1:, 1.4908247868285591, 2.4304634678107173, 4.446732681860717
flux1:, 1.4918071436991631, 2.343039414802004, 4.270347154616775
flux1:, 1.4927895005697671, 2.293011159871462, 4.210400965370939
flux1:, 1.4937718574403709, 2.249281689846973, 4.088187898012435
flux1:, 1.4947542143109749, 2.1755081055956835, 3.8719172550824212
flux1:, 1.4957365711815789, 2.122829230647404, 3.7498653663824055
flux1:, 1.4967189280521829, 2.0915229350375544, 3.657547041840351
flux1:, 1.4977012849227869, 2.0290300786922906, 3.455094823738581
flux1:, 1.4986836417933906, 1.9656963354682084, 3.2792101545193533
flux1:, 1.4996659986639946, 1.9327675488200224, 3.192593790283486
flux1:, 1.5006483555345986, 1.880222753421815, 3.037836545469261
flux1:, 1.5016307124052026, 1.8064660413694198, 2.841457797310203
flux1:, 1.5026130692758066, 1.760633085098669, 2.73763821574836
flux1:, 1.5035954261464104, 1.7153144366404371, 2.6323691758344134
flux1:, 1.5045777830170146, 1.639125319117398, 2.4520242135926487
flux1:, 1.5055601398876184, 1.5768716368257232, 2.3233863656191835
flux1:, 1.5065424967582224, 1.5332401159295095, 2.2473603184170092
flux1:, 1.5075248536288264, 1.4634746973779689, 2.106354919413436
flux1:, 1.5085072104994304, 1.3895192533332243, 1.9626297775635402
flux1:, 1.5094895673700344, 1.34179477073955, 1.8912891857180152
flux1:, 1.5104719242406381, 1.2828547671058372, 1.7941256015275922
flux1:, 1.5114542811112421, 1.2064181702824175, 1.6547295919693765
flux1:, 1.5124366379818461, 1.1519500012733563, 1.5725961461219
flux1:, 1.5134189948524501, 1.1031217014663897, 1.5085908412148106
flux1:, 1.5144013517230541, 1.0331584550998387, 1.3919338756948298
flux1:, 1.515383708593658, 0.9735488213249707, 1.2973465532070534
flux1:, 1.516366065464262, 0.9313438108224026, 1.2491861122204526
flux1:, 1.5173484223348659, 0.8734305349929706, 1.1648168217851866
flux1:, 1.5183307792054699, 0.8132357289802264, 1.0670189597237303
flux1:, 1.5193131360760739, 0.7740713930549566, 1.0195478665285658
flux1:, 1.5202954929466777, 0.7296845674109621, 0.9659149028973175
flux1:, 1.5212778498172816, 0.6741839866512165, 0.878133967912723
flux1:, 1.5222602066878856, 0.6359329715377641, 0.8238527848779693
flux1:, 1.5232425635584896, 0.603365509869707, 0.7912155067134272
flux1:, 1.5242249204290936, 0.5567649038366435, 0.7238087946968529
flux1:, 1.5252072772996974, 0.5190889683485745, 0.6637913346374475
flux1:, 1.5261896341703014, 0.494912648275244, 0.6397468678515822
flux1:, 1.5271719910409054, 0.4594576110775105, 0.5962183347215012
flux1:, 1.5281543479115094, 0.42346366353660575, 0.5373237722969688
flux1:, 1.5291367047821134, 0.40385813892315703, 0.5120464764542461
flux1:, 1.5301190616527172, 0.3796698538898404, 0.4887585981326195
flux1:, 1.5311014185233212, 0.34733900368766485, 0.4392085613773084
flux1:, 1.5320837753939252, 0.3291021321509476, 0.40843375694787815
flux1:, 1.5330661322645291, 0.3144184855369944, 0.3971748014803241
flux1:, 1.5340484891351331, 0.28795678207805864, 0.362598829267707
flux1:, 1.535030846005737, 0.2692136447848974, 0.32778527961413845
flux1:, 1.536013202876341, 0.260893044639314, 0.3195394934274104
flux1:, 1.536995559746945, 0.24201040795876308, 0.30085519971739466
flux1:, 1.537977916617549, 0.2225855179836388, 0.26712813819801207
flux1:, 1.538960273488153, 0.21687422629640318, 0.25540846816080204
flux1:, 1.5399426303587567, 0.20607505675024573, 0.24892548688572264
flux1:, 1.5409249872293607, 0.1874015206018335, 0.22202405908041306
flux1:, 1.5419073440999647, 0.1809254536012951, 0.20466042153117803
flux1:, 1.5428897009705687, 0.17704380777045253, 0.20395879216032556
flux1:, 1.5438720578411727, 0.16152090417231646, 0.18748800269002663
flux1:, 1.5448544147117764, 0.15229108508756212, 0.16649975878452675
flux1:, 1.5458367715823806, 0.15255407308670524, 0.16511960971290318
flux1:, 1.5468191284529844, 0.1424558310206291, 0.15907706160400656
flux1:, 1.5478014853235884, 0.1305205906247952, 0.13895857279560372
flux1:, 1.5487838421941924, 0.13128932751736747, 0.13279595093017965
flux1:, 1.5497661990647964, 0.12758135995626424, 0.13377325867224277
flux1:, 1.5507485559354004, 0.11495857085152672, 0.11902891507133695
flux1:, 1.5517309128060042, 0.11299942792897287, 0.10754627396356765
flux1:, 1.5527132696766082, 0.11459076787557125, 0.11036543864740761
flux1:, 1.5536956265472122, 0.10433876798788877, 0.10333621453645615
flux1:, 1.5546779834178162, 0.09814169216609625, 0.08918988120643354
flux1:, 1.5556603402884202, 0.1020382591088054, 0.08919796470249278
flux1:, 1.556642697159024, 0.09673218686070989, 0.08906559164580025
flux1:, 1.557625054029628, 0.08720976065988714, 0.07639418973391975
flux1:, 1.558607410900232, 0.08967771267675703, 0.0713807593885166
flux1:, 1.559589767770836, 0.0899694630580765, 0.07473137983947757
flux1:, 1.56057212464144, 0.08002967553150615, 0.06692936353885806
flux1:, 1.5615544815120437, 0.0783175045363084, 0.057790532301332576
flux1:, 1.5625368383826477, 0.08239126078337326, 0.06040851343443039
flux1:, 1.5635191952532517, 0.07542515074237861, 0.05846542350711949
flux1:, 1.5645015521238557, 0.06913940111503977, 0.048329198659082584
flux1:, 1.5654839089944597, 0.0735071332076804, 0.047273175612528015
flux1:, 1.5664662658650634, 0.07152733049780774, 0.04948862689585494
flux1:, 1.5674486227356674, 0.06279657534333652, 0.041815630314263316
flux1:, 1.5684309796062714, 0.06409550796731972, 0.036671586155407915
flux1:, 1.5694133364768754, 0.06661137781800296, 0.039808350424589085
flux1:, 1.5703956933474794, 0.05884303129944802, 0.036543774204230065
flux1:, 1.5713780502180832, 0.055596318408179475, 0.029234220788904128
flux1:, 1.5723604070886872, 0.05993709444722103, 0.030354240408224598
flux1:, 1.5733427639592912, 0.055886426410294725, 0.031130158720351384
flux1:, 1.5743251208298952, 0.049152953200029124, 0.024529733707820942
flux1:, 1.5753074777004992, 0.052024245148642616, 0.022417740119998673
flux1:, 1.576289834571103, 0.05235538944745613, 0.025107046788452513
flux1:, 1.577272191441707, 0.04492512097136721, 0.021385620869091893
flux1:, 1.578254548312311, 0.0441960445381983, 0.0168346475264714
flux1:, 1.579236905182915, 0.04734332242075729, 0.018935600590096892
flux1:, 1.580219262053519, 0.04207551540280144, 0.018574043944266413
flux1:, 1.5812016189241227, 0.03773717311240576, 0.013576276204245858
flux1:, 1.5821839757947267, 0.040992398489924975, 0.01352472655990224
flux1:, 1.5831663326653307, 0.039341380392110645, 0.015396807484722504
flux1:, 1.5841486895359347, 0.033214085257003076, 0.011887178267572024
flux1:, 1.5851310464065387, 0.03425734005347651, 0.009619179442116843
flux1:, 1.5861134032771425, 0.03575545336054943, 0.011867818492215595
flux1:, 1.5870957601477467, 0.0303049738537893, 0.010767324374822636
flux1:, 1.5880781170183504, 0.028289988369740587, 0.0074105023975312625
flux1:, 1.5890604738889544, 0.031087155638586335, 0.008492261257211876
flux1:, 1.5900428307595584, 0.028121819573426476, 0.009464175080997578
flux1:, 1.5910251876301624, 0.02384316885175871, 0.006515505835324778
flux1:, 1.5920075445007664, 0.025829463667971987, 0.0058565707105101075
flux1:, 1.5929899013713702, 0.025750015940404308, 0.007727177018229928
flux1:, 1.5939722582419742, 0.02098706814439578, 0.006241328604738031
flux1:, 1.5949546151125782, 0.020834699796760132, 0.004280805630662711
flux1:, 1.5959369719831822, 0.02269040943811437, 0.005764028529188122
flux1:, 1.5969193288537862, 0.019205024216308327, 0.005938228069858892
flux1:, 1.59790168572439, 0.016849752313274128, 0.0036853604007251596
flux1:, 1.598884042594994, 0.01901430858661039, 0.003997300095831117
flux1:, 1.599866399465598, 0.017740030196487733, 0.005253679915917655
flux1:, 1.600848756336202, 0.014188452668931234, 0.0036812909730818766
flux1:, 1.601831113206806, 0.015221456556210183, 0.002785328797535319
flux1:, 1.6028134700774097, 0.015979568030443567, 0.004196171757868183
flux1:, 1.6037958269480137, 0.012661343767365307, 0.003788036241957284
flux1:, 1.6047781838186177, 0.011927617542669263, 0.0022434471848640307
flux1:, 1.6057605406892217, 0.013698219038121849, 0.003025991361587168
flux1:, 1.6067428975598257, 0.01174235197927344, 0.003649444467742317
flux1:, 1.6077252544304295, 0.00955600114141192, 0.0022216654294869675
flux1:, 1.6087076113010335, 0.011079303611805043, 0.0020620281236353143
flux1:, 1.6096899681716375, 0.010853092826456587, 0.0031512946565243082
flux1:, 1.6106723250422414, 0.00816901473196486, 0.0024121887115181257
flux1:, 1.6116546819128454, 0.008548838162708553, 0.00150871896549579
flux1:, 1.6126370387834492, 0.009618553863076943, 0.0024091206919380393
flux1:, 1.6136193956540532, 0.007489580393184113, 0.002509613771643006
flux1:, 1.6146017525246572, 0.006529767460709057, 0.0013747517092387743
flux1:, 1.6155841093952612, 0.007987502795654506, 0.0016584833017476428
flux1:, 1.6165664662658652, 0.007070236517239782, 0.0023406233292184854
flux1:, 1.617548823136469, 0.005239565305876268, 0.0014998905861556343
flux1:, 1.618531180007073, 0.006188087033300692, 0.0011156900333001655
flux1:, 1.619513536877677, 0.0065108613185412756, 0.0019105525761579283
flux1:, 1.620495893748281, 0.004614610521603944, 0.0016557471569302268
flux1:, 1.621478250618885, 0.004565953060657762, 0.0008766393047167038
flux1:, 1.6224606074894887, 0.0056201240462318055, 0.001361221077818808
flux1:, 1.6234429643600927, 0.004375296004968456, 0.0016602008519877563
flux1:, 1.6244253212306967, 0.0033969153079514663, 0.0008919867839686159
flux1:, 1.6254076781013007, 0.004456731145853317, 0.0008752904187883844
flux1:, 1.6263900349719047, 0.0041802085843900315, 0.0014500530695172394
flux1:, 1.6273723918425085, 0.0027638056723869224, 0.0010156263913327014
flux1:, 1.6283547487131127, 0.0032505798558146496, 0.0005806927732273194
flux1:, 1.6293371055837165, 0.0037843685347517127, 0.0010853520739288506
flux1:, 1.6303194624543205, 0.0025441949417994974, 0.001090277112755634
flux1:, 1.6313018193249245, 0.0022594678765093003, 0.0004996361155448374
flux1:, 1.6322841761955285, 0.003127093201467645, 0.0006953468348608851
flux1:, 1.6332665330661325, 0.0024966188703945476, 0.001022660781937412
flux1:, 1.6342488899367362, 0.001638955757058879, 0.0005581758528748253
flux1:, 1.6352312468073402, 0.0023196749964443076, 0.00040230382731355025
flux1:, 1.6362136036779442, 0.002387877774000626, 0.0008138070174713876
flux1:, 1.6371959605485482, 0.001384467030616627, 0.0006403861864580296
flux1:, 1.6381783174191522, 0.001555923352041942, 0.00026410590451315393
flux1:, 1.639160674289756, 0.0020935466853990413, 0.0005379943472512382
flux1:, 1.64014303116036, 0.0013599541025411269, 0.0006519752687105679
flux1:, 1.641125388030964, 0.001002064733652002, 0.00026007227653621035
flux1:, 1.642107744901568, 0.001628676793386017, 0.00029068832697447613
flux1:, 1.643090101772172, 0.0013828570994181492, 0.00055989683607953
flux1:, 1.6440724586427757, 0.0007222531699472641, 0.0003181369174959674
flux1:, 1.6450548155133797, 0.0011077158189910228, 0.0001377127049586257
flux1:, 1.6460371723839837, 0.0013135240257814258, 0.0003932572065624248
flux1:, 1.6470195292545877, 0.0006676558526353655, 0.0003608218159848959
flux1:, 1.6480018861251917, 0.0006672838536886222, 9.070272686392455e-05
flux1:, 1.6489842429957955, 0.0011057284847960718, 0.00021378370635163652
flux1:, 1.6499665998663995, 0.0007205041719506312, 0.00034267481081651306
flux1:, 1.6509489567370035, 0.0003962682956880827, 0.00011485134212730861
flux1:, 1.6519313136076075, 0.0008031101299082242, 7.792713374765134e-05
flux1:, 1.6529136704782115, 0.0007600145194999999, 0.0002626464743410572
flux1:, 1.6538960273488152, 0.00030424461158248985, 0.0001569341535939492
flux1:, 1.6548783842194192, 0.0004956925540898779, 1.1534299467995412e-05
flux1:, 1.6558607410900232, 0.0007143417931905801, 0.00015191878418553405
flux1:, 1.6568430979606272, 0.00033376719547026156, 0.00017437727422353583
flux1:, 1.6578254548312312, 0.0002661972468410838, 6.058026882214363e-06
flux1:, 1.658807811701835, 0.000577972432917194, 5.001155495423351e-05
flux1:, 1.659790168572439, 0.00040007481880803737, 0.00015098540962253112
flux1:, 1.660772525443043, 0.00015333634803108668, 3.190056073507959e-05
flux1:, 1.661754882313647, 0.00039529484930538337, -1.5893883413932886e-05
flux1:, 1.662737239184251, 0.0004331218357317004, 9.584673959242307e-05
flux1:, 1.6637195960548548, 0.00014442178552678963, 5.737445701557311e-05
flux1:, 1.6647019529254587, 0.00022658877072285997, -3.966164622648397e-05
flux1:, 1.6656843097960627, 0.0004023156076113225, 3.119466869038541e-05
flux1:, 1.6666666666666667, 0.00019283231494035977, 6.272006130550488e-05
