flux1:, 1.1764705882352942, 0.00017435627355975752, 0.00012125762109924821
flux1:, 1.1774529451058982, 0.000135039054467707, 0.00013943475996855637
flux1:, 1.1784353019765021, -1.0108012038136552e-05, 0.0008451415792009449
flux1:, 1.179417658847106, 0.00016129030379774084, 0.00043092553117767755
flux1:, 1.18040001571771, 0.0002529670759801312, -4.6774299333328106e-05
flux1:, 1.181382372588314, 3.215821858744077e-05, 0.0007568267866171851
flux1:, 1.182364729458918, 0.00011194705152433576, 0.0008469980770402433
flux1:, 1.183347086329522, 0.00037113212944011806, -3.491613421816812e-05
flux1:, 1.1843294432001257, 0.00017360181052331113, 0.0004599986069632681
flux1:, 1.1853118000707297, 6.0826594841787294e-05, 0.0011884756894991575
flux1:, 1.1862941569413337, 0.00043439515288918256, 0.0002773853200821325
flux1:, 1.1872765138119377, 0.000420595036939817, 9.605488155094953e-05
flux1:, 1.1882588706825417, 8.930105044083416e-05, 0.0012489409899461006
flux1:, 1.1892412275531457, 0.0004028818422783854, 0.0008217455491168247
flux1:, 1.1902235844237494, 0.0007050745446756435, -9.161687785171932e-05
flux1:, 1.1912059412943534, 0.00028793756261747826, 0.0009605516242138601
flux1:, 1.1921882981649574, 0.00031327985645943215, 0.0013480278798532772
flux1:, 1.1931706550355614, 0.0009008917673269336, 6.514050733968517e-05
flux1:, 1.1941530119061654, 0.0006739727924753416, 0.0004858841012158069
flux1:, 1.1951353687767692, 0.0002956244480880346, 0.0016063753508386422
flux1:, 1.1961177256473732, 0.0009195584855713348, 0.0005202433265023008
flux1:, 1.1971000825179772, 0.0011464560886155146, 8.97770438535784e-05
flux1:, 1.1980824393885812, 0.0005009951562833827, 0.0015461426528017232
flux1:, 1.1990647962591852, 0.0008009423307309126, 0.0011048686548418042
flux1:, 1.200047153129789, 0.0015362136174924279, -6.162646362246572e-05
flux1:, 1.201029510000393, 0.001000073083597937, 0.0012913885731794393
flux1:, 1.202011866870997, 0.0007152655106891744, 0.0017401572343528897
flux1:, 1.202994223741601, 0.0016934477862830572, 9.977244620776254e-05
flux1:, 1.203976580612205, 0.001709738318135109, 0.0009525723646894341
flux1:, 1.2049589374828087, 0.0008865314543686151, 0.0024872774656312354
flux1:, 1.2059412943534127, 0.0015530580699238284, 0.0007771731002337345
flux1:, 1.2069236512240167, 0.00231318884111732, 0.0005621886600164494
flux1:, 1.2079060080946207, 0.0014087401119605835, 0.0032269546929094423
flux1:, 1.2088883649652247, 0.001205635013440112, 0.002373484842687086
flux1:, 1.2098707218358287, 0.002290971152729478, 0.0004193326785988613
flux1:, 1.2108530787064324, 0.001929458345684805, 0.003238120697476833
flux1:, 1.2118354355770364, 0.0009135202521067419, 0.004537520226176874
flux1:, 1.2128177924476404, 0.0015497672146546349, 0.0012837474519771489
flux1:, 1.2138001493182444, 0.0019068973862964704, 0.0021690656189838915
flux1:, 1.2147825061888484, 0.0008228919543553885, 0.0056475586548186615
flux1:, 1.2157648630594522, 0.0007666655946625897, 0.003176911837050207
flux1:, 1.2167472199300562, 0.001477301004221785, 0.0011561046396667354
flux1:, 1.2177295768006602, 0.0008344070826881343, 0.005060667695595761
flux1:, 1.2187119336712642, 0.0003527257625323518, 0.005131760634018869
flux1:, 1.2196942905418682, 0.0010663638395791715, 0.0012303631615359402
flux1:, 1.220676647412472, 0.0008886363648818666, 0.0035800529442220207
flux1:, 1.221659004283076, 0.0002279556278095849, 0.006391004535243184
flux1:, 1.22264136115368, 0.0008153976448589071, 0.0024921211601588843
flux1:, 1.223623718024284, 0.0010187397493606107, 0.0021620566194760324
flux1:, 1.224606074894888, 0.00028074106098552516, 0.006686463998627888
flux1:, 1.2255884317654917, 0.0006894094076175455, 0.004583179566618528
flux1:, 1.2265707886360957, 0.0012663513457719729, 0.0015232357552148463
flux1:, 1.2275531455066997, 0.0005180424490676565, 0.006083458999160793
flux1:, 1.2285355023773037, 0.0006490503323990902, 0.007001077666226202
flux1:, 1.2295178592479077, 0.0016496484329481206, 0.002188094830663267
flux1:, 1.2305002161185117, 0.0010533017099011541, 0.004937158661011095
flux1:, 1.2314825729891155, 0.0007433842263768068, 0.00921717915953095
flux1:, 1.2324649298597194, 0.002179285221662706, 0.004523139715363301
flux1:, 1.2334472867303234, 0.002098871449013969, 0.00394135450468756
flux1:, 1.2344296436009274, 0.0012089746248337865, 0.010782560957690987
flux1:, 1.2354120004715314, 0.0029288008205424236, 0.008735066638171186
flux1:, 1.2363943573421352, 0.004010418515696863, 0.00425601286496628
flux1:, 1.2373767142127392, 0.0026786165940412693, 0.011504642036290596
flux1:, 1.2383590710833432, 0.004246063252600208, 0.014822241667913837
flux1:, 1.2393414279539472, 0.007424244329896644, 0.007776233258423585
flux1:, 1.2403237848245512, 0.006657734730879678, 0.011823342694362528
flux1:, 1.241306141695155, 0.007354258811503435, 0.02212977276357336
flux1:, 1.242288498565759, 0.013370082356806978, 0.017154776423305353
flux1:, 1.243270855436363, 0.01589620971445984, 0.013584776560033795
flux1:, 1.244253212306967, 0.015105379828912953, 0.026876760147049563
flux1:, 1.245235569177571, 0.02136398044754339, 0.030677578738927153
flux1:, 1.2462179260481747, 0.028507851108685606, 0.018773548509437268
flux1:, 1.2472002829187787, 0.025824697339144692, 0.020215067609718595
flux1:, 1.2481826397893827, 0.02341678723471666, 0.02937147047001968
flux1:, 1.2491649966599867, 0.02796698722265251, 0.020428909503551362
flux1:, 1.2501473535305907, 0.026479059370339335, 0.009255423038222884
flux1:, 1.2511297104011945, 0.01855776833016363, 0.014204205354731379
flux1:, 1.2521120672717985, 0.018185152894098718, 0.015285566938299773
flux1:, 1.2530944241424025, 0.020444118254361227, 0.005684701601108654
flux1:, 1.2540767810130065, 0.01496820704062057, 0.004960054043930772
flux1:, 1.2550591378836105, 0.011529392905018839, 0.00967015224892635
flux1:, 1.2560414947542144, 0.014828979424190564, 0.005431618307659815
flux1:, 1.2570238516248182, 0.01326596051142903, 0.002002756174957219
flux1:, 1.2580062084954222, 0.008638810601549838, 0.005798153489467276
flux1:, 1.2589885653660262, 0.010729922188331253, 0.005435794932489284
flux1:, 1.2599709222366302, 0.01222126996128453, 0.001899572260270413
flux1:, 1.2609532791072342, 0.008009708886591565, 0.00371479917421838
flux1:, 1.261935635977838, 0.008011676066312758, 0.005146811893925161
flux1:, 1.262917992848442, 0.011177716545880066, 0.002716758526589423
flux1:, 1.263900349719046, 0.008551588541255022, 0.0030518006107444462
flux1:, 1.26488270658965, 0.0065621356753111995, 0.004805169597230523
flux1:, 1.265865063460254, 0.009964935037978906, 0.003600647966757791
flux1:, 1.266847420330858, 0.009526786823137907, 0.0033338831508446668
flux1:, 1.2678297772014617, 0.006298478883428082, 0.004759093246925937
flux1:, 1.2688121340720657, 0.008709377154149251, 0.004315833983080568
flux1:, 1.2697944909426697, 0.010425461476301507, 0.004086021281074094
flux1:, 1.2707768478132737, 0.007067543652504232, 0.005215890529054279
flux1:, 1.2717592046838777, 0.007702407938481546, 0.004983207051135419
flux1:, 1.2727415615544815, 0.010944488464171148, 0.004944540632547092
flux1:, 1.2737239184250855, 0.008598667515138377, 0.006165972397420736
flux1:, 1.2747062752956895, 0.007282927943155897, 0.005879327951580599
flux1:, 1.2756886321662935, 0.011004799799318399, 0.005752154769897608
flux1:, 1.2766709890368975, 0.010522216829801624, 0.007416688154741096
flux1:, 1.2776533459075012, 0.007725281868460881, 0.007258745058219054
flux1:, 1.2786357027781052, 0.010753823088864677, 0.006594650555867387
flux1:, 1.2796180596487092, 0.012441371885943183, 0.008704172953161213
flux1:, 1.2806004165193132, 0.00914781037359148, 0.009218512282670462
flux1:, 1.2815827733899172, 0.010525756095919617, 0.007755443565815616
flux1:, 1.282565130260521, 0.014033701645798693, 0.009841136558261078
flux1:, 1.283547487131125, 0.011464856085781773, 0.01163904464072467
flux1:, 1.284529844001729, 0.010754655143680158, 0.009593829012180128
flux1:, 1.285512200872333, 0.015150496168865518, 0.010846265248240452
flux1:, 1.286494557742937, 0.0143992832674974, 0.014223169800699334
flux1:, 1.2874769146135407, 0.0118554370268422, 0.012383435477781706
flux1:, 1.2884592714841447, 0.01588045308587888, 0.012002241712922572
flux1:, 1.2894416283547487, 0.017557912733798142, 0.016626537649924184
flux1:, 1.2904239852253527, 0.014102801556949679, 0.01616857771733826
flux1:, 1.2914063420959567, 0.01655224435479076, 0.01380891159958292
flux1:, 1.2923886989665605, 0.020553703340975525, 0.01863896885062102
flux1:, 1.2933710558371645, 0.017544023073660747, 0.0206992305040741
flux1:, 1.2943534127077685, 0.017667024275662645, 0.016833090271575105
flux1:, 1.2953357695783725, 0.023142101848343886, 0.020350775010484424
flux1:, 1.2963181264489765, 0.021976169453813515, 0.02548588018464414
flux1:, 1.2973004833195805, 0.019773315038098656, 0.021497224101844473
flux1:, 1.2982828401901843, 0.025330785188719677, 0.02223220279224785
flux1:, 1.2992651970607882, 0.027002220278144824, 0.029976389030209202
flux1:, 1.3002475539313922, 0.02331655056777458, 0.02788146654108296
flux1:, 1.3012299108019962, 0.027425501116400536, 0.0250743944411866
flux1:, 1.3022122676726002, 0.03215764041803805, 0.03380924318573416
flux1:, 1.303194624543204, 0.02850751900345047, 0.03562413921805005
flux1:, 1.304176981413808, 0.02999041173560863, 0.029784750534094993
flux1:, 1.305159338284412, 0.037075952776411354, 0.037057111286925536
flux1:, 1.306141695155016, 0.03525368852130641, 0.04398443452306858
flux1:, 1.30712405202562, 0.033726199791850035, 0.037086379012428165
flux1:, 1.308106408896224, 0.04164568682081734, 0.04035973714713275
flux1:, 1.3090887657668278, 0.043182219737113996, 0.05208084746076761
flux1:, 1.3100711226374318, 0.03929566742820388, 0.047221334207505385
flux1:, 1.3110534795080357, 0.0461085748815521, 0.04486673052189963
flux1:, 1.3120358363786397, 0.051757925118112176, 0.059250933012188985
flux1:, 1.3130181932492437, 0.04714750491725552, 0.059778389314878375
flux1:, 1.3140005501198475, 0.0510624111488268, 0.051969358784313
flux1:, 1.3149829069904515, 0.06046875458667839, 0.06541704108048706
flux1:, 1.3159652638610555, 0.05739539839643686, 0.07374395114414123
flux1:, 1.3169476207316595, 0.0573599008062987, 0.06288124182336095
flux1:, 1.3179299776022635, 0.06902614375351719, 0.07131406671178417
flux1:, 1.3189123344728673, 0.06979796488999554, 0.08780715517122079
flux1:, 1.3198946913434713, 0.06593043372055946, 0.07820345872251878
flux1:, 1.3208770482140753, 0.07751714718170569, 0.07845896246538339
flux1:, 1.3218594050846793, 0.08385550566589152, 0.10085422418426604
flux1:, 1.3228417619552832, 0.07758470044300647, 0.09764858664615579
flux1:, 1.323824118825887, 0.08645708347880703, 0.08882129451110077
flux1:, 1.324806475696491, 0.09899884552347496, 0.11249479773222117
flux1:, 1.325788832567095, 0.09288096252057745, 0.12007645180957086
flux1:, 1.326771189437699, 0.09672783708829127, 0.10427222645244454
flux1:, 1.327753546308303, 0.11480539704892154, 0.12341237895945678
flux1:, 1.3287359031789068, 0.11212840197053005, 0.14390732637305761
flux1:, 1.3297182600495108, 0.1094461234847041, 0.12601215385916967
flux1:, 1.3307006169201148, 0.13115264554923772, 0.135352598404929
flux1:, 1.3316829737907188, 0.1355754990427028, 0.1678466742891805
flux1:, 1.3326653306613228, 0.12588595431785854, 0.15426931772313188
flux1:, 1.3336476875319265, 0.14822448806966274, 0.15066855886782182
flux1:, 1.3346300444025305, 0.16378867828528296, 0.1917251251088266
flux1:, 1.3356124012731345, 0.14769489200476077, 0.18861418821321915
flux1:, 1.3365947581437385, 0.16633849764115177, 0.1715198359588317
flux1:, 1.3375771150143425, 0.19819441889861103, 0.2171843346536188
flux1:, 1.3385594718849465, 0.17788292583061124, 0.22932917568183542
flux1:, 1.3395418287555503, 0.1857056680033211, 0.19907673761892136
flux1:, 1.3405241856261543, 0.24179810537166974, 0.24799641928433255
flux1:, 1.3415065424967583, 0.22381467691321558, 0.2807944435401081
flux1:, 1.3424888993673623, 0.2066763669814811, 0.2335796163196192
flux1:, 1.3434712562379663, 0.30040620364393145, 0.2901089083182118
flux1:, 1.34445361310857, 0.30658753497104047, 0.3605817899377831
flux1:, 1.345435969979174, 0.23304797571992322, 0.27815334585002716
flux1:, 1.346418326849778, 0.38625790051837144, 0.3526778569612932
flux1:, 1.347400683720382, 0.49867916425043035, 0.5340562999679251
flux1:, 1.348383040590986, 0.29521800500904904, 0.36381544586792547
flux1:, 1.34936539746159, 0.5366230978524825, 0.45884315040364315
flux1:, 1.3503477543321938, 1.1658068599873854, 1.1391085439973945
flux1:, 1.3513301112027978, 0.6948986278426723, 0.8023834352646022
flux1:, 1.3523124680734018, 1.0140031951289659, 0.794503026054653
flux1:, 1.3532948249440058, 7.721462294632468, 7.334416231006249
flux1:, 1.3542771818146098, 19.675836721263654, 20.11201854440812
flux1:, 1.3552595386852135, 25.33365881760846, 26.51274414003983
flux1:, 1.3562418955558175, 17.814881417243377, 18.515236561419037
flux1:, 1.3572242524264215, 5.83114923319231, 5.915169283307666
flux1:, 1.3582066092970255, 0.7947958476634543, 1.1011388582260273
flux1:, 1.3591889661676295, 1.778492956010247, 2.226020882114992
flux1:, 1.3601713230382333, 1.9830894913197836, 2.1142987888954305
flux1:, 1.3611536799088373, 0.784625759938806, 0.9669624767292877
flux1:, 1.3621360367794413, 0.8278566268776167, 1.2345675342732483
flux1:, 1.3631183936500453, 1.3240666296856962, 1.5243365064340233
flux1:, 1.3641007505206493, 0.8973104533539578, 1.0308154416330966
flux1:, 1.365083107391253, 0.6615817015254197, 1.061611998115872
flux1:, 1.366065464261857, 1.062155943938675, 1.3606719635038769
flux1:, 1.367047821132461, 1.011018658652245, 1.127896633043723
flux1:, 1.368030178003065, 0.6969575072024395, 1.0873885515480803
flux1:, 1.369012534873669, 0.9240591255582502, 1.3576541951754202
flux1:, 1.3699948917442728, 1.100302957428861, 1.244709403713529
flux1:, 1.3709772486148768, 0.8266306391596014, 1.1896416692212561
flux1:, 1.3719596054854808, 0.8569866903551705, 1.46744652990199
flux1:, 1.3729419623560848, 1.1498935567099737, 1.4039692968932755
flux1:, 1.3739243192266888, 1.0082826467012052, 1.3253559260689067
flux1:, 1.3749066760972926, 0.8589480879589108, 1.698387861512138
flux1:, 1.3758890329678966, 1.1509354108858099, 1.6801038033201288
flux1:, 1.3768713898385005, 1.2031576261869026, 1.4817624605374409
flux1:, 1.3778537467091045, 0.9607101357972859, 2.137755241599977
flux1:, 1.3788361035797085, 1.1397568249478933, 2.3757236257459726
flux1:, 1.3798184604503125, 1.338411001051863, 1.71335395453324
flux1:, 1.3808008173209163, 1.4999130796099134, 3.5931808317767677
flux1:, 1.3817831741915203, 3.6146034558949807, 8.464366958622483
flux1:, 1.3827655310621243, 7.7361626308490585, 10.307257750899653
flux1:, 1.3837478879327283, 9.565695973029475, 6.528920551637086
flux1:, 1.3847302448033323, 6.669921731434779, 2.4510963344722425
flux1:, 1.3857126016739363, 2.8698627043127636, 1.6690779422131923
flux1:, 1.38669495854454, 2.1007935659944166, 1.8560165835661016
flux1:, 1.387677315415144, 2.8993969463492153, 1.5544360275735858
flux1:, 1.388659672285748, 2.694111663362031, 1.812899691249269
flux1:, 1.389642029156352, 2.2029182701692753, 2.1966142006499974
flux1:, 1.390624386026956, 2.528246950664521, 1.9609916663154867
flux1:, 1.3916067428975598, 2.7827083829057155, 2.026382725886697
flux1:, 1.3925890997681638, 2.529181781088204, 2.48499931449099
flux1:, 1.3935714566387678, 2.584439392123622, 2.422241882075908
flux1:, 1.3945538135093718, 2.921846708102282, 2.3179362489791933
flux1:, 1.3955361703799758, 2.899480389846894, 2.7356597776325486
flux1:, 1.3965185272505796, 2.829255080762827, 2.8804808513656894
flux1:, 1.3975008841211836, 3.1017714913434897, 2.6999889133612642
flux1:, 1.3984832409917876, 3.2634238300153444, 2.983248510602935
flux1:, 1.3994655978623916, 3.1890626524451147, 3.3055982947133713
flux1:, 1.4004479547329955, 3.339173656218317, 3.1621209490273703
flux1:, 1.4014303116035993, 3.600423695890138, 3.2641162258353744
flux1:, 1.4024126684742033, 3.6089653330071934, 3.676505595419434
flux1:, 1.4033950253448073, 3.646685058794915, 3.6678202909997486
flux1:, 1.4043773822154113, 3.909171872801219, 3.606293277952861
flux1:, 1.4053597390860153, 4.034374090915863, 3.9885690898553974
flux1:, 1.406342095956619, 4.017380195472706, 4.160211901693776
flux1:, 1.407324452827223, 4.201263166266966, 4.014882994764884
flux1:, 1.408306809697827, 4.416470019910845, 4.25611397085669
flux1:, 1.409289166568431, 4.418057575398518, 4.577489601137484
flux1:, 1.410271523439035, 4.490066109478373, 4.460694595807136
flux1:, 1.4112538803096388, 4.723143210080093, 4.504629596994932
flux1:, 1.4122362371802428, 4.794438819057285, 4.874246252769723
flux1:, 1.4132185940508468, 4.777021819947476, 4.881473214155449
flux1:, 1.4142009509214508, 4.945928482557718, 4.753827635212475
flux1:, 1.4151833077920548, 5.088737141817463, 5.039316294302349
flux1:, 1.4161656646626586, 5.042767840919589, 5.201034130347272
flux1:, 1.4171480215332626, 5.096912462622089, 4.999925143933138
flux1:, 1.4181303784038666, 5.2628443947685355, 5.0990635128588835
flux1:, 1.4191127352744706, 5.250681239387223, 5.361196535083439
flux1:, 1.4200950921450746, 5.195982864788249, 5.209592645700491
flux1:, 1.4210774490156786, 5.314523399260692, 5.101520421383812
flux1:, 1.4220598058862823, 5.363772437924005, 5.35023719647056
flux1:, 1.4230421627568863, 5.256211953263197, 5.333178973630544
flux1:, 1.4240245196274903, 5.27616834347456, 5.089388826818157
flux1:, 1.4250068764980943, 5.3659767188632586, 5.209980424655848
flux1:, 1.4259892333686983, 5.2774676289383935, 5.331963517238807
flux1:, 1.4269715902393023, 5.196649079192502, 5.078815964693525
flux1:, 1.427953947109906, 5.2743310825557295, 5.016047353394403
flux1:, 1.42893630398051, 5.252441076300404, 5.203230500972186
flux1:, 1.429918660851114, 5.11810580345291, 5.057261467352046
flux1:, 1.430901017721718, 5.134219474062968, 4.843224440737573
flux1:, 1.431883374592322, 5.179921439767192, 4.98773557835988
flux1:, 1.4328657314629258, 5.061672305000379, 5.000266076385533
flux1:, 1.4338480883335298, 5.001079734579243, 4.736112701729561
flux1:, 1.4348304452041338, 5.075364747418339, 4.755662139052326
flux1:, 1.4358128020747378, 5.028296408933744, 4.894962483839269
flux1:, 1.4367951589453418, 4.91952134118005, 4.699309608502275
flux1:, 1.4377775158159456, 4.971594372034263, 4.579606811848144
flux1:, 1.4387598726865496, 5.010703167345569, 4.755883757149715
flux1:, 1.4397422295571536, 4.910362381186853, 4.708455501731481
flux1:, 1.4407245864277576, 4.909266300070988, 4.508469725634162
flux1:, 1.4417069432983616, 5.007229707392811, 4.624948460427874
flux1:, 1.4426893001689653, 4.970151707237444, 4.733039720821877
flux1:, 1.4436716570395693, 4.9224054271559075, 4.55357655080453
flux1:, 1.4446540139101733, 5.029240342063291, 4.5565109983512055
flux1:, 1.4456363707807773, 5.081063345121384, 4.7581993914754825
flux1:, 1.4466187276513813, 5.026276641939982, 4.691537570089781
flux1:, 1.447601084521985, 5.098621354718067, 4.5952444158841805
flux1:, 1.448583441392589, 5.22476931427446, 4.795164310342781
flux1:, 1.449565798263193, 5.213185058644858, 4.880960106168034
flux1:, 1.450548155133797, 5.237342856055894, 4.757354681756481
flux1:, 1.451530512004401, 5.393013884492363, 4.876102670056554
flux1:, 1.4525128688750049, 5.457836924597182, 5.084579830060522
flux1:, 1.4534952257456089, 5.454999788404577, 5.023920625510696
flux1:, 1.4544775826162128, 5.589905701423515, 5.03647413560234
flux1:, 1.4554599394868168, 5.729357963296853, 5.286292291264135
flux1:, 1.4564422963574208, 5.741211393384274, 5.349667779833665
flux1:, 1.4574246532280246, 5.825409432791368, 5.294047385002691
flux1:, 1.4584070100986286, 6.003862762774233, 5.495000689057871
flux1:, 1.4593893669692326, 6.067289658209664, 5.683088966471128
flux1:, 1.4603717238398366, 6.10428161307488, 5.63575653670224
flux1:, 1.4613540807104406, 6.2712776356837265, 5.733763390008332
flux1:, 1.4623364375810444, 6.396627377744662, 5.98785041287412
flux1:, 1.4633187944516486, 6.417295644749475, 6.019849474924922
flux1:, 1.4643011513222524, 6.5333877293767495, 6.02064411322478
flux1:, 1.4652835081928564, 6.698344670512586, 6.254473938844553
flux1:, 1.4662658650634603, 6.740266199002257, 6.392522072297634
flux1:, 1.4672482219340643, 6.795183485647278, 6.352426683930657
flux1:, 1.4682305788046683, 6.956897422609509, 6.496649971436179
flux1:, 1.4692129356752721, 7.041618653806548, 6.709978779921306
flux1:, 1.470195292545876, 7.055374014100294, 6.700596002914451
flux1:, 1.47117764941648, 7.172932180235254, 6.735357670812597
flux1:, 1.472160006287084, 7.2940322236800075, 6.953897160493426
flux1:, 1.473142363157688, 7.301904370905999, 7.021494649019345
flux1:, 1.4741247200282919, 7.355976334568323, 6.98064798576967
flux1:, 1.4751070768988959, 7.4834632273505965, 7.132564860457599
flux1:, 1.4760894337694999, 7.514642779282699, 7.274240658811
flux1:, 1.4770717906401039, 7.51398890714011, 7.221328432116937
flux1:, 1.4780541475107078, 7.610870761094357, 7.26843246069109
flux1:, 1.4790365043813116, 7.67282885874215, 7.436106037512327
flux1:, 1.4800188612519156, 7.645689376461628, 7.427233782883625
flux1:, 1.4810012181225196, 7.686451597877638, 7.37993593546471
flux1:, 1.4819835749931236, 7.762383337644316, 7.507431704906763
flux1:, 1.4829659318637276, 7.738988310695356, 7.56142969349549
flux1:, 1.4839482887343314, 7.7200865466098705, 7.467404931746951
flux1:, 1.4849306456049354, 7.778902362624909, 7.504481489898659
flux1:, 1.4859130024755394, 7.774990720241457, 7.594951264124041
flux1:, 1.4868953593461434, 7.7129774790114265, 7.50967727463036
flux1:, 1.4878777162167474, 7.725059029431599, 7.444959025024123
flux1:, 1.4888600730873511, 7.734353066642615, 7.516435368362993
flux1:, 1.4898424299579551, 7.654092249819335, 7.472304354086988
flux1:, 1.4908247868285591, 7.604279021228024, 7.33429527247065
flux1:, 1.4918071436991631, 7.602443431771654, 7.332468098144663
flux1:, 1.4927895005697671, 7.522445072771457, 7.322831201975095
flux1:, 1.4937718574403709, 7.4144518893624936, 7.160228758885143
flux1:, 1.4947542143109749, 7.371491294273047, 7.059530015179395
flux1:, 1.4957365711815789, 7.29405661181087, 7.04543451240194
flux1:, 1.4967189280521829, 7.14554601535506, 6.898942806899217
flux1:, 1.4977012849227869, 7.040324111038125, 6.712871280880757
flux1:, 1.4986836417933906, 6.951334035935723, 6.647426934528257
flux1:, 1.4996659986639946, 6.783401191889004, 6.529522227644369
flux1:, 1.5006483555345986, 6.613577948414748, 6.29941967856299
flux1:, 1.5016307124052026, 6.491836860063255, 6.1546746117205515
flux1:, 1.5026130692758066, 6.318859949655501, 6.048216653732106
flux1:, 1.5035954261464104, 6.101610777648274, 5.819294164895672
flux1:, 1.5045777830170146, 5.932464649644583, 5.600135290936041
flux1:, 1.5055601398876184, 5.75761021281632, 5.4743247175305845
flux1:, 1.5065424967582224, 5.520938664173787, 5.274418137014786
flux1:, 1.5075248536288264, 5.306114605557485, 5.013644577974058
flux1:, 1.5085072104994304, 5.12442128693436, 4.845436863099089
flux1:, 1.5094895673700344, 4.89437390272045, 4.677544511732602
flux1:, 1.5104719242406381, 4.65231143743725, 4.417956082864003
flux1:, 1.5114542811112421, 4.458512929843634, 4.205820431400079
flux1:, 1.5124366379818461, 4.249952799433852, 4.055085934323691
flux1:, 1.5134189948524501, 4.007298739468977, 3.8301823786657527
flux1:, 1.5144013517230541, 3.8026698590494896, 3.5940949811651057
flux1:, 1.515383708593658, 3.617936627171239, 3.441954101341246
flux1:, 1.516366065464262, 3.398251991492286, 3.264989583359915
flux1:, 1.5173484223348659, 3.192238510961492, 3.035432390465468
flux1:, 1.5183307792054699, 3.0262284064768834, 2.8718812615079004
flux1:, 1.5193131360760739, 2.8423575047973086, 2.7365451676591173
flux1:, 1.5202954929466777, 2.6489473347385006, 2.5404171985390422
flux1:, 1.5212778498172816, 2.495860203907729, 2.3687468068539035
flux1:, 1.5222602066878856, 2.348715618474271, 2.2581516531883654
flux1:, 1.5232425635584896, 2.1806743899647896, 2.109039852121112
flux1:, 1.5242249204290936, 2.038370443828162, 1.9426861410845513
flux1:, 1.5252072772996974, 1.9207705415331906, 1.8402480348403358
flux1:, 1.5261896341703014, 1.7851709992494051, 1.7363503992568063
flux1:, 1.5271719910409054, 1.655805607753334, 1.591406540624225
flux1:, 1.5281543479115094, 1.558076300137725, 1.4882596640448078
flux1:, 1.5291367047821134, 1.4548774585591486, 1.4168232323968868
flux1:, 1.5301190616527172, 1.3428214685089137, 1.3047132935023518
flux1:, 1.5311014185233212, 1.2572868272144866, 1.2015343962248672
flux1:, 1.5320837753939252, 1.1807935021401688, 1.1462636334460035
flux1:, 1.5330661322645291, 1.0897461129612267, 1.0696849791051672
flux1:, 1.5340484891351331, 1.0127512249850634, 0.9738300105525161
flux1:, 1.535030846005737, 0.95465125096246, 0.9216330289977436
flux1:, 1.536013202876341, 0.8855392597946528, 0.8746576648050777
flux1:, 1.536995559746945, 0.8171016349299806, 0.7950963635998867
flux1:, 1.537977916617549, 0.7695752760021645, 0.7398636844488173
flux1:, 1.538960273488153, 0.7199829859324958, 0.7112528933592406
flux1:, 1.5399426303587567, 0.662016948385587, 0.6538946451497034
flux1:, 1.5409249872293607, 0.6198239823254308, 0.596708428418413
flux1:, 1.5419073440999647, 0.5848626925949476, 0.574551257308428
flux1:, 1.5428897009705687, 0.539128334306223, 0.539714346361022
flux1:, 1.5438720578411727, 0.5002294320854987, 0.4862805349550009
flux1:, 1.5448544147117764, 0.47421608522795855, 0.46201602018186866
flux1:, 1.5458367715823806, 0.44089297832097524, 0.44459047196978657
flux1:, 1.5468191284529844, 0.40577593790842137, 0.4014604147056191
flux1:, 1.5478014853235884, 0.38392419930981797, 0.37194812777069725
flux1:, 1.5487838421941924, 0.3612272370245645, 0.36370188547204224
flux1:, 1.5497661990647964, 0.33151444071727776, 0.3349424095495633
flux1:, 1.5507485559354004, 0.31100144661136897, 0.3021780346430242
flux1:, 1.5517309128060042, 0.29575319246665505, 0.294965823945936
flux1:, 1.5527132696766082, 0.2727866153652312, 0.2804581783358296
flux1:, 1.5536956265472122, 0.2529197772438476, 0.24944424390352735
flux1:, 1.5546779834178162, 0.24163873179046677, 0.23794417548886795
flux1:, 1.5556603402884202, 0.22558755517508758, 0.2336852216568242
flux1:, 1.556642697159024, 0.20719297459435249, 0.2095635614437592
flux1:, 1.557625054029628, 0.19714587495180563, 0.19255445888992895
flux1:, 1.558607410900232, 0.18685915910097486, 0.19251615417370438
flux1:, 1.559589767770836, 0.1712898817621629, 0.17817619198020368
flux1:, 1.56057212464144, 0.16108469277661058, 0.15807023696267075
flux1:, 1.5615544815120437, 0.15456788470235466, 0.1566390278351137
flux1:, 1.5625368383826477, 0.14279838947702497, 0.1516545355442024
flux1:, 1.5635191952532517, 0.13237099679770897, 0.13272018137335007
flux1:, 1.5645015521238557, 0.12753999258249388, 0.1266545609664737
flux1:, 1.5654839089944597, 0.11967784596077245, 0.12775865519284899
flux1:, 1.5664662658650634, 0.10980692767434656, 0.11392133014714798
flux1:, 1.5674486227356674, 0.10513879249311538, 0.10310898931830867
flux1:, 1.5684309796062714, 0.10043978895190112, 0.10578071940085418
flux1:, 1.5694133364768754, 0.09209059306113015, 0.09893231740399695
flux1:, 1.5703956933474794, 0.08692415879623046, 0.08580983523360182
flux1:, 1.5713780502180832, 0.08416910425997447, 0.08616457198650199
flux1:, 1.5723604070886872, 0.07796695473454968, 0.08557953828830155
flux1:, 1.5733427639592912, 0.07241623635047346, 0.0736341480609597
flux1:, 1.5743251208298952, 0.07039388820562903, 0.06980316814449398
flux1:, 1.5753074777004992, 0.06639713075363003, 0.07273239632982313
flux1:, 1.576289834571103, 0.06101469156785175, 0.06481826240124472
flux1:, 1.577272191441707, 0.05888233369973316, 0.05732281940032883
flux1:, 1.578254548312311, 0.05665209396453388, 0.06035222657498297
flux1:, 1.579236905182915, 0.052046027657997804, 0.05753101409667928
flux1:, 1.580219262053519, 0.04946010863103745, 0.04863201348046267
flux1:, 1.5812016189241227, 0.048301909688296694, 0.049136830397374404
flux1:, 1.5821839757947267, 0.04486532237095679, 0.0504466824533217
flux1:, 1.5831663326653307, 0.041906602269993425, 0.042874998320874866
flux1:, 1.5841486895359347, 0.04113187172105601, 0.03994657477936461
flux1:, 1.5851310464065387, 0.038941794069979004, 0.04306954016407133
flux1:, 1.5861134032771425, 0.035934007626765546, 0.038751990417040666
flux1:, 1.5870957601477467, 0.03504096458795097, 0.03327068263469602
flux1:, 1.5880781170183504, 0.033895059623535694, 0.0356923813068759
flux1:, 1.5890604738889544, 0.03121554282943277, 0.035019512978069614
flux1:, 1.5900428307595584, 0.029963103857648464, 0.028953245906585524
flux1:, 1.5910251876301624, 0.02948837243413695, 0.029041323352992383
flux1:, 1.5920075445007664, 0.027425643332586888, 0.030923167835344597
flux1:, 1.5929899013713702, 0.025820782119330043, 0.026266219506376007
flux1:, 1.5939722582419742, 0.025600577636667093, 0.02379783072628398
flux1:, 1.5949546151125782, 0.024274266296838844, 0.02636817907621967
flux1:, 1.5959369719831822, 0.022502374770654802, 0.024248655448275893
flux1:, 1.5969193288537862, 0.02219029612401244, 0.020230956958311182
flux1:, 1.59790168572439, 0.021533682451620118, 0.021778537534597936
flux1:, 1.598884042594994, 0.019856728843892654, 0.022111589581954177
flux1:, 1.599866399465598, 0.01925503007027344, 0.018093748054860744
flux1:, 1.600848756336202, 0.01905591713104035, 0.017756259530640403
flux1:, 1.601831113206806, 0.01770602410339774, 0.019502791711905186
flux1:, 1.6028134700774097, 0.016789816863476133, 0.016784863921870872
flux1:, 1.6037958269480137, 0.016773057837124777, 0.014735302383821093
flux1:, 1.6047781838186177, 0.015874447436656957, 0.016530627414188686
flux1:, 1.6057605406892217, 0.01475792171219927, 0.01564556535829326
flux1:, 1.6067428975598257, 0.014676519871438368, 0.012790572682782757
flux1:, 1.6077252544304295, 0.014219615906785535, 0.013584902836344578
flux1:, 1.6087076113010335, 0.013084499371547556, 0.014225110313563945
flux1:, 1.6096899681716375, 0.012784089113027667, 0.011653268985671887
flux1:, 1.6106723250422414, 0.012650966311772312, 0.011079984541003535
flux1:, 1.6116546819128454, 0.011671463075133625, 0.01240229700125359
flux1:, 1.6126370387834492, 0.011110966723529214, 0.010877349677905447
flux1:, 1.6136193956540532, 0.011129140898956032, 0.009250242828542058
flux1:, 1.6146017525246572, 0.010420473714039341, 0.01034304674521524
flux1:, 1.6155841093952612, 0.009655673283310065, 0.0100495602429296
flux1:, 1.6165664662658652, 0.009653063232176736, 0.00807342650701467
flux1:, 1.617548823136469, 0.009250942366873129, 0.008349485302544916
flux1:, 1.618531180007073, 0.008399745709797738, 0.008942842459142737
flux1:, 1.619513536877677, 0.008245574644999936, 0.007325592288353382
flux1:, 1.620495893748281, 0.008108699353179061, 0.0066891823965071024
flux1:, 1.621478250618885, 0.0073127877555727696, 0.007559418979896422
flux1:, 1.6224606074894887, 0.006942959587878614, 0.006714322412923879
flux1:, 1.6234429643600927, 0.0069690540445632825, 0.00548246723583942
flux1:, 1.6244253212306967, 0.006356353220482983, 0.00606856416513013
flux1:, 1.6254076781013007, 0.00578573299092086, 0.006013490597098171
flux1:, 1.6263900349719047, 0.005838525791984987, 0.004683620900956164
flux1:, 1.6273723918425085, 0.005487224613079721, 0.004689998133274413
flux1:, 1.6283547487131127, 0.004806002273876843, 0.005137910208840306
flux1:, 1.6293371055837165, 0.004753942659651099, 0.004140553749354986
flux1:, 1.6303194624543205, 0.00466482743779861, 0.003587808921397628
flux1:, 1.6313018193249245, 0.004012395805563615, 0.004138530754263712
flux1:, 1.6322841761955285, 0.0037732363254545046, 0.0036838073931620514
flux1:, 1.6332665330661325, 0.0038642284877275783, 0.002818521423003027
flux1:, 1.6342488899367362, 0.0033808597530907854, 0.00314250006632104
flux1:, 1.6352312468073402, 0.002955227325338642, 0.0031956869151353166
flux1:, 1.6362136036779442, 0.003088578165965845, 0.0023381357024188643
flux1:, 1.6371959605485482, 0.0028601107947823176, 0.0022815332258216644
flux1:, 1.6381783174191522, 0.002334509898299117, 0.0026367995094408654
flux1:, 1.639160674289756, 0.002371137352378084, 0.0020440405450299548
flux1:, 1.64014303116036, 0.0023921202302596566, 0.001641409540429104
flux1:, 1.641125388030964, 0.0019040496177700824, 0.0020359611813446257
flux1:, 1.642107744901568, 0.0017618766472603875, 0.001823033016195621
flux1:, 1.643090101772172, 0.001937471457707165, 0.001242205858403096
flux1:, 1.6440724586427757, 0.0016157972416269786, 0.0014614869415334924
flux1:, 1.6450548155133797, 0.0013035097232738531, 0.0015884438877019217
flux1:, 1.6460371723839837, 0.0014915018348116964, 0.0010432624458433367
flux1:, 1.6470195292545877, 0.0013999325906312368, 0.00098828770297822
flux1:, 1.6480018861251917, 0.0010089990718595938, 0.001301142696983498
flux1:, 1.6489842429957955, 0.0010824403326651268, 0.0009640671408389653
flux1:, 1.6499665998663995, 0.0011933083799817122, 0.0006684849820839997
flux1:, 1.6509489567370035, 0.0008522528516934921, 0.0009733974214709249
flux1:, 1.6519313136076075, 0.0007528717450809621, 0.0009143154108695384
flux1:, 1.6529136704782115, 0.0009632942545724447, 0.0005114069285223723
flux1:, 1.6538960273488152, 0.0007769116893106496, 0.0006552708182355445
flux1:, 1.6548783842194192, 0.0005344986328297787, 0.0008255904144901329
flux1:, 1.6558607410900232, 0.0007160423643326647, 0.0004796017508609164
flux1:, 1.6568430979606272, 0.0007190295465151617, 0.00040692884514659776
flux1:, 1.6578254548312312, 0.00042921000773729346, 0.0006737984067747915
flux1:, 1.658807811701835, 0.00048609077514008824, 0.0005044828627522277
flux1:, 1.659790168572439, 0.0006325584421104007, 0.00026742422306745485
flux1:, 1.660772525443043, 0.00040595247102466345, 0.00048187016926540553
flux1:, 1.661754882313647, 0.00031345098133500686, 0.0005162808339536549
flux1:, 1.662737239184251, 0.0005051113133718939, 0.00023507687503095484
flux1:, 1.6637195960548548, 0.000414498510475873, 0.0003004979016423949
flux1:, 1.6647019529254587, 0.00022050921699894366, 0.0004735744146359698
flux1:, 1.6656843097960627, 0.00035662747217541464, 0.0002700181992422973
flux1:, 1.6666666666666667, 0.0004080745101390029, 0.00017724467699486
