flux1:, 1.1764705882352942, 0.0006631749486585104, -2.7226552007595354e-05
flux1:, 1.1774529451058982, 0.00021984089478955079, 0.00015133903650185098
flux1:, 1.1784353019765021, 0.00018819757576627532, 0.0002772544408805395
flux1:, 1.179417658847106, 0.000757199056401387, 3.105533549146541e-05
flux1:, 1.18040001571771, 0.00047628474629193086, 6.36061921110671e-05
flux1:, 1.181382372588314, 4.520629198811987e-05, 0.0003374269606596089
flux1:, 1.182364729458918, 0.0006834477365015904, 0.00016796260102288594
flux1:, 1.183347086329522, 0.0008382286514488422, -3.3153609332867593e-06
flux1:, 1.1843294432001257, 7.834342482072475e-05, 0.00030052385329013215
flux1:, 1.1853118000707297, 0.0004222922852507035, 0.00032966408062618733
flux1:, 1.1862941569413337, 0.0011355654952777783, 1.3156032546116354e-05
flux1:, 1.1872765138119377, 0.00039611041696192503, 0.0001830358975998365
flux1:, 1.1882588706825417, 0.00011072389620336913, 0.0004297135975751713
flux1:, 1.1892412275531457, 0.0011684357543288084, 0.00012458667422852727
flux1:, 1.1902235844237494, 0.0009350367488601944, 5.962540047593457e-05
flux1:, 1.1912059412943534, -9.107089542784194e-06, 0.0004166668033691289
flux1:, 1.1921882981649574, 0.0008788438797242084, 0.0002767143404639388
flux1:, 1.1931706550355614, 0.0014612120090909922, 3.743495229724337e-06
flux1:, 1.1941530119061654, 0.00023791933788338475, 0.00031224441591605397
flux1:, 1.1951353687767692, 0.0004204012883668967, 0.0003977390575552664
flux1:, 1.1961177256473732, 0.0017222929945888926, 3.626397230322304e-05
flux1:, 1.1971000825179772, 0.00084165219300952, 0.00018127982304460335
flux1:, 1.1980824393885812, 6.77371738900295e-05, 0.000451987654874972
flux1:, 1.1990647962591852, 0.001593992903019547, 0.0001315317535562273
flux1:, 1.200047153129789, 0.0016244787423172285, 7.993998202202096e-05
flux1:, 1.201029510000393, 8.321377557369425e-05, 0.00045121940360405945
flux1:, 1.202011866870997, 0.001130061107108545, 0.0002581993646780267
flux1:, 1.202994223741601, 0.0023249652508106357, 3.258097157712308e-05
flux1:, 1.203976580612205, 0.0006307641194602484, 0.0004326444994411861
flux1:, 1.2049589374828087, 0.0005515351152466347, 0.00041805700256154353
flux1:, 1.2059412943534127, 0.002675580280315759, 4.811900587822501e-05
flux1:, 1.2069236512240167, 0.0017242419819618693, 0.0004298988715173972
flux1:, 1.2079060080946207, 0.00022899493846967396, 0.0006676281997510395
flux1:, 1.2088883649652247, 0.0024724392422508764, 0.00017685646984923865
flux1:, 1.2098707218358287, 0.003141808306455604, 0.00045931503770563664
flux1:, 1.2108530787064324, 0.0006417190098542958, 0.0011032305165452505
flux1:, 1.2118354355770364, 0.0017059001937687098, 0.0006065758024687081
flux1:, 1.2128177924476404, 0.0042425884972517635, 0.0005640670408425835
flux1:, 1.2138001493182444, 0.00209071046525267, 0.001735011998141733
flux1:, 1.2147825061888484, 0.0008359625047818674, 0.0016518996383924436
flux1:, 1.2157648630594522, 0.00399815351605694, 0.0009584625522361381
flux1:, 1.2167472199300562, 0.003836634348907044, 0.0022402532924367413
flux1:, 1.2177295768006602, 0.0007344392583740332, 0.003159283516613113
flux1:, 1.2187119336712642, 0.0023137590661632605, 0.001953404982179177
flux1:, 1.2196942905418682, 0.0042478543451142286, 0.0022715390214401955
flux1:, 1.220676647412472, 0.0014237375346251697, 0.004099454927820846
flux1:, 1.221659004283076, 0.0007841614969991949, 0.003351391303534169
flux1:, 1.22264136115368, 0.0033641085325981654, 0.0022498776822026337
flux1:, 1.223623718024284, 0.0020730337707075596, 0.004055443019878178
flux1:, 1.224606074894888, 0.0002077808660714951, 0.004623001439963695
flux1:, 1.2255884317654917, 0.0024093270350347396, 0.0027748331324067258
flux1:, 1.2265707886360957, 0.0025148297836249025, 0.0036082569297517983
flux1:, 1.2275531455066997, 0.00021651631530218598, 0.005525556619061357
flux1:, 1.2285355023773037, 0.0018520173765301654, 0.0040338025722914525
flux1:, 1.2295178592479077, 0.003130486164242748, 0.0034389455708217606
flux1:, 1.2305002161185117, 0.000608376051300825, 0.006080532600737321
flux1:, 1.2314825729891155, 0.00155930528027722, 0.005998777365057439
flux1:, 1.2324649298597194, 0.004310735691971104, 0.004157640546633692
flux1:, 1.2334472867303234, 0.001835427970315826, 0.006499343294124831
flux1:, 1.2344296436009274, 0.0014411638352446162, 0.008588830071961222
flux1:, 1.2354120004715314, 0.0062545947622369555, 0.006476759208051018
flux1:, 1.2363943573421352, 0.00523020631445685, 0.007295998402526248
flux1:, 1.2373767142127392, 0.0022777893449950886, 0.011530383372216952
flux1:, 1.2383590710833432, 0.008698227965361915, 0.011033823389369703
flux1:, 1.2393414279539472, 0.01267432209722563, 0.009308107039643085
flux1:, 1.2403237848245512, 0.007141208642139635, 0.013274130655883454
flux1:, 1.241306141695155, 0.010135514710248279, 0.015590026961150241
flux1:, 1.242288498565759, 0.02038745522590883, 0.011638344450857822
flux1:, 1.243270855436363, 0.016790403039239024, 0.010285835754548382
flux1:, 1.244253212306967, 0.009436742392139296, 0.012474293408803922
flux1:, 1.245235569177571, 0.016371639237293806, 0.00990160942973216
flux1:, 1.2462179260481747, 0.019703466409336078, 0.005524852628165645
flux1:, 1.2472002829187787, 0.009599210616292583, 0.005910427877593645
flux1:, 1.2481826397893827, 0.008376583023415294, 0.006245013333199092
flux1:, 1.2491649966599867, 0.015623789980087736, 0.0034346387381289636
flux1:, 1.2501473535305907, 0.010799193677799775, 0.0027167247033900873
flux1:, 1.2511297104011945, 0.004578313813743114, 0.0038550878959300768
flux1:, 1.2521120672717985, 0.010588511680278806, 0.0027986068608737806
flux1:, 1.2530944241424025, 0.011594849899841265, 0.001868071158258561
flux1:, 1.2540767810130065, 0.004251427969748291, 0.0027769810582519636
flux1:, 1.2550591378836105, 0.006580331007452241, 0.0026250180541781687
flux1:, 1.2560414947542144, 0.011403382123581217, 0.0019136484669247504
flux1:, 1.2570238516248182, 0.005756086386670914, 0.0025526199013606136
flux1:, 1.2580062084954222, 0.0040986185418699335, 0.002720346702893422
flux1:, 1.2589885653660262, 0.010225214262030637, 0.002232070532801967
flux1:, 1.2599709222366302, 0.007900890243032263, 0.002812998998414788
flux1:, 1.2609532791072342, 0.003293691605469189, 0.003116918787657138
flux1:, 1.261935635977838, 0.008407707004500406, 0.0026643790509536477
flux1:, 1.262917992848442, 0.009829017395639756, 0.00329024977902326
flux1:, 1.263900349719046, 0.004084536793088712, 0.003832760188853317
flux1:, 1.26488270658965, 0.006517724461291099, 0.0032719301529841064
flux1:, 1.265865063460254, 0.010979843555134738, 0.0038289861376748914
flux1:, 1.266847420330858, 0.006134990631940544, 0.0048030438487343475
flux1:, 1.2678297772014617, 0.005200940415838345, 0.004191961441364815
flux1:, 1.2688121340720657, 0.01113311138916137, 0.0044105592438949725
flux1:, 1.2697944909426697, 0.00888363220563381, 0.0058950123347543595
flux1:, 1.2707768478132737, 0.005014155702562576, 0.0055310890586498076
flux1:, 1.2717592046838777, 0.010442686864358685, 0.005154588125294985
flux1:, 1.2727415615544815, 0.011657047026069234, 0.006972412884104762
flux1:, 1.2737239184250855, 0.0062649038527734435, 0.0072934340242602706
flux1:, 1.2747062752956895, 0.0094013229600209, 0.006277471846724672
flux1:, 1.2756886321662935, 0.013844648254650017, 0.007979461520940506
flux1:, 1.2766709890368975, 0.008906288518256847, 0.009359263449235931
flux1:, 1.2776533459075012, 0.008715026422906598, 0.008009506363880004
flux1:, 1.2786357027781052, 0.015086540731217022, 0.009008882327921856
flux1:, 1.2796180596487092, 0.012530195227362047, 0.01152554942282355
flux1:, 1.2806004165193132, 0.00910371484524679, 0.01049419158671662
flux1:, 1.2815827733899172, 0.015412552434176958, 0.0103200036333103
flux1:, 1.282565130260521, 0.016477348220490195, 0.013601190566548793
flux1:, 1.283547487131125, 0.011077998424783976, 0.013708251249972346
flux1:, 1.284529844001729, 0.015276536474809024, 0.012287046678073739
flux1:, 1.285512200872333, 0.020046294435890014, 0.015526460877617764
flux1:, 1.286494557742937, 0.01476192708927446, 0.017442233517000715
flux1:, 1.2874769146135407, 0.015456755783479046, 0.01528342703081925
flux1:, 1.2884592714841447, 0.022745414473660262, 0.01746915145195669
flux1:, 1.2894416283547487, 0.019829312922793794, 0.02136565949855372
flux1:, 1.2904239852253527, 0.016835779495287334, 0.019537341974699102
flux1:, 1.2914063420959567, 0.024506594199555115, 0.019848337256787064
flux1:, 1.2923886989665605, 0.02559325793294904, 0.02517005188326399
flux1:, 1.2933710558371645, 0.020119432446266308, 0.025015585470170538
flux1:, 1.2943534127077685, 0.025778539454180096, 0.023255879335109718
flux1:, 1.2953357695783725, 0.031239927286213665, 0.028747474059827288
flux1:, 1.2963181264489765, 0.025587404252120978, 0.03139512891292405
flux1:, 1.2973004833195805, 0.02744769250684532, 0.028282844121782016
flux1:, 1.2982828401901843, 0.036142620763768285, 0.0323354699903024
flux1:, 1.2992651970607882, 0.032972621903508824, 0.038159231265357293
flux1:, 1.3002475539313922, 0.030590437594987988, 0.03530165319986964
flux1:, 1.3012299108019962, 0.040150766231022025, 0.03655575440422216
flux1:, 1.3022122676726002, 0.041534417036632965, 0.0448100713308141
flux1:, 1.303194624543204, 0.03612573035620551, 0.04428758010951397
flux1:, 1.304176981413808, 0.043740391897800594, 0.04230117167133965
flux1:, 1.305159338284412, 0.05032659576540385, 0.05113694038154591
flux1:, 1.306141695155016, 0.04448703778090066, 0.0547681462305581
flux1:, 1.30712405202562, 0.047946849095329626, 0.05047949116397813
flux1:, 1.308106408896224, 0.058585479777388164, 0.05743884890978411
flux1:, 1.3090887657668278, 0.05544612659206934, 0.06595657701448217
flux1:, 1.3100711226374318, 0.054074267444162716, 0.061686725652847246
flux1:, 1.3110534795080357, 0.06610206391014618, 0.06459377760898978
flux1:, 1.3120358363786397, 0.0681822262851286, 0.0770607159053655
flux1:, 1.3130181932492437, 0.0632651542525022, 0.07593195934963452
flux1:, 1.3140005501198475, 0.0734256827259789, 0.07390513190342293
flux1:, 1.3149829069904515, 0.08160631649554387, 0.08768118150732476
flux1:, 1.3159652638610555, 0.07608587426856724, 0.09254443900657067
flux1:, 1.3169476207316595, 0.08178978455315762, 0.08673345424030138
flux1:, 1.3179299776022635, 0.09484595855866776, 0.09815290623227475
flux1:, 1.3189123344728673, 0.09230500819471768, 0.110349156124575
flux1:, 1.3198946913434713, 0.09274810236255122, 0.10401454948414457
flux1:, 1.3208770482140753, 0.10771107870977399, 0.10967188968473127
flux1:, 1.3218594050846793, 0.11099234242945198, 0.12810537509491635
flux1:, 1.3228417619552832, 0.10763203611490714, 0.12583791899652685
flux1:, 1.323824118825887, 0.12093542175209243, 0.12410020701802454
flux1:, 1.324806475696491, 0.13095272359736648, 0.14509167914521218
flux1:, 1.325788832567095, 0.12704152255153014, 0.15127704027079827
flux1:, 1.326771189437699, 0.13604550309030233, 0.14344968867681088
flux1:, 1.327753546308303, 0.15136503525616338, 0.1616327538175784
flux1:, 1.3287359031789068, 0.15061542847333456, 0.17860678377107128
flux1:, 1.3297182600495108, 0.15484306631126252, 0.16917623565393336
flux1:, 1.3307006169201148, 0.1723754822607648, 0.17933757564154837
flux1:, 1.3316829737907188, 0.17726654762749103, 0.205921451389776
flux1:, 1.3326653306613228, 0.17866142209366928, 0.2015254515479608
flux1:, 1.3336476875319265, 0.19535013730455664, 0.20087837296622982
flux1:, 1.3346300444025305, 0.20591743169507573, 0.232017738965538
flux1:, 1.3356124012731345, 0.20771371499842747, 0.23921258801640438
flux1:, 1.3365947581437385, 0.22255670754137946, 0.22927330242621452
flux1:, 1.3375771150143425, 0.23658084418407577, 0.25728145516785694
flux1:, 1.3385594718849465, 0.2409413361697493, 0.279676376372546
flux1:, 1.3395418287555503, 0.2562162153137905, 0.2668082822622094
flux1:, 1.3405241856261543, 0.27146530520967344, 0.2842770971651844
flux1:, 1.3415065424967583, 0.27678650234859836, 0.320049050934002
flux1:, 1.3424888993673623, 0.2971008921374441, 0.31388175896343046
flux1:, 1.3434712562379663, 0.31573449117913654, 0.3178132285459769
flux1:, 1.34445361310857, 0.3153623739403287, 0.3589486212845824
flux1:, 1.345435969979174, 0.3431099032927212, 0.36814916354694177
flux1:, 1.346418326849778, 0.3777001647812763, 0.36447299336984385
flux1:, 1.347400683720382, 0.36302741335392436, 0.3995916860290848
flux1:, 1.348383040590986, 0.3886014919963556, 0.4244663405794503
flux1:, 1.34936539746159, 0.4687677510309643, 0.43202616725470216
flux1:, 1.3503477543321938, 0.44336269867174405, 0.45708176197470146
flux1:, 1.3513301112027978, 0.42660528573090695, 0.477127578106034
flux1:, 1.3523124680734018, 0.6053091925663514, 0.530369689988173
flux1:, 1.3532948249440058, 0.6360108580372684, 0.5868000505308801
flux1:, 1.3542771818146098, 0.46672667644703447, 0.5354534888049218
flux1:, 1.3552595386852135, 0.8253172116349585, 0.6831336501243579
flux1:, 1.3562418955558175, 1.3184148922002596, 1.0807033932207082
flux1:, 1.3572242524264215, 0.7337826452899504, 0.80737881926035
flux1:, 1.3582066092970255, 1.3798750998320948, 1.0754004335608247
flux1:, 1.3591889661676295, 7.943322657657835, 6.755603291314045
flux1:, 1.3601713230382333, 18.34810504426547, 18.092730361025307
flux1:, 1.3611536799088373, 22.58057189662356, 24.709616928439893
flux1:, 1.3621360367794413, 15.809793881978784, 18.26323037954142
flux1:, 1.3631183936500453, 5.650027125634283, 6.300403962099854
flux1:, 1.3641007505206493, 1.13283393849581, 1.2979324672096109
flux1:, 1.365083107391253, 1.690037326030943, 2.696322572947491
flux1:, 1.366065464261857, 2.0832963436835703, 2.7734220007181047
flux1:, 1.367047821132461, 1.231076174829389, 1.309949872473493
flux1:, 1.368030178003065, 0.9965641831800195, 1.6898046105275533
flux1:, 1.369012534873669, 1.4055505354615165, 2.279593104972001
flux1:, 1.3699948917442728, 1.3441922902937755, 1.498196833176433
flux1:, 1.3709772486148768, 1.0173965294221665, 1.515307439966114
flux1:, 1.3719596054854808, 1.129255968544363, 2.275262015194215
flux1:, 1.3729419623560848, 1.3741561747791926, 1.7959425646995157
flux1:, 1.3739243192266888, 1.226606956499986, 1.5560602805415247
flux1:, 1.3749066760972926, 1.0572484643717777, 2.650494658989339
flux1:, 1.3758890329678966, 1.2810641107662664, 2.454579413682493
flux1:, 1.3768713898385005, 1.5018758175796505, 1.7246748529756897
flux1:, 1.3778537467091045, 1.9375592708394633, 5.003770677366509
flux1:, 1.3788361035797085, 3.988970214425228, 10.212104831613997
flux1:, 1.3798184604503125, 7.155259411626457, 10.14991366157828
flux1:, 1.3808008173209163, 7.974733404145395, 5.122119813221996
flux1:, 1.3817831741915203, 5.144780465914705, 1.7978403599255381
flux1:, 1.3827655310621243, 2.2713242908371574, 1.7814696558923493
flux1:, 1.3837478879327283, 2.1867738583997713, 1.9453032726985857
flux1:, 1.3847302448033323, 2.94934338139027, 1.6946458551472074
flux1:, 1.3857126016739363, 2.515836957397524, 1.9970486934711933
flux1:, 1.38669495854454, 2.116484507837388, 2.1964722698301986
flux1:, 1.387677315415144, 2.5942085640997172, 2.020711594552021
flux1:, 1.388659672285748, 2.73205226716903, 2.207452082940396
flux1:, 1.389642029156352, 2.3820326257981472, 2.476758516808968
flux1:, 1.390624386026956, 2.5587027565297737, 2.3723804592764997
flux1:, 1.3916067428975598, 2.905291130137845, 2.443554726488876
flux1:, 1.3925890997681638, 2.736725427844746, 2.743823894186093
flux1:, 1.3935714566387678, 2.6946058502632106, 2.7386692286327414
flux1:, 1.3945538135093718, 3.0532511082980505, 2.720587907503378
flux1:, 1.3955361703799758, 3.1005395314173385, 3.000299641494925
flux1:, 1.3965185272505796, 2.957439229644749, 3.1076039496350343
flux1:, 1.3975008841211836, 3.2076428283309792, 3.044689372471675
flux1:, 1.3984832409917876, 3.4303158101207574, 3.2559934761023666
flux1:, 1.3994655978623916, 3.307649315925358, 3.462310282528532
flux1:, 1.4004479547329955, 3.4019799629582868, 3.4101156314601466
flux1:, 1.4014303116035993, 3.7081683086289985, 3.5241827947265696
flux1:, 1.4024126684742033, 3.696440238712535, 3.7875659896886935
flux1:, 1.4033950253448073, 3.658313218510484, 3.7978565171521543
flux1:, 1.4043773822154113, 3.9398247250746663, 3.8164150516251567
flux1:, 1.4053597390860153, 4.071613574509945, 4.07582682697084
flux1:, 1.406342095956619, 3.976358848550672, 4.178445574904741
flux1:, 1.407324452827223, 4.148481980448973, 4.135666174626694
flux1:, 1.408306809697827, 4.390564528902735, 4.329997581411758
flux1:, 1.409289166568431, 4.329854046962982, 4.519383184856409
flux1:, 1.410271523439035, 4.362263932525467, 4.470905169645671
flux1:, 1.4112538803096388, 4.632619833967908, 4.561284976628099
flux1:, 1.4122362371802428, 4.673295050455134, 4.795196380989456
flux1:, 1.4132185940508468, 4.59888849541133, 4.796536805056133
flux1:, 1.4142009509214508, 4.803957012182373, 4.782425642669756
flux1:, 1.4151833077920548, 4.957968924864957, 4.99614583608293
flux1:, 1.4161656646626586, 4.854319343064443, 5.078639717762242
flux1:, 1.4171480215332626, 4.931477062276748, 4.999161399857633
flux1:, 1.4181303784038666, 5.1511305456602345, 5.131256175175511
flux1:, 1.4191127352744706, 5.101761414496266, 5.286669283820654
flux1:, 1.4200950921450746, 5.0475461858234025, 5.204517075025912
flux1:, 1.4210774490156786, 5.249375381385051, 5.223513678456242
flux1:, 1.4220598058862823, 5.302820465055112, 5.405910285040589
flux1:, 1.4230421627568863, 5.172891930856025, 5.379730954415188
flux1:, 1.4240245196274903, 5.279222431840742, 5.299020533667049
flux1:, 1.4250068764980943, 5.426088968211571, 5.4446675961763615
flux1:, 1.4259892333686983, 5.3066228942688465, 5.502441485824086
flux1:, 1.4269715902393023, 5.2842742377721175, 5.375371951678895
flux1:, 1.427953947109906, 5.463878840658063, 5.432246742782829
flux1:, 1.42893630398051, 5.428776454801464, 5.5586592017211975
flux1:, 1.429918660851114, 5.305453712384426, 5.455221174013594
flux1:, 1.430901017721718, 5.438404961496669, 5.408263731966722
flux1:, 1.431883374592322, 5.513948972724641, 5.552645463579804
flux1:, 1.4328657314629258, 5.364350496253892, 5.528337648016843
flux1:, 1.4338480883335298, 5.394188584384857, 5.40814831695129
flux1:, 1.4348304452041338, 5.548594417915317, 5.5095644350942345
flux1:, 1.4358128020747378, 5.457680955904642, 5.581025147858812
flux1:, 1.4367951589453418, 5.380462585582184, 5.45145774717246
flux1:, 1.4377775158159456, 5.542828865997736, 5.469163539956589
flux1:, 1.4387598726865496, 5.564832738279308, 5.608045337137119
flux1:, 1.4397422295571536, 5.43205083752042, 5.538090000290261
flux1:, 1.4407245864277576, 5.530566449194895, 5.47287964407716
flux1:, 1.4417069432983616, 5.663925293353335, 5.6209584970403705
flux1:, 1.4426893001689653, 5.557516782011587, 5.653714800366308
flux1:, 1.4436716570395693, 5.557566662224529, 5.549709117159859
flux1:, 1.4446540139101733, 5.747881771591035, 5.64836198398153
flux1:, 1.4456363707807773, 5.739684550144445, 5.781549537894196
flux1:, 1.4466187276513813, 5.662657370067756, 5.706802910365847
flux1:, 1.447601084521985, 5.83209422447935, 5.727034036983749
flux1:, 1.448583441392589, 5.947826527054029, 5.914655755438907
flux1:, 1.449565798263193, 5.860690204620388, 5.928907737655516
flux1:, 1.450548155133797, 5.949120392833851, 5.887110150390204
flux1:, 1.451530512004401, 6.155275356529652, 6.062333183238318
flux1:, 1.4525128688750049, 6.135407229347466, 6.187070754676311
flux1:, 1.4534952257456089, 6.132036276908977, 6.137628826016806
flux1:, 1.4544775826162128, 6.35322540127299, 6.246435402195345
flux1:, 1.4554599394868168, 6.446211775573648, 6.452672718917612
flux1:, 1.4564422963574208, 6.394250784299121, 6.459610566585376
flux1:, 1.4574246532280246, 6.5527721342771335, 6.488194993363927
flux1:, 1.4584070100986286, 6.7460797450453445, 6.709689760354922
flux1:, 1.4593893669692326, 6.716770715892925, 6.811203561379232
flux1:, 1.4603717238398366, 6.773183863200535, 6.7917793973533325
flux1:, 1.4613540807104406, 7.001441423391306, 6.9582030095605925
flux1:, 1.4623364375810444, 7.051374326561015, 7.143583450339169
flux1:, 1.4633187944516486, 7.022821540256871, 7.134184170194421
flux1:, 1.4643011513222524, 7.202848104548566, 7.206676138838024
flux1:, 1.4652835081928564, 7.339668217340219, 7.419818152106708
flux1:, 1.4662658650634603, 7.284983546275672, 7.468968279462867
flux1:, 1.4672482219340643, 7.3602849727700885, 7.457688530764153
flux1:, 1.4682305788046683, 7.537841158613403, 7.62622608365418
flux1:, 1.4692129356752721, 7.51904166539228, 7.743426348751507
flux1:, 1.470195292545876, 7.487015881198751, 7.69686521960369
flux1:, 1.47117764941648, 7.632500824642227, 7.769941808163868
flux1:, 1.472160006287084, 7.677288550679505, 7.919787682792107
flux1:, 1.473142363157688, 7.583742639452052, 7.893107680668495
flux1:, 1.4741247200282919, 7.638760452046156, 7.865354530204604
flux1:, 1.4751070768988959, 7.726892665604401, 7.987967563623722
flux1:, 1.4760894337694999, 7.634031679619849, 8.010370866958567
flux1:, 1.4770717906401039, 7.5838433955672855, 7.9191075200319405
flux1:, 1.4780541475107078, 7.663138235332977, 7.96311910079965
flux1:, 1.4790365043813116, 7.613044633811951, 8.023240557255127
flux1:, 1.4800188612519156, 7.48829434889005, 7.923045098275101
flux1:, 1.4810012181225196, 7.506965418088552, 7.871103542689135
flux1:, 1.4819835749931236, 7.502211861807276, 7.926602441842098
flux1:, 1.4829659318637276, 7.356179013787435, 7.857949009829627
flux1:, 1.4839482887343314, 7.290430401995738, 7.731483517347521
flux1:, 1.4849306456049354, 7.299646532566461, 7.734396120141785
flux1:, 1.4859130024755394, 7.177653125838117, 7.703919823989618
flux1:, 1.4868953593461434, 7.039959596869061, 7.547223241419749
flux1:, 1.4878777162167474, 7.020409033597841, 7.469410797310066
flux1:, 1.4888600730873511, 6.939028683541844, 7.450529778957415
flux1:, 1.4898424299579551, 6.7661499275960715, 7.305181147739708
flux1:, 1.4908247868285591, 6.687680922931484, 7.150662721936943
flux1:, 1.4918071436991631, 6.6322575014883, 7.101692012355324
flux1:, 1.4927895005697671, 6.463135244553705, 6.985838418053021
flux1:, 1.4937718574403709, 6.320822863552508, 6.785345096444234
flux1:, 1.4947542143109749, 6.2584630091959275, 6.673817595438921
flux1:, 1.4957365711815789, 6.115195072827932, 6.576677275455163
flux1:, 1.4967189280521829, 5.9272097841397295, 6.369257053084025
flux1:, 1.4977012849227869, 5.8259231534488185, 6.188866937909718
flux1:, 1.4986836417933906, 5.706587034819612, 6.0816996722295364
flux1:, 1.4996659986639946, 5.502055267851601, 5.894568123392793
flux1:, 1.5006483555345986, 5.346575649286123, 5.666119581116496
flux1:, 1.5016307124052026, 5.231257873406695, 5.521590033468012
flux1:, 1.5026130692758066, 5.035786948315745, 5.359616300168299
flux1:, 1.5035954261464104, 4.83366001443097, 5.1176694962662355
flux1:, 1.5045777830170146, 4.698773700312805, 4.92577662709228
flux1:, 1.5055601398876184, 4.524391993360579, 4.7752154584897895
flux1:, 1.5065424967582224, 4.300398392942684, 4.550482630889749
flux1:, 1.5075248536288264, 4.133045088423923, 4.323103449252827
flux1:, 1.5085072104994304, 3.976802036061157, 4.164919649094253
flux1:, 1.5094895673700344, 3.759739879485105, 3.9726366248282163
flux1:, 1.5104719242406381, 3.564519464670227, 3.736337276371014
flux1:, 1.5114542811112421, 3.4153727176046247, 3.5596948773982313
flux1:, 1.5124366379818461, 3.225371467553158, 3.398265124485167
flux1:, 1.5134189948524501, 3.0209383340152605, 3.18114965737961
flux1:, 1.5144013517230541, 2.869588839501727, 2.9896391044779724
flux1:, 1.515383708593658, 2.712641078309454, 2.8475090057571975
flux1:, 1.516366065464262, 2.5216128081127, 2.667757318978375
flux1:, 1.5173484223348659, 2.366894739280982, 2.4766434789237075
flux1:, 1.5183307792054699, 2.2376234943121, 2.341870078453494
flux1:, 1.5193131360760739, 2.076602115334426, 2.203140568372648
flux1:, 1.5202954929466777, 1.925562583899157, 2.0310928203705716
flux1:, 1.5212778498172816, 1.8143041768438515, 1.898215068886951
flux1:, 1.5222602066878856, 1.689043976542018, 1.7924102572035292
flux1:, 1.5232425635584896, 1.5523656824540533, 1.6531189578278893
flux1:, 1.5242249204290936, 1.451561056777567, 1.5247699539367205
flux1:, 1.5252072772996974, 1.3580924143053923, 1.4389191538516348
flux1:, 1.5261896341703014, 1.244617883669103, 1.336562751613658
flux1:, 1.5271719910409054, 1.1516548164322646, 1.2205568305271206
flux1:, 1.5281543479115094, 1.080913945021064, 1.1435934499220397
flux1:, 1.5291367047821134, 0.9942478155777378, 1.0731583439992098
flux1:, 1.5301190616527172, 0.9107580471770075, 0.9776749895886049
flux1:, 1.5311014185233212, 0.8535186001018815, 0.9042736992982625
flux1:, 1.5320837753939252, 0.7916287882188707, 0.8553054238349249
flux1:, 1.5330661322645291, 0.7209269588303137, 0.7848300070168834
flux1:, 1.5340484891351331, 0.6709306915075615, 0.7156415230391321
flux1:, 1.535030846005737, 0.6279895477885358, 0.6770500330728755
flux1:, 1.536013202876341, 0.572507448707948, 0.6306134324234292
flux1:, 1.536995559746945, 0.5272642445894972, 0.5698949865332414
flux1:, 1.537977916617549, 0.4963130671996602, 0.5337549980281332
flux1:, 1.538960273488153, 0.4561604366026781, 0.5056630607692054
flux1:, 1.5399426303587567, 0.41600579885962957, 0.457988807842436
flux1:, 1.5409249872293607, 0.39120885439271863, 0.4212302958696531
flux1:, 1.5419073440999647, 0.3641070667926296, 0.40348270860985785
flux1:, 1.5428897009705687, 0.3305281764062382, 0.37107092338035297
flux1:, 1.5438720578411727, 0.3083548411430161, 0.3349822395726452
flux1:, 1.5448544147117764, 0.2905613557760737, 0.3201515078603667
flux1:, 1.5458367715823806, 0.26469201806589804, 0.3017177574551818
flux1:, 1.5468191284529844, 0.24396006844148566, 0.2699502195432477
flux1:, 1.5478014853235884, 0.2315444577963509, 0.25338286526212694
flux1:, 1.5487838421941924, 0.2133475200431986, 0.24466255540192414
flux1:, 1.5497661990647964, 0.19447651785178424, 0.22078687230443225
flux1:, 1.5507485559354004, 0.18436789743732893, 0.20144003965885507
flux1:, 1.5517309128060042, 0.1725948106834366, 0.1968826737953532
flux1:, 1.5527132696766082, 0.15658724643378638, 0.18249432290107523
flux1:, 1.5536956265472122, 0.14706435434931167, 0.16232206675594782
flux1:, 1.5546779834178162, 0.13975716600299545, 0.1571118857863418
flux1:, 1.5556603402884202, 0.127364970385136, 0.15110687464264266
flux1:, 1.556642697159024, 0.11796477325944361, 0.13344756738949584
flux1:, 1.557625054029628, 0.11312495303287243, 0.1250125726273062
flux1:, 1.558607410900232, 0.1044482200335729, 0.12412491619545511
flux1:, 1.559589767770836, 0.09550320886749723, 0.11184431792334265
flux1:, 1.56057212464144, 0.09159889881106194, 0.10032287831643612
flux1:, 1.5615544815120437, 0.08611411475771677, 0.1005262940054448
flux1:, 1.5625368383826477, 0.07821636903327252, 0.09466537577322089
flux1:, 1.5635191952532517, 0.07437294890347386, 0.08226671212904656
flux1:, 1.5645015521238557, 0.07120876684417958, 0.08036156439545955
flux1:, 1.5654839089944597, 0.06483279617289187, 0.07975598037038165
flux1:, 1.5664662658650634, 0.06074692707303643, 0.06938919149520216
flux1:, 1.5674486227356674, 0.05898170931963959, 0.0640986945881836
flux1:, 1.5684309796062714, 0.05434090062442188, 0.06600796813285656
flux1:, 1.5694133364768754, 0.050075968663906255, 0.059810304147575315
flux1:, 1.5703956933474794, 0.048915682448797404, 0.05197181488542576
flux1:, 1.5713780502180832, 0.04597921981263149, 0.05334752595005854
flux1:, 1.5723604070886872, 0.041792544615048326, 0.05173386609366486
flux1:, 1.5733427639592912, 0.040625229237921064, 0.04357758052300753
flux1:, 1.5743251208298952, 0.039168719233050354, 0.04236194053084438
flux1:, 1.5753074777004992, 0.03541881651358054, 0.043958995165341914
flux1:, 1.576289834571103, 0.033832508238184025, 0.037859014450547436
flux1:, 1.577272191441707, 0.033453797405100086, 0.03372665253431706
flux1:, 1.578254548312311, 0.03053125295964797, 0.03614862414525833
flux1:, 1.579236905182915, 0.02836534076575818, 0.033452399698168524
flux1:, 1.580219262053519, 0.028501135176996584, 0.027688530686162977
flux1:, 1.5812016189241227, 0.026709769228560665, 0.02872191502877213
flux1:, 1.5821839757947267, 0.024114293399210836, 0.02920451053512913
flux1:, 1.5831663326653307, 0.024138301260589298, 0.0238431273086091
flux1:, 1.5841486895359347, 0.023536068255893952, 0.02242580249207276
flux1:, 1.5851310464065387, 0.02094307657799777, 0.0245787683880249
flux1:, 1.5861134032771425, 0.02036157523924302, 0.021295263632505754
flux1:, 1.5870957601477467, 0.02066457209986186, 0.01781756338681144
flux1:, 1.5880781170183504, 0.018614753256385643, 0.019733299407824915
flux1:, 1.5890604738889544, 0.017263547018555533, 0.01907787013446328
flux1:, 1.5900428307595584, 0.01791334931933915, 0.014936052139240564
flux1:, 1.5910251876301624, 0.01680073057600839, 0.015255661782838591
flux1:, 1.5920075445007664, 0.014908614950570012, 0.01656498466546762
flux1:, 1.5929899013713702, 0.015294051700177632, 0.01330693463421602
flux1:, 1.5939722582419742, 0.015172870707815724, 0.011741870807331472
flux1:, 1.5949546151125782, 0.013236848285043406, 0.01365435336860184
flux1:, 1.5959369719831822, 0.012949194135336826, 0.012215186005667903
flux1:, 1.5969193288537862, 0.013512635712696968, 0.009464984586524982
flux1:, 1.59790168572439, 0.012053635409241155, 0.010668142475435264
flux1:, 1.598884042594994, 0.01103669011377471, 0.01104604451959123
flux1:, 1.599866399465598, 0.011766954006350845, 0.008276064366995276
flux1:, 1.600848756336202, 0.011098113239766394, 0.00808257370137445
flux1:, 1.601831113206806, 0.009629332216155615, 0.009511075333125004
flux1:, 1.6028134700774097, 0.01002692004238921, 0.007726606641281444
flux1:, 1.6037958269480137, 0.01013981493115148, 0.006252383216652148
flux1:, 1.6047781838186177, 0.008673508126790982, 0.007682213197962783
flux1:, 1.6057605406892217, 0.00845232466757793, 0.007301804342223693
flux1:, 1.6067428975598257, 0.009052321140110722, 0.005252689212165247
flux1:, 1.6077252544304295, 0.008011839784745938, 0.005864069663436066
flux1:, 1.6087076113010335, 0.007183836477308683, 0.006636782393544543
flux1:, 1.6096899681716375, 0.007836911230927729, 0.0048783244853087505
flux1:, 1.6106723250422414, 0.007446898091188649, 0.004394975008324504
flux1:, 1.6116546819128454, 0.006278924156846764, 0.005627948960795377
flux1:, 1.6126370387834492, 0.006595689925596963, 0.004766908334944814
flux1:, 1.6136193956540532, 0.006813704382230407, 0.003474866453793266
flux1:, 1.6146017525246572, 0.005690852853402953, 0.004413978651881673
flux1:, 1.6155841093952612, 0.005471972071920227, 0.004569720491371607
flux1:, 1.6165664662658652, 0.006032480434112522, 0.003086958812028975
flux1:, 1.617548823136469, 0.0052916181354801224, 0.0032585228146774546
flux1:, 1.618531180007073, 0.004583920294168983, 0.004089656038926907
flux1:, 1.619513536877677, 0.005124755141306374, 0.0030296988324131423
flux1:, 1.620495893748281, 0.004924654301897346, 0.002401136477733704
flux1:, 1.621478250618885, 0.003976083322650003, 0.0033327831144654234
flux1:, 1.6224606074894887, 0.0041907665289134255, 0.0030270605815423805
flux1:, 1.6234429643600927, 0.0044647477446882996, 0.0019454539802517545
flux1:, 1.6244253212306967, 0.0036045704048585305, 0.0024645023295905687
flux1:, 1.6254076781013007, 0.003359630266216486, 0.0028568017991410922
flux1:, 1.6263900349719047, 0.0038622302472852044, 0.0018275224435045608
flux1:, 1.6273723918425085, 0.003358644714323557, 0.0017035145437402847
flux1:, 1.6283547487131127, 0.002732375405750346, 0.0024369532728043797
flux1:, 1.6293371055837165, 0.0031554283189128792, 0.0018662241065882067
flux1:, 1.6303194624543205, 0.003108559614447783, 0.001209536337233358
flux1:, 1.6313018193249245, 0.002339825219796685, 0.001837281852815964
flux1:, 1.6322841761955285, 0.0024471894480498245, 0.0018608283198580581
flux1:, 1.6332665330661325, 0.002759872735882155, 0.0010160671961410538
flux1:, 1.6342488899367362, 0.0021319388083125865, 0.0012207481686704416
flux1:, 1.6352312468073402, 0.001855136302489535, 0.0016839752576426018
flux1:, 1.6362136036779442, 0.002291258101148313, 0.0010321939813571972
flux1:, 1.6371959605485482, 0.0020032243108239886, 0.0007514374336207029
flux1:, 1.6381783174191522, 0.0014569687733398872, 0.001327475514391626
flux1:, 1.639160674289756, 0.0017585479151856203, 0.0011024245544797684
flux1:, 1.64014303116036, 0.0018430585647799377, 0.0005161009177265963
flux1:, 1.641125388030964, 0.0012560340660851051, 0.0008860243657004668
flux1:, 1.642107744901568, 0.0012624412651965206, 0.0010881914477029854
flux1:, 1.643090101772172, 0.0015867741037297826, 0.0004938577424534202
flux1:, 1.6440724586427757, 0.0011840883484237924, 0.0004949226908191624
flux1:, 1.6450548155133797, 0.0008957090406982725, 0.0009294150428056653
flux1:, 1.6460371723839837, 0.0012415348677441642, 0.0005816180496572055
flux1:, 1.6470195292545877, 0.0011393452577727636, 0.00025757558547441804
flux1:, 1.6480018861251917, 0.0006974806315479956, 0.000659210244109002
flux1:, 1.6489842429957955, 0.0008740100180187494, 0.0006553539662424291
flux1:, 1.6499665998663995, 0.001038412473241127, 0.0001992702097264513
flux1:, 1.6509489567370035, 0.0006385655151041569, 0.0003708021320144571
flux1:, 1.6519313136076075, 0.0005685317352567974, 0.0006321092644134996
flux1:, 1.6529136704782115, 0.0008532894125465613, 0.00026658419291823704
flux1:, 1.6538960273488152, 0.000643400869225698, 0.00015991465012871062
flux1:, 1.6548783842194192, 0.0003810241230128889, 0.0005014147369467022
flux1:, 1.6558607410900232, 0.0006149252719206781, 0.00036607209105859534
flux1:, 1.6568430979606272, 0.000632795312924354, 7.583422780913163e-05
flux1:, 1.6578254548312312, 0.0003142864338991343, 0.00031489174240407065
flux1:, 1.658807811701835, 0.0003859405575179408, 0.00041598058830661245
flux1:, 1.659790168572439, 0.0005615219748649141, 0.00010501847384919468
flux1:, 1.660772525443043, 0.0003247302338536044, 0.00014690659945643865
flux1:, 1.661754882313647, 0.00022229409977208133, 0.0003819265450886706
flux1:, 1.662737239184251, 0.00043171139991966204, 0.00018954407588551975
flux1:, 1.6637195960548548, 0.0003512449651080273, 5.24039859295404e-05
flux1:, 1.6647019529254587, 0.00014628357778078012, 0.00028156588713168295
flux1:, 1.6656843097960627, 0.0002800378327100059, 0.0002635121633683866
flux1:, 1.6666666666666667, 0.0003465533773645324, 4.4066591258144964e-05
