flux1:, 1.1764705882352942, 5.322990930848964e-05, 7.937235070469865e-05
flux1:, 1.1774529451058982, 0.0002410722142052836, 3.421305970304477e-05
flux1:, 1.1784353019765021, 0.0005767013484715022, 2.510965504102801e-05
flux1:, 1.179417658847106, 0.00019297286843699145, 8.514998233131142e-05
flux1:, 1.18040001571771, 7.925272020941871e-05, 6.724997100476903e-05
flux1:, 1.181382372588314, 0.000591810757615724, 1.903500711956052e-05
flux1:, 1.182364729458918, 0.0004374570550900117, 6.989324382586826e-05
flux1:, 1.183347086329522, 8.36957691431936e-07, 9.618132354537385e-05
flux1:, 1.1843294432001257, 0.0004527113804358468, 3.2194867994143734e-05
flux1:, 1.1853118000707297, 0.0006799606211987315, 4.4803381682679025e-05
flux1:, 1.1862941569413337, 8.856688247632623e-05, 0.00010671011078964355
flux1:, 1.1872765138119377, 0.0002267138276269345, 6.0777083500731934e-05
flux1:, 1.1882588706825417, 0.0008009165612965177, 2.6669222551726686e-05
flux1:, 1.1892412275531457, 0.00033693320948435535, 9.620046134294234e-05
flux1:, 1.1902235844237494, 3.800715907995419e-05, 9.235839342861712e-05
flux1:, 1.1912059412943534, 0.0007418747482725345, 2.6524046093722432e-05
flux1:, 1.1921882981649574, 0.0006597246087305023, 7.309702222622482e-05
flux1:, 1.1931706550355614, -2.5148940571701145e-06, 0.00011492994398459488
flux1:, 1.1941530119061654, 0.0005291439416489013, 4.557142660592527e-05
flux1:, 1.1951353687767692, 0.0009392602892989581, 5.028755147629849e-05
flux1:, 1.1961177256473732, 0.00015786492590789844, 0.00012263736686090966
flux1:, 1.1971000825179772, 0.00025449609038385, 7.765238412582823e-05
flux1:, 1.1980824393885812, 0.0010743659930173182, 3.9080167404458885e-05
flux1:, 1.1990647962591852, 0.0005027635911140791, 0.00011697074519250814
flux1:, 1.200047153129789, 4.182076852268456e-05, 0.00011394215884393024
flux1:, 1.201029510000393, 0.0010115775817630165, 4.603624961656925e-05
flux1:, 1.202011866870997, 0.0009559309828922949, 0.00010525641418645318
flux1:, 1.202994223741601, 1.555786539514475e-05, 0.0001475900544628535
flux1:, 1.203976580612205, 0.000762500672451379, 7.260139198820159e-05
flux1:, 1.2049589374828087, 0.0013993728955413818, 9.795164791029934e-05
flux1:, 1.2059412943534127, 0.00027393288807311933, 0.00017772482914255174
flux1:, 1.2069236512240167, 0.00041395966079619536, 0.00011783915279741766
flux1:, 1.2079060080946207, 0.0016963366171333658, 0.00010602065731358472
flux1:, 1.2088883649652247, 0.000863846438376075, 0.00021259847721437025
flux1:, 1.2098707218358287, 0.00013645581746471962, 0.00018575750784178806
flux1:, 1.2108530787064324, 0.0017219995738529557, 0.00014130956781044062
flux1:, 1.2118354355770364, 0.0017485350796217895, 0.0002719423769447426
flux1:, 1.2128177924476404, 0.00019143917859077981, 0.0003000384967653163
flux1:, 1.2138001493182444, 0.001416540412569794, 0.0002278586778510245
flux1:, 1.2147825061888484, 0.0027486015582018357, 0.00039066028909854445
flux1:, 1.2157648630594522, 0.0009087639890677926, 0.0005284511139346298
flux1:, 1.2167472199300562, 0.0008984259299689948, 0.0004414315406513094
flux1:, 1.2177295768006602, 0.003438942417826399, 0.0006314299698419904
flux1:, 1.2187119336712642, 0.002479116202403888, 0.0009977859808813598
flux1:, 1.2196942905418682, 0.0006492709462532883, 0.000977807575637815
flux1:, 1.220676647412472, 0.0031651490674470964, 0.001109399017457178
flux1:, 1.221659004283076, 0.004254253757730457, 0.0017803892058332839
flux1:, 1.22264136115368, 0.0013298891820536294, 0.002045188106612327
flux1:, 1.223623718024284, 0.0018700084544854417, 0.0019470486301005076
flux1:, 1.224606074894888, 0.00462290155972391, 0.002611367023398763
flux1:, 1.2255884317654917, 0.002581929416479892, 0.003332524463446669
flux1:, 1.2265707886360957, 0.0008401774677106219, 0.0030967308438827248
flux1:, 1.2275531455066997, 0.003653145144347125, 0.0032504709136756036
flux1:, 1.2285355023773037, 0.0035388051742226744, 0.004292509598739999
flux1:, 1.2295178592479077, 0.000782242497798412, 0.00444654543913128
flux1:, 1.2305002161185117, 0.0029244146016507706, 0.0040627349149432845
flux1:, 1.2314825729891155, 0.004841520000341815, 0.004978431610560635
flux1:, 1.2324649298597194, 0.0018267328944925392, 0.005897297373736091
flux1:, 1.2334472867303234, 0.0027667244070618243, 0.005386500476117607
flux1:, 1.2344296436009274, 0.007338416592354837, 0.005456665193432552
flux1:, 1.2354120004715314, 0.005365760807467454, 0.006577531451004592
flux1:, 1.2363943573421352, 0.002972443202482683, 0.0062447287231206985
flux1:, 1.2373767142127392, 0.008291253794661658, 0.004940345303879592
flux1:, 1.2383590710833432, 0.009993761955161658, 0.004939829204128761
flux1:, 1.2393414279539472, 0.004401437751670949, 0.004912937425688541
flux1:, 1.2403237848245512, 0.005203314416753111, 0.00353534125477295
flux1:, 1.241306141695155, 0.010034787201152336, 0.002865254742643356
flux1:, 1.242288498565759, 0.006466788180085396, 0.0032426913617302324
flux1:, 1.243270855436363, 0.0028335074469560168, 0.0027139526752898626
flux1:, 1.244253212306967, 0.007241041292447032, 0.0020384203578390388
flux1:, 1.245235569177571, 0.007755218630056247, 0.0024955793623347815
flux1:, 1.2462179260481747, 0.002792264566663619, 0.002572107897663878
flux1:, 1.2472002829187787, 0.004538936795879333, 0.0019936509698713837
flux1:, 1.2481826397893827, 0.007945774868607475, 0.0023381810343948844
flux1:, 1.2491649966599867, 0.004144541635692551, 0.002796427239973118
flux1:, 1.2501473535305907, 0.002907271220875776, 0.002344784430098563
flux1:, 1.2511297104011945, 0.007218496460562037, 0.0024767010814251834
flux1:, 1.2521120672717985, 0.005932293194165668, 0.003196884953632644
flux1:, 1.2530944241424025, 0.002598411815197328, 0.0029637655677486625
flux1:, 1.2540767810130065, 0.005979545428591243, 0.002826792781223778
flux1:, 1.2550591378836105, 0.007458169433152118, 0.003674251037231599
flux1:, 1.2560414947542144, 0.0035428111734468622, 0.0037947889874614493
flux1:, 1.2570238516248182, 0.004774572974846553, 0.003414744839944654
flux1:, 1.2580062084954222, 0.008303175039629353, 0.004196859457388748
flux1:, 1.2589885653660262, 0.005413730644501451, 0.00477764161152894
flux1:, 1.2599709222366302, 0.00416822663917061, 0.004301538866288562
flux1:, 1.2609532791072342, 0.008371951886523671, 0.004802719159778735
flux1:, 1.261935635977838, 0.007696108116700072, 0.005840549719095078
flux1:, 1.262917992848442, 0.004590106357358785, 0.005528568025755352
flux1:, 1.263900349719046, 0.007907202014530912, 0.005595774444331511
flux1:, 1.26488270658965, 0.009823065776987916, 0.006928052143953122
flux1:, 1.265865063460254, 0.006197659850825229, 0.00708346188517427
flux1:, 1.266847420330858, 0.007423247465915481, 0.006721275325236493
flux1:, 1.2678297772014617, 0.011356396793850481, 0.00804136170582975
flux1:, 1.2688121340720657, 0.00881209973234543, 0.008893818249664133
flux1:, 1.2697944909426697, 0.007550651697044627, 0.008320519977261994
flux1:, 1.2707768478132737, 0.012152992256607932, 0.00926972453708357
flux1:, 1.2717592046838777, 0.011965767952145937, 0.010854217833337837
flux1:, 1.2727415615544815, 0.008826360546532299, 0.010478258761444911
flux1:, 1.2737239184250855, 0.012451398978318033, 0.010793687185422916
flux1:, 1.2747062752956895, 0.015063432111154892, 0.01288129634185133
flux1:, 1.2756886321662935, 0.011496275250758766, 0.013184331896040565
flux1:, 1.2766709890368975, 0.012831108418197377, 0.012850207960887714
flux1:, 1.2776533459075012, 0.017615362868061746, 0.014978682763900495
flux1:, 1.2786357027781052, 0.015407078890783512, 0.01633114837978873
flux1:, 1.2796180596487092, 0.014038749628647568, 0.015664763197070573
flux1:, 1.2806004165193132, 0.01946331674725687, 0.017284571242790193
flux1:, 1.2815827733899172, 0.02004411508219906, 0.019758467894500625
flux1:, 1.282565130260521, 0.016727962777431524, 0.019372339672865432
flux1:, 1.283547487131125, 0.020908314397712367, 0.020075230319433146
flux1:, 1.284529844001729, 0.02472404082199171, 0.023338589870891192
flux1:, 1.285512200872333, 0.021203969714844, 0.023960482690439645
flux1:, 1.286494557742937, 0.02267215172771579, 0.02371052849970047
flux1:, 1.2874769146135407, 0.02888905667154833, 0.02707472217930858
flux1:, 1.2884592714841447, 0.027279123326231083, 0.029266826353949938
flux1:, 1.2894416283547487, 0.02568094385533935, 0.02853020478359177
flux1:, 1.2904239852253527, 0.032397187025200315, 0.031171710031654393
flux1:, 1.2914063420959567, 0.03431917772288878, 0.0350476982861096
flux1:, 1.2923886989665605, 0.03073185185539915, 0.0347344965924808
flux1:, 1.2933710558371645, 0.03568489684670078, 0.036039602476467335
flux1:, 1.2943534127077685, 0.04149400640109558, 0.0411066316661319
flux1:, 1.2953357695783725, 0.03816567495842996, 0.042299116902257475
flux1:, 1.2963181264489765, 0.03970955769468595, 0.04221019119088232
flux1:, 1.2973004833195805, 0.048161038264062254, 0.047441338614485094
flux1:, 1.2982828401901843, 0.0476890368351805, 0.05097263626062073
flux1:, 1.2992651970607882, 0.04565709740312986, 0.05018071486433032
flux1:, 1.3002475539313922, 0.05423804150194889, 0.05434809287742379
flux1:, 1.3012299108019962, 0.05845248892299785, 0.06038000211321456
flux1:, 1.3022122676726002, 0.0545002308991093, 0.060235656128135445
flux1:, 1.303194624543204, 0.06039836553511111, 0.06242536634136552
flux1:, 1.304176981413808, 0.06939901789688985, 0.07021449137655211
flux1:, 1.305159338284412, 0.06657571064112544, 0.07232104011166396
flux1:, 1.306141695155016, 0.06796719221201689, 0.0724484630534511
flux1:, 1.30712405202562, 0.07978054888046457, 0.08045596108607578
flux1:, 1.308106408896224, 0.08137476162847879, 0.08604157502362472
flux1:, 1.3090887657668278, 0.07850575685709464, 0.08513719971625043
flux1:, 1.3100711226374318, 0.08964413172818408, 0.09152547044100065
flux1:, 1.3110534795080357, 0.09768587478605505, 0.10081467398635764
flux1:, 1.3120358363786397, 0.09320738196508994, 0.1008920580769307
flux1:, 1.3130181932492437, 0.10006166993319346, 0.10429156716303674
flux1:, 1.3140005501198475, 0.11410100441794419, 0.11615477142551454
flux1:, 1.3149829069904515, 0.11233984152361022, 0.11960728435547546
flux1:, 1.3159652638610555, 0.112943526548603, 0.11988729821482402
flux1:, 1.3169476207316595, 0.12973643596575868, 0.1319977313149322
flux1:, 1.3179299776022635, 0.1349993027594258, 0.1406631932498543
flux1:, 1.3189123344728673, 0.1304271863828675, 0.13936922257223733
flux1:, 1.3198946913434713, 0.1448911866062474, 0.1489355685454734
flux1:, 1.3208770482140753, 0.15936228145893416, 0.16314809853254822
flux1:, 1.3218594050846793, 0.15401916222073642, 0.16332528027056722
flux1:, 1.3228417619552832, 0.16133043404531897, 0.1682384230526619
flux1:, 1.323824118825887, 0.1834457734717674, 0.1862752917615224
flux1:, 1.324806475696491, 0.1838193441945279, 0.19158599320759487
flux1:, 1.325788832567095, 0.1819727182874017, 0.19160054161515258
flux1:, 1.326771189437699, 0.2061668892982621, 0.20987117741608774
flux1:, 1.327753546308303, 0.2182016940953401, 0.2231876961943916
flux1:, 1.3287359031789068, 0.20996417134332013, 0.22064563587156327
flux1:, 1.3297182600495108, 0.22831381120144872, 0.23475292059074046
flux1:, 1.3307006169201148, 0.25422568513274596, 0.2566697391151033
flux1:, 1.3316829737907188, 0.2473804231140832, 0.2563316735060712
flux1:, 1.3326653306613228, 0.2529790061421142, 0.2628165279319095
flux1:, 1.3336476875319265, 0.288822076082316, 0.29067601620568245
flux1:, 1.3346300444025305, 0.2940166352393852, 0.29846583132991084
flux1:, 1.3356124012731345, 0.2851084216017766, 0.2967279861331647
flux1:, 1.3365947581437385, 0.3205006345899069, 0.3247115259486526
flux1:, 1.3375771150143425, 0.3468210841842851, 0.3455451237664213
flux1:, 1.3385594718849465, 0.33007683599053667, 0.3392333523566681
flux1:, 1.3395418287555503, 0.3510665084380442, 0.35982234345778547
flux1:, 1.3405241856261543, 0.40044846727113004, 0.39506809595808157
flux1:, 1.3415065424967583, 0.3915424282362737, 0.39223822945605913
flux1:, 1.3424888993673623, 0.38670819897848296, 0.39896077409024855
flux1:, 1.3434712562379663, 0.4491725268259509, 0.4443409357541305
flux1:, 1.34445361310857, 0.46915875533794643, 0.45590189167734607
flux1:, 1.345435969979174, 0.4379040366131818, 0.44688400404282824
flux1:, 1.346418326849778, 0.4901063458840756, 0.49168672060870694
flux1:, 1.347400683720382, 0.5569260526526127, 0.5280024484097515
flux1:, 1.348383040590986, 0.5179044690580539, 0.5096087581889598
flux1:, 1.34936539746159, 0.5275608831356307, 0.5379724424384184
flux1:, 1.3503477543321938, 0.6430013247933686, 0.6037376047209003
flux1:, 1.3513301112027978, 0.6400650603231625, 0.5936982614187697
flux1:, 1.3523124680734018, 0.5789832858808113, 0.5887809675453797
flux1:, 1.3532948249440058, 0.7118094349033559, 0.6759769928319591
flux1:, 1.3542771818146098, 0.815081688815723, 0.7060755954461646
flux1:, 1.3552595386852135, 0.6863009071029134, 0.6595692105798747
flux1:, 1.3562418955558175, 0.7503601753948762, 0.7361857163448068
flux1:, 1.3572242524264215, 1.050926779190201, 0.856309193355945
flux1:, 1.3582066092970255, 0.9544081860244891, 0.7974578752584482
flux1:, 1.3591889661676295, 0.7709818572185954, 0.7811120679587127
flux1:, 1.3601713230382333, 1.3672121014905498, 1.0708096982342756
flux1:, 1.3611536799088373, 1.7843732232917011, 1.2361109788512872
flux1:, 1.3621360367794413, 1.0014931503320585, 0.9215826290672123
flux1:, 1.3631183936500453, 1.9501131673363994, 1.5295804329410074
flux1:, 1.3641007505206493, 8.089632409025409, 5.767991996444104
flux1:, 1.365083107391253, 15.810607377951888, 13.564589128209235
flux1:, 1.366065464261857, 17.193510743956832, 19.053650948407725
flux1:, 1.367047821132461, 11.047191086914033, 15.916108983289254
flux1:, 1.368030178003065, 4.191573377527416, 6.817979898095582
flux1:, 1.369012534873669, 1.4372180584067933, 1.44552734214172
flux1:, 1.3699948917442728, 1.2937852913221186, 2.8681962277210062
flux1:, 1.3709772486148768, 1.3739072683285027, 4.16078363951482
flux1:, 1.3719596054854808, 1.4172953800995256, 1.9547315361830697
flux1:, 1.3729419623560848, 1.6280380426125896, 2.519187021308052
flux1:, 1.3739243192266888, 2.8983392615185086, 8.960689747507102
flux1:, 1.3749066760972926, 6.355498112726455, 13.795926759455607
flux1:, 1.3758890329678966, 9.675923905178317, 10.899426747800298
flux1:, 1.3768713898385005, 8.62322267378588, 4.704330028132188
flux1:, 1.3778537467091045, 4.180994064379633, 1.7278238189846136
flux1:, 1.3788361035797085, 1.749568163148795, 1.77587401772034
flux1:, 1.3798184604503125, 2.5265332782383325, 1.9002066064798515
flux1:, 1.3808008173209163, 2.9596814552901, 1.7397206107803078
flux1:, 1.3817831741915203, 2.106989422662747, 1.8791726361427397
flux1:, 1.3827655310621243, 2.043451464840426, 1.9786197527722311
flux1:, 1.3837478879327283, 2.6361331395234795, 1.9387411683495313
flux1:, 1.3847302448033323, 2.4288332842875704, 2.0445239094091314
flux1:, 1.3857126016739363, 2.1058956284365653, 2.1530149206789706
flux1:, 1.38669495854454, 2.4985861910010336, 2.1476398974837667
flux1:, 1.387677315415144, 2.6630218965842127, 2.224420129380682
flux1:, 1.388659672285748, 2.349854493556804, 2.3410799008981598
flux1:, 1.389642029156352, 2.481149716887627, 2.3600887393775847
flux1:, 1.390624386026956, 2.8122046669594805, 2.4124385877743233
flux1:, 1.3916067428975598, 2.6531504145980556, 2.529921277805374
flux1:, 1.3925890997681638, 2.5749559880876194, 2.573137671165703
flux1:, 1.3935714566387678, 2.902064863113049, 2.606316334679328
flux1:, 1.3945538135093718, 2.942874558951507, 2.7143189803336445
flux1:, 1.3955361703799758, 2.764858312583234, 2.7811731790858407
flux1:, 1.3965185272505796, 2.971493482136134, 2.8033211157713986
flux1:, 1.3975008841211836, 3.174509890753035, 2.891607057352085
flux1:, 1.3984832409917876, 3.0174293437499466, 2.977121478305097
flux1:, 1.3994655978623916, 3.059567308758534, 2.9986083545590962
flux1:, 1.4004479547329955, 3.3321476013627693, 3.0605734430020144
flux1:, 1.4014303116035993, 3.2853374086013503, 3.154463204244478
flux1:, 1.4024126684742033, 3.1917676843515355, 3.185007346886682
flux1:, 1.4033950253448073, 3.4269956125102388, 3.220322244766663
flux1:, 1.4043773822154113, 3.5200935286138804, 3.308908184146868
flux1:, 1.4053597390860153, 3.370465288965365, 3.3540600607672966
flux1:, 1.406342095956619, 3.4888667789296863, 3.3690927695615343
flux1:, 1.407324452827223, 3.686898392796596, 3.439148629516792
flux1:, 1.408306809697827, 3.573862140739681, 3.4979031572015273
flux1:, 1.409289166568431, 3.551799673177233, 3.503577405331048
flux1:, 1.410271523439035, 3.775154682576211, 3.546514583713437
flux1:, 1.4112538803096388, 3.76448187048045, 3.611280537282069
flux1:, 1.4122362371802428, 3.6388024595547823, 3.619145095988872
flux1:, 1.4132185940508468, 3.7999049397927758, 3.6338005897695655
flux1:, 1.4142009509214508, 3.9042014143689774, 3.6929207731088236
flux1:, 1.4151833077920548, 3.7518972269847644, 3.710979711929681
flux1:, 1.4161656646626586, 3.793277384120792, 3.7038504576643088
flux1:, 1.4171480215332626, 3.96967971848227, 3.745774815762595
flux1:, 1.4181303784038666, 3.87175136190036, 3.775727228480481
flux1:, 1.4191127352744706, 3.7894976296138685, 3.7585372744201453
flux1:, 1.4200950921450746, 3.96157623955287, 3.7760688203009978
flux1:, 1.4210774490156786, 3.967033067942739, 3.813015947523841
flux1:, 1.4220598058862823, 3.810004905401962, 3.7985524157866006
flux1:, 1.4230421627568863, 3.9035947953877117, 3.791574743167333
flux1:, 1.4240245196274903, 4.009233205942885, 3.826263400876386
flux1:, 1.4250068764980943, 3.855165022323261, 3.824043543189125
flux1:, 1.4259892333686983, 3.8319298453631863, 3.799750513372735
flux1:, 1.4269715902393023, 3.986240565760426, 3.822463651137482
flux1:, 1.427953947109906, 3.90600634271833, 3.835792928214141
flux1:, 1.42893630398051, 3.779940690108573, 3.8063809489859426
flux1:, 1.429918660851114, 3.908616974083522, 3.8110178867900855
flux1:, 1.430901017721718, 3.93483813032021, 3.83643461089156
flux1:, 1.431883374592322, 3.764846486624382, 3.8151104471144084
flux1:, 1.4328657314629258, 3.805888311553619, 3.8019799183033074
flux1:, 1.4338480883335298, 3.9197071093757114, 3.8312133195846956
flux1:, 1.4348304452041338, 3.7821329356657594, 3.8279194483611816
flux1:, 1.4358128020747378, 3.7146032797798587, 3.8042443247154787
flux1:, 1.4367951589453418, 3.8561035777987263, 3.8279509092493327
flux1:, 1.4377775158159456, 3.8098416609996324, 3.8462783652781343
flux1:, 1.4387598726865496, 3.6634309895446457, 3.82418825175018
flux1:, 1.4397422295571536, 3.7606617629784393, 3.8361317381638327
flux1:, 1.4407245864277576, 3.820597570329055, 3.8724935977869457
flux1:, 1.4417069432983616, 3.6617522021792706, 3.865116095873617
flux1:, 1.4426893001689653, 3.665096923765581, 3.8652717123879023
flux1:, 1.4436716570395693, 3.7959100176054252, 3.9106757753205414
flux1:, 1.4446540139101733, 3.696679689250752, 3.927599239449767
flux1:, 1.4456363707807773, 3.602794559131315, 3.9229405826460733
flux1:, 1.4466187276513813, 3.736221259156063, 3.9668179726463
flux1:, 1.447601084521985, 3.739887292836488, 4.010501024313564
flux1:, 1.448583441392589, 3.593695636879707, 4.012918808617841
flux1:, 1.449565798263193, 3.6617553444000497, 4.047667128011579
flux1:, 1.450548155133797, 3.7613804563280437, 4.112195016613626
flux1:, 1.451530512004401, 3.634185328770584, 4.133968675385011
flux1:, 1.4525128688750049, 3.6029458259793192, 4.158404132495943
flux1:, 1.4534952257456089, 3.743967600614818, 4.231304599817257
flux1:, 1.4544775826162128, 3.697063946329492, 4.279570508196045
flux1:, 1.4554599394868168, 3.583929452905843, 4.299600469515077
flux1:, 1.4564422963574208, 3.691107624307311, 4.366333527949775
flux1:, 1.4574246532280246, 3.7426067738952526, 4.4387404874687
flux1:, 1.4584070100986286, 3.6066577277920584, 4.464442400799626
flux1:, 1.4593893669692326, 3.62300967370303, 4.51395914965564
flux1:, 1.4603717238398366, 3.7363057386450516, 4.597760950840023
flux1:, 1.4613540807104406, 3.6446211688628867, 4.637641505056409
flux1:, 1.4623364375810444, 3.5614974391285745, 4.666582166032349
flux1:, 1.4633187944516486, 3.664300928989146, 4.742409506430792
flux1:, 1.4643011513222524, 3.6520269437760957, 4.797421689540383
flux1:, 1.4652835081928564, 3.51158276924943, 4.810726217192671
flux1:, 1.4662658650634603, 3.5369639691218824, 4.860171721950809
flux1:, 1.4672482219340643, 3.5859774295809927, 4.921006669125868
flux1:, 1.4682305788046683, 3.452509271676386, 4.928291006111799
flux1:, 1.4692129356752721, 3.3772660526061546, 4.941997780471257
flux1:, 1.470195292545876, 3.429286997193152, 4.992024703538509
flux1:, 1.47117764941648, 3.34742518703662, 5.0014820354792775
flux1:, 1.472160006287084, 3.201735741035121, 4.983289631559235
flux1:, 1.473142363157688, 3.198287329226036, 5.006195588663872
flux1:, 1.4741247200282919, 3.1677193473750123, 5.019420703856801
flux1:, 1.4751070768988959, 3.0094550645566334, 4.983726452025493
flux1:, 1.4760894337694999, 2.9297585990213735, 4.971431948768698
flux1:, 1.4770717906401039, 2.9148308892828947, 4.981913260283626
flux1:, 1.4780541475107078, 2.789447071881428, 4.9451591171334845
flux1:, 1.4790365043813116, 2.658308751379084, 4.900859363832479
flux1:, 1.4800188612519156, 2.6227319489774357, 4.896247925386641
flux1:, 1.4810012181225196, 2.540929154565252, 4.866651185417652
flux1:, 1.4819835749931236, 2.403761366594168, 4.800722361407806
flux1:, 1.4829659318637276, 2.339711445712501, 4.766808717815623
flux1:, 1.4839482887343314, 2.287849414899856, 4.737357094192664
flux1:, 1.4849306456049354, 2.177418703368663, 4.658587977250801
flux1:, 1.4859130024755394, 2.1039361833339014, 4.583634315636295
flux1:, 1.4868953593461434, 2.0701800403576383, 4.533314638121673
flux1:, 1.4878777162167474, 1.9940659334137025, 4.442327832283524
flux1:, 1.4888600730873511, 1.9295777770087217, 4.322940512281124
flux1:, 1.4898424299579551, 1.9128936432221357, 4.229816610568442
flux1:, 1.4908247868285591, 1.865938090759035, 4.121799896273361
flux1:, 1.4918071436991631, 1.8087809116677542, 3.969201380974125
flux1:, 1.4927895005697671, 1.8030650582912253, 3.829008006007375
flux1:, 1.4937718574403709, 1.780842696065082, 3.7028716424270973
flux1:, 1.4947542143109749, 1.721153484839349, 3.5405007007317013
flux1:, 1.4957365711815789, 1.7062143716543314, 3.3717769012526015
flux1:, 1.4967189280521829, 1.7021508370189202, 3.2333292532555475
flux1:, 1.4977012849227869, 1.6420201175675686, 3.0827655002867123
flux1:, 1.4986836417933906, 1.5996977565144495, 2.9126733157563622
flux1:, 1.4996659986639946, 1.5986451830685326, 2.7701875345491294
flux1:, 1.5006483555345986, 1.549759180123456, 2.6400307457902628
flux1:, 1.5016307124052026, 1.4806457514457128, 2.4886684165615134
flux1:, 1.5026130692758066, 1.4642801361159465, 2.349690872716742
flux1:, 1.5035954261464104, 1.4325831623774579, 2.2370495815214557
flux1:, 1.5045777830170146, 1.3532591430195662, 2.1124611258427284
flux1:, 1.5055601398876184, 1.311361093412671, 1.9837123312511218
flux1:, 1.5065424967582224, 1.2909581005669302, 1.8819088672058943
flux1:, 1.5075248536288264, 1.2201324839734782, 1.7826002906738756
flux1:, 1.5085072104994304, 1.1555870347051485, 1.6697757655164014
flux1:, 1.5094895673700344, 1.1345085737882603, 1.5743487012741
flux1:, 1.5104719242406381, 1.0825598932757772, 1.4938236768884101
flux1:, 1.5114542811112421, 1.0076546110426137, 1.4003867967874664
flux1:, 1.5124366379818461, 0.9762941107249351, 1.311090014685955
flux1:, 1.5134189948524501, 0.9431979571232422, 1.242002655115772
flux1:, 1.5144013517230541, 0.8722761664237828, 1.1681077420049994
flux1:, 1.515383708593658, 0.8278568246671314, 1.0878142890113949
flux1:, 1.516366065464262, 0.8068035966718846, 1.02488725425235
flux1:, 1.5173484223348659, 0.7504201930347624, 0.9674743650445572
flux1:, 1.5183307792054699, 0.6967024592464558, 0.8996989435327826
flux1:, 1.5193131360760739, 0.6790303445592664, 0.8409773392094595
flux1:, 1.5202954929466777, 0.6415381329854217, 0.7951374189489088
flux1:, 1.5212778498172816, 0.5860189034266463, 0.7417688307215349
flux1:, 1.5222602066878856, 0.5648336259329758, 0.688213526756546
flux1:, 1.5232425635584896, 0.5447319433904251, 0.6491276885523811
flux1:, 1.5242249204290936, 0.4955549675874462, 0.609380929921304
flux1:, 1.5252072772996974, 0.4675239111656044, 0.5633453096915289
flux1:, 1.5261896341703014, 0.45918615755620873, 0.527863975573127
flux1:, 1.5271719910409054, 0.42274175415333404, 0.49866109817740945
flux1:, 1.5281543479115094, 0.38852404839422333, 0.4621191592213197
flux1:, 1.5291367047821134, 0.38440811604082026, 0.4293512157402836
flux1:, 1.5301190616527172, 0.3637274603292268, 0.40665888424546137
flux1:, 1.5311014185233212, 0.32742979919835263, 0.3799769624320725
flux1:, 1.5320837753939252, 0.320425693833617, 0.3508160891393565
flux1:, 1.5330661322645291, 0.31437808778222937, 0.33116144180682
flux1:, 1.5340484891351331, 0.28212077434087507, 0.312818689678667
flux1:, 1.535030846005737, 0.26775024661772007, 0.2888102021910731
flux1:, 1.536013202876341, 0.2712793073155446, 0.2702953870706532
flux1:, 1.536995559746945, 0.2490008765822093, 0.25749134614903835
flux1:, 1.537977916617549, 0.22692472870011468, 0.2396444614314195
flux1:, 1.538960273488153, 0.2325549209618125, 0.22212883251469903
flux1:, 1.5399426303587567, 0.22358600568627185, 0.21187109319167344
flux1:, 1.5409249872293607, 0.1977510505568493, 0.1999355057449624
flux1:, 1.5419073440999647, 0.19817621857751558, 0.18445646650154077
flux1:, 1.5428897009705687, 0.20151187078652488, 0.17459811001715828
flux1:, 1.5438720578411727, 0.17857775819424704, 0.16704824977759034
flux1:, 1.5448544147117764, 0.16952037321791502, 0.15484916421504463
flux1:, 1.5458367715823806, 0.17973113881541947, 0.14464263949655257
flux1:, 1.5468191284529844, 0.16612723233238968, 0.13928463987459677
flux1:, 1.5478014853235884, 0.1482327669662211, 0.13092964204501695
flux1:, 1.5487838421941924, 0.15740740698241598, 0.12091485729470958
flux1:, 1.5497661990647964, 0.15616429406319662, 0.11577345924435128
flux1:, 1.5507485559354004, 0.134830602786508, 0.11073899959487017
flux1:, 1.5517309128060042, 0.13597508864012994, 0.10208640960393281
flux1:, 1.5527132696766082, 0.1448897484947717, 0.0961313231244256
flux1:, 1.5536956265472122, 0.12775477980365357, 0.09301761800087636
flux1:, 1.5546779834178162, 0.11812592342902323, 0.08668530815395563
flux1:, 1.5556603402884202, 0.13045022007771323, 0.08005638914361744
flux1:, 1.556642697159024, 0.12351358896912319, 0.07725765089813554
flux1:, 1.557625054029628, 0.10605615322836441, 0.07339125452761583
flux1:, 1.558607410900232, 0.11368691475113012, 0.0670437186527627
flux1:, 1.559589767770836, 0.11804869976841055, 0.06349082431153676
flux1:, 1.56057212464144, 0.09987741971318043, 0.06135072365629181
flux1:, 1.5615544815120437, 0.09750402648394854, 0.05634696074083786
flux1:, 1.5625368383826477, 0.10866964606825673, 0.05191374655286799
flux1:, 1.5635191952532517, 0.0972028902907699, 0.050314910658136126
flux1:, 1.5645015521238557, 0.08504360401897205, 0.047171607284266094
flux1:, 1.5654839089944597, 0.09537617266671954, 0.042545444264268074
flux1:, 1.5664662658650634, 0.09429104478271458, 0.04050726555298244
flux1:, 1.5674486227356674, 0.07772323434852764, 0.03894755976991345
flux1:, 1.5684309796062714, 0.08065336092440213, 0.035088374253541506
flux1:, 1.5694133364768754, 0.08807874591661832, 0.03229665904765529
flux1:, 1.5703956933474794, 0.07439119941146488, 0.03148973718676896
flux1:, 1.5713780502180832, 0.06783534749543016, 0.02903041535948522
flux1:, 1.5723604070886872, 0.07778289431492841, 0.025869702950227728
flux1:, 1.5733427639592912, 0.07210521312656913, 0.024946235777604287
flux1:, 1.5743251208298952, 0.05912199504620425, 0.023876569811016927
flux1:, 1.5753074777004992, 0.06507618623759451, 0.02107731233399859
flux1:, 1.576289834571103, 0.06791937851399077, 0.019582139878335517
flux1:, 1.577272191441707, 0.054492605114941625, 0.019341583020490313
flux1:, 1.578254548312311, 0.05286773267298979, 0.017502292453274174
flux1:, 1.579236905182915, 0.060472633898623736, 0.015542182213260805
flux1:, 1.580219262053519, 0.0520347575369145, 0.015393655922987194
flux1:, 1.5812016189241227, 0.043593676442606, 0.014661427545091768
flux1:, 1.5821839757947267, 0.05047875497913652, 0.012724084365771295
flux1:, 1.5831663326653307, 0.049258892381895264, 0.012151915355636155
flux1:, 1.5841486895359347, 0.038056618968254546, 0.0122021195659498
flux1:, 1.5851310464065387, 0.04003485401323297, 0.010807881237288569
flux1:, 1.5861134032771425, 0.04448488299242619, 0.009724144642838736
flux1:, 1.5870957601477467, 0.03532853674554429, 0.009991130854718214
flux1:, 1.5880781170183504, 0.031345787598242386, 0.009394534835486575
flux1:, 1.5890604738889544, 0.037548880438588436, 0.00808558500153805
flux1:, 1.5900428307595584, 0.03354269947290605, 0.008075256724254529
flux1:, 1.5910251876301624, 0.025639310629913988, 0.00816147911624972
flux1:, 1.5920075445007664, 0.029611638567783868, 0.007055450278260293
flux1:, 1.5929899013713702, 0.030982416350294174, 0.0065646487985836135
flux1:, 1.5939722582419742, 0.02276848728114712, 0.006955087029855889
flux1:, 1.5949546151125782, 0.02235606611558869, 0.0063643910503268794
flux1:, 1.5959369719831822, 0.02686929087498899, 0.005516004036940164
flux1:, 1.5969193288537862, 0.021543104690655943, 0.005788999192388762
flux1:, 1.59790168572439, 0.017091569674431144, 0.005761263558870851
flux1:, 1.598884042594994, 0.021541398782689312, 0.004874118688857292
flux1:, 1.599866399465598, 0.020476120654112088, 0.004769348029690151
flux1:, 1.600848756336202, 0.014206091625401164, 0.005098859106310783
flux1:, 1.601831113206806, 0.016070224465821483, 0.004487861469972523
flux1:, 1.6028134700774097, 0.018512270766808486, 0.003997560251938958
flux1:, 1.6037958269480137, 0.013146471927857454, 0.004360759046450109
flux1:, 1.6047781838186177, 0.01161129609791187, 0.004176932708765338
flux1:, 1.6057605406892217, 0.015411359317213647, 0.0035006285938875576
flux1:, 1.6067428975598257, 0.012829421369641464, 0.003626888101746956
flux1:, 1.6077252544304295, 0.008839412106985502, 0.0038064731257130904
flux1:, 1.6087076113010335, 0.011683853406992429, 0.0032153740167977273
flux1:, 1.6096899681716375, 0.012213429810358856, 0.003004405643738837
flux1:, 1.6106723250422414, 0.00770875165583978, 0.003331441107282786
flux1:, 1.6116546819128454, 0.008196554536081055, 0.0030229008482167384
flux1:, 1.6126370387834492, 0.010744033786415712, 0.0025616846091987364
flux1:, 1.6136193956540532, 0.007585831409623464, 0.0027940703381982225
flux1:, 1.6146017525246572, 0.005689964864289705, 0.0028069706457382777
flux1:, 1.6155841093952612, 0.008495748347411758, 0.002295021609490889
flux1:, 1.6165664662658652, 0.0076271846903044884, 0.0022827701134709648
flux1:, 1.617548823136469, 0.0044435114687103065, 0.002503681136673875
flux1:, 1.618531180007073, 0.006002005347476908, 0.0021375388418653344
flux1:, 1.619513536877677, 0.007185884960930484, 0.001877704552297919
flux1:, 1.620495893748281, 0.004215621705519499, 0.002119552150712445
flux1:, 1.621478250618885, 0.003907361781723157, 0.001998493953965278
flux1:, 1.6224606074894887, 0.0060550490496127105, 0.0016107048945300712
flux1:, 1.6234429643600927, 0.004437429432123548, 0.0017139341855917525
flux1:, 1.6244253212306967, 0.0026347881049540323, 0.001808721724672303
flux1:, 1.6254076781013007, 0.00446443671715452, 0.001456160663180967
flux1:, 1.6263900349719047, 0.00452434694692083, 0.0013595848927508583
flux1:, 1.6273723918425085, 0.00222070426963644, 0.0015487896790119173
flux1:, 1.6283547487131127, 0.0028763920878079586, 0.0013520637628175705
flux1:, 1.6293371055837165, 0.004137331289128688, 0.0011039169328845382
flux1:, 1.6303194624543205, 0.002364395337520865, 0.0012485481376408815
flux1:, 1.6313018193249245, 0.0017147361058313672, 0.0012357117642085053
flux1:, 1.6322841761955285, 0.0032793236684270748, 0.0009497598436860789
flux1:, 1.6332665330661325, 0.002627167879855555, 0.000962796924757785
flux1:, 1.6342488899367362, 0.001168261151893904, 0.0010736644242610594
flux1:, 1.6352312468073402, 0.0022130485741557286, 0.0008618032552209696
flux1:, 1.6362136036779442, 0.002656153545094985, 0.0007391861112793927
flux1:, 1.6371959605485482, 0.0011472199158688904, 0.000871742419262581
flux1:, 1.6381783174191522, 0.0012759844131803727, 0.0007908332873522841
flux1:, 1.639160674289756, 0.0023205040337973145, 0.0005958644791703205
flux1:, 1.64014303116036, 0.001380719609123367, 0.0006635421404912697
flux1:, 1.641125388030964, 0.0007028331672508789, 0.0007000578548455841
flux1:, 1.642107744901568, 0.0017142300823954483, 0.0005183323186041495
flux1:, 1.643090101772172, 0.0015768850522349148, 0.00048742959639921923
flux1:, 1.6440724586427757, 0.0005378734637463525, 0.0005796213241575771
flux1:, 1.6450548155133797, 0.0010550987221667636, 0.00047317603059569694
flux1:, 1.6460371723839837, 0.001555199479984144, 0.00036613856666624996
flux1:, 1.6470195292545877, 0.0006568558057562213, 0.0004443769765916816
flux1:, 1.6480018861251917, 0.000552134115369853, 0.00042798618121542823
flux1:, 1.6489842429957955, 0.001295819636612109, 0.0002988201646897755
flux1:, 1.6499665998663995, 0.0008608668439933639, 0.00031987294668981927
flux1:, 1.6509489567370035, 0.00031108484590990857, 0.0003658763558310922
flux1:, 1.6519313136076075, 0.0009040994993123624, 0.0002666438331801768
flux1:, 1.6529136704782115, 0.0009803033455925599, 0.0002265650430085246
flux1:, 1.6538960273488152, 0.00031133976562783483, 0.0002886163698187023
flux1:, 1.6548783842194192, 0.0005287007947478292, 0.00024570433951982866
flux1:, 1.6558607410900232, 0.0009388375966327768, 0.00017070140916078527
flux1:, 1.6568430979606272, 0.00044571030179550876, 0.00020985412419964865
flux1:, 1.6578254548312312, 0.0002827456144795593, 0.00021884231933625963
flux1:, 1.658807811701835, 0.0007592671392330164, 0.00014461624181279624
flux1:, 1.659790168572439, 0.0005880658906110038, 0.0001445889979420935
flux1:, 1.660772525443043, 0.00020249686216576457, 0.0001808847943859107
flux1:, 1.661754882313647, 0.0005245880845952555, 0.0001335973035736452
flux1:, 1.662737239184251, 0.0006509048664338185, 0.00010116133487738207
flux1:, 1.6637195960548548, 0.00025144691844988765, 0.00013673840670076686
flux1:, 1.6647019529254587, 0.00032410139975579827, 0.00012404865214779492
flux1:, 1.6656843097960627, 0.0006101849023645938, 7.885585331443657e-05
flux1:, 1.6666666666666667, 0.00035503811347011987, 9.546396244735794e-05
