flux1:, 1.1764705882352942, 0.0001440007648663234, 0.000325625771247147
flux1:, 1.1774529451058982, -3.24425909854644e-05, 0.0006518954041812669
flux1:, 1.1784353019765021, 0.00016405313361435002, 0.0003957025700879886
flux1:, 1.179417658847106, 0.0002562062775209578, 0.00020739479201735598
flux1:, 1.18040001571771, 4.806399274234606e-06, 0.0005934182773048132
flux1:, 1.181382372588314, 7.298462275818929e-05, 0.0005867801971426007
flux1:, 1.182364729458918, 0.0003217312193120167, 0.00020433453177071362
flux1:, 1.183347086329522, 0.00011842405373507768, 0.00043877259588647995
flux1:, 1.1843294432001257, -8.088252556871557e-06, 0.0007083993052883487
flux1:, 1.1853118000707297, 0.00030285135397217663, 0.0003281023414612491
flux1:, 1.1862941569413337, 0.0002693629179033862, 0.0002863677971939179
flux1:, 1.1872765138119377, -2.141306773846104e-05, 0.0007057458104368313
flux1:, 1.1882588706825417, 0.0002091700490830183, 0.0005131208103936019
flux1:, 1.1892412275531457, 0.0003960106294430135, 0.0002192042089087563
flux1:, 1.1902235844237494, 5.86901665667945e-05, 0.0006008109217305834
flux1:, 1.1912059412943534, 9.006859133580308e-05, 0.0006757119484012567
flux1:, 1.1921882981649574, 0.00044928410392383746, 0.0002617137503303165
flux1:, 1.1931706550355614, 0.0002167888924857712, 0.0004576726680466779
flux1:, 1.1941530119061654, 7.64683356883594e-06, 0.0007626914712117165
flux1:, 1.1951353687767692, 0.00041258796693555356, 0.00038804116154890874
flux1:, 1.1961177256473732, 0.00040866322879837014, 0.00033930363081256055
flux1:, 1.1971000825179772, 1.3155126891367853e-05, 0.0007635995516435339
flux1:, 1.1980824393885812, 0.0003045343708479398, 0.0005509914138627996
flux1:, 1.1990647962591852, 0.000579557080060149, 0.00028390892392191075
flux1:, 1.200047153129789, 0.00013400876281135311, 0.0006995004476359433
flux1:, 1.201029510000393, 0.00017288741341395003, 0.0007076332948056526
flux1:, 1.202011866870997, 0.0006806094025924368, 0.0003008060417008176
flux1:, 1.202994223741601, 0.00036885079369450806, 0.0006041250314652594
flux1:, 1.203976580612205, 8.586499164364413e-05, 0.0008346213480716474
flux1:, 1.2049589374828087, 0.0006828170763371121, 0.00037950146224648986
flux1:, 1.2059412943534127, 0.0006872329428320721, 0.0005052207382642641
flux1:, 1.2069236512240167, 0.00012287006078946005, 0.0009322880932676515
flux1:, 1.2079060080946207, 0.0005907282174352045, 0.0005089024145384947
flux1:, 1.2088883649652247, 0.0010322798848057424, 0.0004113081258803912
flux1:, 1.2098707218358287, 0.0003638123750247057, 0.0010148864945363624
flux1:, 1.2108530787064324, 0.00045920958509569035, 0.0007058428435170521
flux1:, 1.2118354355770364, 0.0013270327824241742, 0.0003145918068844933
flux1:, 1.2128177924476404, 0.0008720171715469062, 0.001081179061856036
flux1:, 1.2138001493182444, 0.0004164851342869991, 0.00104748154099413
flux1:, 1.2147825061888484, 0.001489646287484313, 0.00023811457468963154
flux1:, 1.2157648630594522, 0.0016539114392081448, 0.0010634713030505177
flux1:, 1.2167472199300562, 0.0006849678866208426, 0.0016737301108875173
flux1:, 1.2177295768006602, 0.0014741318278266482, 0.00038638119358159963
flux1:, 1.2187119336712642, 0.00255156438261596, 0.0008072695187616913
flux1:, 1.2196942905418682, 0.001515020672949006, 0.002621124549504489
flux1:, 1.220676647412472, 0.0013651535502100056, 0.0013881708040727246
flux1:, 1.221659004283076, 0.003064344113131226, 0.000369297877919448
flux1:, 1.22264136115368, 0.00275765887618018, 0.003286940844044769
flux1:, 1.223623718024284, 0.0014330641461331014, 0.003848399107826614
flux1:, 1.224606074894888, 0.0026363679957458717, 0.0008541108885624747
flux1:, 1.2255884317654917, 0.003446345789022648, 0.0026209203282507834
flux1:, 1.2265707886360957, 0.0017867678299519965, 0.006328730619700319
flux1:, 1.2275531455066997, 0.0018015013396021325, 0.003536240914552304
flux1:, 1.2285355023773037, 0.0033299284300228, 0.0015631431861345324
flux1:, 1.2295178592479077, 0.002353269823431645, 0.006533067058269085
flux1:, 1.2305002161185117, 0.0015465515855208984, 0.007388253117869132
flux1:, 1.2314825729891155, 0.003505816105198574, 0.0024922519176788253
flux1:, 1.2324649298597194, 0.003770039823705975, 0.004661810555128606
flux1:, 1.2334472867303234, 0.002375880445804648, 0.009879867389256721
flux1:, 1.2344296436009274, 0.004354653705242852, 0.006194874385980095
flux1:, 1.2354120004715314, 0.006586013910867798, 0.002733230067583053
flux1:, 1.2363943573421352, 0.004871687014469765, 0.007741911799006468
flux1:, 1.2373767142127392, 0.0046766741622690745, 0.008774238355973393
flux1:, 1.2383590710833432, 0.007694613729209581, 0.0029717805917121617
flux1:, 1.2393414279539472, 0.0071222823642207896, 0.0031726284285110012
flux1:, 1.2403237848245512, 0.004320269905208102, 0.00677847008381099
flux1:, 1.241306141695155, 0.005689961704690213, 0.0039078948963871514
flux1:, 1.242288498565759, 0.007135850801303671, 0.001470632456979839
flux1:, 1.243270855436363, 0.004517193535703471, 0.00441734315274765
flux1:, 1.244253212306967, 0.0038203531514184766, 0.00429175213640216
flux1:, 1.245235569177571, 0.00606085782330813, 0.0016141520075442536
flux1:, 1.2462179260481747, 0.005094469607614935, 0.0032951122313987706
flux1:, 1.2472002829187787, 0.0031587200874499417, 0.0045425109217792255
flux1:, 1.2481826397893827, 0.004858865792126723, 0.0022711495235834206
flux1:, 1.2491649966599867, 0.005581835866523604, 0.002899438188813776
flux1:, 1.2501473535305907, 0.0034820687280665242, 0.004891015898842515
flux1:, 1.2511297104011945, 0.003969576249065818, 0.0031836889227218265
flux1:, 1.2521120672717985, 0.005761527077313315, 0.0028396176870382557
flux1:, 1.2530944241424025, 0.004392924235589297, 0.005271805718260039
flux1:, 1.2540767810130065, 0.003643837079867638, 0.004380053961658968
flux1:, 1.2550591378836105, 0.005649365359732101, 0.0030654463371693626
flux1:, 1.2560414947542144, 0.005513696907223246, 0.0055450737547419705
flux1:, 1.2570238516248182, 0.004000664955742549, 0.005828544752941427
flux1:, 1.2580062084954222, 0.005433956229545988, 0.0037244003400083285
flux1:, 1.2589885653660262, 0.00654477565253081, 0.005657190700319162
flux1:, 1.2599709222366302, 0.005010949389350523, 0.00736301201142387
flux1:, 1.2609532791072342, 0.005401567028677194, 0.004998072112245934
flux1:, 1.261935635977838, 0.007323350486314567, 0.005728762392911071
flux1:, 1.262917992848442, 0.006503824209090518, 0.008736562508247362
flux1:, 1.263900349719046, 0.0058415520760689114, 0.006959301604459286
flux1:, 1.26488270658965, 0.00786633351925052, 0.006059587389479118
flux1:, 1.265865063460254, 0.008220354640427035, 0.00974329771401447
flux1:, 1.266847420330858, 0.00694995155470907, 0.009483606626455358
flux1:, 1.2678297772014617, 0.008369491976139589, 0.007046284538878474
flux1:, 1.2688121340720657, 0.009907077755374291, 0.010354184578511984
flux1:, 1.2697944909426697, 0.00876155182942828, 0.012249635613986546
flux1:, 1.2707768478132737, 0.009149951980573001, 0.00903509674698625
flux1:, 1.2717592046838777, 0.011420853264289443, 0.0108058403667624
flux1:, 1.2727415615544815, 0.011138534140146131, 0.014840215928337307
flux1:, 1.2737239184250855, 0.010542417419940268, 0.01216240218540506
flux1:, 1.2747062752956895, 0.012806479879279943, 0.01159216084837373
flux1:, 1.2756886321662935, 0.013828046608535942, 0.01691997285647808
flux1:, 1.2766709890368975, 0.012781180524874435, 0.01625195570645998
flux1:, 1.2776533459075012, 0.014312000803154583, 0.013339112939069383
flux1:, 1.2786357027781052, 0.016575913907200788, 0.018426997126382967
flux1:, 1.2796180596487092, 0.015912624427183327, 0.020828763030022093
flux1:, 1.2806004165193132, 0.016325993635489575, 0.01659048772573066
flux1:, 1.2815827733899172, 0.019258629925303493, 0.01969633769591704
flux1:, 1.282565130260521, 0.019778837995369402, 0.0252722833677429
flux1:, 1.283547487131125, 0.019250766169769524, 0.02157809489596248
flux1:, 1.284529844001729, 0.02198131123125757, 0.02144383196148396
flux1:, 1.285512200872333, 0.02409068811574031, 0.029075682742000016
flux1:, 1.286494557742937, 0.023355141160836423, 0.0280742511433357
flux1:, 1.2874769146135407, 0.025094166725271313, 0.024583339512772032
flux1:, 1.2884592714841447, 0.02857391255563123, 0.03212324653644881
flux1:, 1.2894416283547487, 0.02866754031753902, 0.035411573776726255
flux1:, 1.2904239852253527, 0.029106421051582006, 0.02991733445327356
flux1:, 1.2914063420959567, 0.03313695186822518, 0.03486916532091421
flux1:, 1.2923886989665605, 0.03496410324626022, 0.042701818820057275
flux1:, 1.2933710558371645, 0.03451766271060949, 0.03780585398842942
flux1:, 1.2943534127077685, 0.037989675982493226, 0.03831656535325322
flux1:, 1.2953357695783725, 0.041875170885921235, 0.04920578922256129
flux1:, 1.2963181264489765, 0.041627310200374794, 0.04795287408838185
flux1:, 1.2973004833195805, 0.043649983651694264, 0.04375938163998908
flux1:, 1.2982828401901843, 0.04908513875152829, 0.054729267710208376
flux1:, 1.2992651970607882, 0.050405150423510854, 0.05943015481246644
flux1:, 1.3002475539313922, 0.050812940408082784, 0.05234439570860219
flux1:, 1.3012299108019962, 0.05655321651956135, 0.059879940080250785
flux1:, 1.3022122676726002, 0.060495475345739576, 0.070982636973711
flux1:, 1.303194624543204, 0.060114236699895976, 0.06460176341773724
flux1:, 1.304176981413808, 0.06465776942156726, 0.06604349499996204
flux1:, 1.305159338284412, 0.07138213845807767, 0.08154776939394076
flux1:, 1.306141695155016, 0.0718750829215861, 0.08013922375398393
flux1:, 1.30712405202562, 0.07418078661941878, 0.07502678587205473
flux1:, 1.308106408896224, 0.08267425555171426, 0.0908139000816414
flux1:, 1.3090887657668278, 0.08594316897548863, 0.09766742518028469
flux1:, 1.3100711226374318, 0.08610326529111936, 0.08844741789673498
flux1:, 1.3110534795080357, 0.09440820626171273, 0.09958831702120419
flux1:, 1.3120358363786397, 0.1017268368035761, 0.11541870461580417
flux1:, 1.3130181932492437, 0.10126236814259931, 0.10707470035369737
flux1:, 1.3140005501198475, 0.107230504001677, 0.10977780735826247
flux1:, 1.3149829069904515, 0.11845418286922031, 0.1318679472286432
flux1:, 1.3159652638610555, 0.11999552828282699, 0.13039066204098507
flux1:, 1.3169476207316595, 0.1223483579810717, 0.12390660698961997
flux1:, 1.3179299776022635, 0.13559521491908805, 0.14651825707080393
flux1:, 1.3189123344728673, 0.1419325275748618, 0.15660412402125948
flux1:, 1.3198946913434713, 0.14121199843607626, 0.14427449045888432
flux1:, 1.3208770482140753, 0.15329797727556407, 0.16043768461572447
flux1:, 1.3218594050846793, 0.16607002172283306, 0.18321076124045857
flux1:, 1.3228417619552832, 0.1650026629030743, 0.17202810616556033
flux1:, 1.323824118825887, 0.17264749177935818, 0.17627229696981211
flux1:, 1.324806475696491, 0.19117342643983576, 0.20798844076167602
flux1:, 1.325788832567095, 0.19410290762952218, 0.2065101470865287
flux1:, 1.326771189437699, 0.19558559209230617, 0.1976166096808303
flux1:, 1.327753546308303, 0.21642352862612463, 0.23011848193066053
flux1:, 1.3287359031789068, 0.22777822410577173, 0.24521449375474125
flux1:, 1.3297182600495108, 0.22443138864935552, 0.22785565052193887
flux1:, 1.3307006169201148, 0.24210402545742823, 0.25101145531900315
flux1:, 1.3316829737907188, 0.2642716449057117, 0.2845046829265838
flux1:, 1.3326653306613228, 0.2610891440721454, 0.268823335753728
flux1:, 1.3336476875319265, 0.27005968183075857, 0.274445185510999
flux1:, 1.3346300444025305, 0.30140450253381024, 0.3209929113358559
flux1:, 1.3356124012731345, 0.3061747985809021, 0.31976389702150065
flux1:, 1.3365947581437385, 0.3036755530679484, 0.30580348045524897
flux1:, 1.3375771150143425, 0.3376161083739591, 0.3532113472234326
flux1:, 1.3385594718849465, 0.3583831282835044, 0.37707300014146533
flux1:, 1.3395418287555503, 0.3472395861374124, 0.3504918760158268
flux1:, 1.3405241856261543, 0.3732164123509519, 0.38303363827622344
flux1:, 1.3415065424967583, 0.4144214758971678, 0.4351201460359188
flux1:, 1.3424888993673623, 0.40472419552184724, 0.4119125533783377
flux1:, 1.3434712562379663, 0.4115291116930688, 0.41629663778921
flux1:, 1.34445361310857, 0.4697560857040877, 0.48816371015907295
flux1:, 1.345435969979174, 0.4782019800512994, 0.4896021744351825
flux1:, 1.346418326849778, 0.45962136644521473, 0.46226095639052245
flux1:, 1.347400683720382, 0.5203122473683703, 0.5330784140720681
flux1:, 1.348383040590986, 0.5662324521248978, 0.5781898744630748
flux1:, 1.34936539746159, 0.5284925418966513, 0.5319090949667781
flux1:, 1.3503477543321938, 0.5652975320614508, 0.5725124663680189
flux1:, 1.3513301112027978, 0.6625688971328555, 0.6676956879546707
flux1:, 1.3523124680734018, 0.6330056031709393, 0.6355632340130126
flux1:, 1.3532948249440058, 0.6119402376994018, 0.6185832830321732
flux1:, 1.3542771818146098, 0.7554367394537754, 0.7454726352354243
flux1:, 1.3552595386852135, 0.7928318223159713, 0.7809580101973483
flux1:, 1.3562418955558175, 0.6860625621081816, 0.6998236415020078
flux1:, 1.3572242524264215, 0.8277315025176729, 0.8004633254187055
flux1:, 1.3582066092970255, 1.039150289445871, 0.9744995174794603
flux1:, 1.3591889661676295, 0.8696569661021504, 0.8882057169561346
flux1:, 1.3601713230382333, 0.8623996163431373, 0.836828862423421
flux1:, 1.3611536799088373, 1.4522623781395243, 1.2380533261434863
flux1:, 1.3621360367794413, 1.5360235428869788, 1.4882852606656876
flux1:, 1.3631183936500453, 0.9364084590336275, 1.0057725509685354
flux1:, 1.3641007505206493, 2.520359238728515, 1.8005962584314044
flux1:, 1.365083107391253, 8.151321125519418, 7.273476167833515
flux1:, 1.366065464261857, 14.263011945341248, 15.873493330617148
flux1:, 1.367047821132461, 15.34613206412899, 19.38945472893164
flux1:, 1.368030178003065, 10.680304925899755, 13.16577265352655
flux1:, 1.369012534873669, 4.646979499304441, 4.335082343899016
flux1:, 1.3699948917442728, 1.3732242355816975, 1.8421532834123209
flux1:, 1.3709772486148768, 1.2133783612561575, 3.3040058967892083
flux1:, 1.3719596054854808, 2.056786669377326, 2.4282230920808043
flux1:, 1.3729419623560848, 2.7474915818673047, 2.463823958191514
flux1:, 1.3739243192266888, 4.260639654645565, 8.58642829039916
flux1:, 1.3749066760972926, 6.9831383250706125, 14.60450369240761
flux1:, 1.3758890329678966, 8.529626594780234, 12.041201314666262
flux1:, 1.3768713898385005, 6.729732765481224, 4.758393064182823
flux1:, 1.3778537467091045, 3.378477570410882, 1.4484271440982137
flux1:, 1.3788361035797085, 1.8422270561811407, 2.0500062585998107
flux1:, 1.3798184604503125, 2.282113468993834, 2.089287744581107
flux1:, 1.3808008173209163, 2.5220017928649807, 1.5618744852176194
flux1:, 1.3817831741915203, 2.07575173871167, 1.9032147370961188
flux1:, 1.3827655310621243, 2.0095792008541804, 2.100040157518642
flux1:, 1.3837478879327283, 2.3123288160500968, 1.7789438011007919
flux1:, 1.3847302448033323, 2.2727785871563215, 1.9275309331062342
flux1:, 1.3857126016739363, 2.119808551008776, 2.2194472770836824
flux1:, 1.38669495854454, 2.2824564845187605, 2.030246241811357
flux1:, 1.387677315415144, 2.4176259273367724, 2.016958815162868
flux1:, 1.388659672285748, 2.3218907671791995, 2.3253181160771423
flux1:, 1.389642029156352, 2.3557133369444117, 2.2846528812184155
flux1:, 1.390624386026956, 2.5308144756974382, 2.164071292572762
flux1:, 1.3916067428975598, 2.534776640653086, 2.410835718002931
flux1:, 1.3925890997681638, 2.498224684424624, 2.512690134495674
flux1:, 1.3935714566387678, 2.634104822027892, 2.3600720054705224
flux1:, 1.3945538135093718, 2.7243846674655954, 2.4926182267476564
flux1:, 1.3955361703799758, 2.680914401180245, 2.6936486302935374
flux1:, 1.3965185272505796, 2.7452780044027985, 2.584134050355478
flux1:, 1.3975008841211836, 2.8784085153333656, 2.591011085943941
flux1:, 1.3984832409917876, 2.8743344937775825, 2.821348143958203
flux1:, 1.3994655978623916, 2.873857928112826, 2.806320455570888
flux1:, 1.4004479547329955, 2.9988791324051483, 2.7188903524813615
flux1:, 1.4014303116035993, 3.0516107660282645, 2.9051493372820607
flux1:, 1.4024126684742033, 3.018451461744693, 2.9959505514251155
flux1:, 1.4033950253448073, 3.096434425320864, 2.874969586787732
flux1:, 1.4043773822154113, 3.1934379621976454, 2.9653953680577256
flux1:, 1.4053597390860153, 3.1671996731426444, 3.131243146235019
flux1:, 1.406342095956619, 3.183799710389299, 3.042921530185345
flux1:, 1.407324452827223, 3.291841877039868, 3.0247018400125345
flux1:, 1.408306809697827, 3.3017754251701907, 3.2062162002903754
flux1:, 1.409289166568431, 3.269469548881517, 3.196699526268824
flux1:, 1.410271523439035, 3.35061223991903, 3.0984193263300748
flux1:, 1.4112538803096388, 3.4038607921095116, 3.2318530911412817
flux1:, 1.4122362371802428, 3.3536219353252728, 3.310144401195743
flux1:, 1.4132185940508468, 3.3818296177941605, 3.1882213199317904
flux1:, 1.4142009509214508, 3.4617884038369704, 3.2308566855252465
flux1:, 1.4151833077920548, 3.4278741493675855, 3.367049991027276
flux1:, 1.4161656646626586, 3.3996751567418473, 3.2816330383037933
flux1:, 1.4171480215332626, 3.474703935444459, 3.2280756781598208
flux1:, 1.4181303784038666, 3.479038334871114, 3.3674930536162577
flux1:, 1.4191127352744706, 3.414028715634202, 3.357797415540702
flux1:, 1.4200950921450746, 3.4524943848952914, 3.2406244411534355
flux1:, 1.4210774490156786, 3.495291448172308, 3.3277518301577014
flux1:, 1.4220598058862823, 3.4265629530488613, 3.397021206466489
flux1:, 1.4230421627568863, 3.411503438424736, 3.2718612018364954
flux1:, 1.4240245196274903, 3.47203896736365, 3.273895831456644
flux1:, 1.4250068764980943, 3.4309693456689714, 3.389976563668131
flux1:, 1.4259892333686983, 3.3678973670683297, 3.3116538956784494
flux1:, 1.4269715902393023, 3.414835333163121, 3.23183719798822
flux1:, 1.427953947109906, 3.417094529522275, 3.342630812075858
flux1:, 1.42893630398051, 3.3315645145419013, 3.342589258106116
flux1:, 1.429918660851114, 3.3380183411106286, 3.2180522361303883
flux1:, 1.430901017721718, 3.377006463373081, 3.274891635147898
flux1:, 1.431883374592322, 3.3031507539950846, 3.349262599391451
flux1:, 1.4328657314629258, 3.2596136954433623, 3.2347414703392774
flux1:, 1.4338480883335298, 3.310165977189628, 3.2136522707308255
flux1:, 1.4348304452041338, 3.2754061432764376, 3.3266040471867098
flux1:, 1.4358128020747378, 3.1946944433606634, 3.271204824912022
flux1:, 1.4367951589453418, 3.225300199349628, 3.1832010494166383
flux1:, 1.4377775158159456, 3.2381124558308576, 3.2837492939189845
flux1:, 1.4387598726865496, 3.150034919446434, 3.310602117058398
flux1:, 1.4397422295571536, 3.1380298615643794, 3.1969187390244738
flux1:, 1.4407245864277576, 3.1843057621717414, 3.2418867104267313
flux1:, 1.4417069432983616, 3.1223337550137864, 3.339126146124996
flux1:, 1.4426893001689653, 3.0651402117480693, 3.2535455657398686
flux1:, 1.4436716570395693, 3.114928733209836, 3.2269508237617597
flux1:, 1.4446540139101733, 3.100762100926199, 3.3537137994569237
flux1:, 1.4456363707807773, 3.0178484909227246, 3.339410923158565
flux1:, 1.4466187276513813, 3.039648684693453, 3.260035621369407
flux1:, 1.447601084521985, 3.0727358791846022, 3.365001274363167
flux1:, 1.448583441392589, 2.9969395403078996, 3.4356404614534797
flux1:, 1.449565798263193, 2.9731209004174506, 3.3492832822356284
flux1:, 1.450548155133797, 3.0303222427176713, 3.3940155856121956
flux1:, 1.451530512004401, 2.992006235248626, 3.527324974041924
flux1:, 1.4525128688750049, 2.9279234690658154, 3.486495775270464
flux1:, 1.4534952257456089, 2.97415642663727, 3.463468782365364
flux1:, 1.4544775826162128, 2.9854165054371653, 3.610649718754356
flux1:, 1.4554599394868168, 2.9070708537497882, 3.650014233506423
flux1:, 1.4564422963574208, 2.9124903905861634, 3.5867724001578485
flux1:, 1.4574246532280246, 2.95952185145148, 3.694436795870065
flux1:, 1.4584070100986286, 2.8997797815086894, 3.8129919044717306
flux1:, 1.4593893669692326, 2.8550423465544874, 3.759325226623639
flux1:, 1.4603717238398366, 2.903771440503458, 3.794571237812365
flux1:, 1.4613540807104406, 2.88344024131822, 3.953789758266181
flux1:, 1.4623364375810444, 2.804246049520645, 3.956612217113419
flux1:, 1.4633187944516486, 2.8177807929236636, 3.923099150379682
flux1:, 1.4643011513222524, 2.8322069247317705, 4.063782626794334
flux1:, 1.4652835081928564, 2.749148855080517, 4.141578712642533
flux1:, 1.4662658650634603, 2.7080426118483865, 4.07739289040095
flux1:, 1.4672482219340643, 2.7287234436208814, 4.148467168458748
flux1:, 1.4682305788046683, 2.6674749438152823, 4.279470105355892
flux1:, 1.4692129356752721, 2.580062115948011, 4.236455409858334
flux1:, 1.470195292545876, 2.572304134294396, 4.2210088657523075
flux1:, 1.47117764941648, 2.5372486086832877, 4.35327304666846
flux1:, 1.472160006287084, 2.4321865123522115, 4.368459934266982
flux1:, 1.473142363157688, 2.377876003004063, 4.291951268408897
flux1:, 1.4741247200282919, 2.3519310792624526, 4.37061807880944
flux1:, 1.4751070768988959, 2.257904183330703, 4.445866550534259
flux1:, 1.4760894337694999, 2.1666376065401747, 4.361009506679094
flux1:, 1.4770717906401039, 2.1283355472839345, 4.356652812535738
flux1:, 1.4780541475107078, 2.0572013062018213, 4.457300693766313
flux1:, 1.4790365043813116, 1.9570900852985416, 4.41374463110645
flux1:, 1.4800188612519156, 1.900858279142074, 4.335006305719555
flux1:, 1.4810012181225196, 1.848455201133208, 4.406178272778296
flux1:, 1.4819835749931236, 1.7651676581375042, 4.420683420575067
flux1:, 1.4829659318637276, 1.7061510320232123, 4.30472702024468
flux1:, 1.4839482887343314, 1.6680247928253544, 4.295933883862307
flux1:, 1.4849306456049354, 1.611098225746102, 4.338072774984906
flux1:, 1.4859130024755394, 1.5685039695721523, 4.225351576119527
flux1:, 1.4868953593461434, 1.5500183657414133, 4.114882133687399
flux1:, 1.4878777162167474, 1.5168412130889897, 4.120882808825772
flux1:, 1.4888600730873511, 1.4922658578078094, 4.030496607414831
flux1:, 1.4898424299579551, 1.4968819456746956, 3.8411959822799733
flux1:, 1.4908247868285591, 1.4838121902239392, 3.75788393302094
flux1:, 1.4918071436991631, 1.4612987386134888, 3.6813181070400867
flux1:, 1.4927895005697671, 1.4737119310390308, 3.4716221074539586
flux1:, 1.4937718574403709, 1.4773556498857996, 3.2983596878668924
flux1:, 1.4947542143109749, 1.445927195847107, 3.2134741349513414
flux1:, 1.4957365711815789, 1.4404862395687275, 3.039059359998066
flux1:, 1.4967189280521829, 1.4511600520579777, 2.8235485515642904
flux1:, 1.4977012849227869, 1.4167911510029563, 2.713140896991482
flux1:, 1.4986836417933906, 1.3812624370467363, 2.59330205096253
flux1:, 1.4996659986639946, 1.3831875767727762, 2.3919212471171796
flux1:, 1.5006483555345986, 1.3567918707933446, 2.2545074542220074
flux1:, 1.5016307124052026, 1.2998443846466157, 2.1737168737496133
flux1:, 1.5026130692758066, 1.280132312773344, 2.020821322627386
flux1:, 1.5035954261464104, 1.2637470621931486, 1.870518540276136
flux1:, 1.5045777830170146, 1.203684544425456, 1.8014921560091017
flux1:, 1.5055601398876184, 1.1599396864218585, 1.7030897877720743
flux1:, 1.5065424967582224, 1.1460452014381914, 1.561348181935302
flux1:, 1.5075248536288264, 1.0973546552466888, 1.4845989053372772
flux1:, 1.5085072104994304, 1.0376556691269114, 1.426702017260209
flux1:, 1.5094895673700344, 1.0165270288467694, 1.3120331666480838
flux1:, 1.5104719242406381, 0.9839260728885192, 1.223118503054912
flux1:, 1.5114542811112421, 0.9212837498884661, 1.184116107014707
flux1:, 1.5124366379818461, 0.887556469610329, 1.1050635173201857
flux1:, 1.5134189948524501, 0.8672671144590686, 1.0120235430917826
flux1:, 1.5144013517230541, 0.8133886980980372, 0.9732812064168171
flux1:, 1.515383708593658, 0.7682219741638441, 0.9268100744926964
flux1:, 1.516366065464262, 0.7525048669683067, 0.8429021925926777
flux1:, 1.5173484223348659, 0.713955198799784, 0.7949056989998461
flux1:, 1.5183307792054699, 0.663522498262237, 0.7696296041087171
flux1:, 1.5193131360760739, 0.6450866848504395, 0.7058495430778596
flux1:, 1.5202954929466777, 0.6224171439150237, 0.6492282027166253
flux1:, 1.5212778498172816, 0.5748405184415435, 0.6312038281086356
flux1:, 1.5222602066878856, 0.5495833214619423, 0.59157625958713
flux1:, 1.5232425635584896, 0.5385663493283799, 0.5340100186543746
flux1:, 1.5242249204290936, 0.5009468249684239, 0.5123662858676752
flux1:, 1.5252072772996974, 0.46888931317949234, 0.4931493267938617
flux1:, 1.5261896341703014, 0.4627769507773054, 0.44426783275130266
flux1:, 1.5271719910409054, 0.43908461305261615, 0.4145615342977084
flux1:, 1.5281543479115094, 0.4038954418231923, 0.40679900860579055
flux1:, 1.5291367047821134, 0.39594214019387425, 0.37340652497464205
flux1:, 1.5301190616527172, 0.3860059376160287, 0.33785847433816363
flux1:, 1.5311014185233212, 0.3534972903307531, 0.3316093235404638
flux1:, 1.5320837753939252, 0.33922467655968264, 0.31496876292789044
flux1:, 1.5330661322645291, 0.3389328882939432, 0.2800429191246646
flux1:, 1.5340484891351331, 0.3148921844823791, 0.26833751818791274
flux1:, 1.535030846005737, 0.29357645667446003, 0.26418262781036256
flux1:, 1.536013202876341, 0.29631191088802394, 0.23686728241264493
flux1:, 1.536995559746945, 0.2842219491598821, 0.21788474470426183
flux1:, 1.537977916617549, 0.2590861758833924, 0.2187333908144461
flux1:, 1.538960273488153, 0.2581184806196508, 0.20316388668171662
flux1:, 1.5399426303587567, 0.25755760562190977, 0.18000643382800122
flux1:, 1.5409249872293607, 0.23441953569109764, 0.17855609442038617
flux1:, 1.5419073440999647, 0.22551746000466552, 0.17429818096030153
flux1:, 1.5428897009705687, 0.23201524067885973, 0.15272628215558612
flux1:, 1.5438720578411727, 0.21671875153513975, 0.14482176706556513
flux1:, 1.5448544147117764, 0.1999214052019781, 0.147370162547642
flux1:, 1.5458367715823806, 0.20658938277081915, 0.13264337022613157
flux1:, 1.5468191284529844, 0.20220248992728604, 0.11858457341928022
flux1:, 1.5478014853235884, 0.1818116278876371, 0.12168731732025204
flux1:, 1.5487838421941924, 0.18226327810104903, 0.11597099911379487
flux1:, 1.5497661990647964, 0.18736891987164722, 0.09968891254121251
flux1:, 1.5507485559354004, 0.1699142763029233, 0.09832171669482684
flux1:, 1.5517309128060042, 0.1612013393699555, 0.09982270730244777
flux1:, 1.5527132696766082, 0.1703021684814163, 0.08643265017360073
flux1:, 1.5536956265472122, 0.16126856975076093, 0.07896469749183561
flux1:, 1.5546779834178162, 0.1452984892249101, 0.08311495634200979
flux1:, 1.5556603402884202, 0.15136848987791218, 0.07613470262241835
flux1:, 1.556642697159024, 0.15230804227739222, 0.06464551074579242
flux1:, 1.557625054029628, 0.1348149820138281, 0.06661185228540979
flux1:, 1.558607410900232, 0.13279254418803352, 0.06628275034739793
flux1:, 1.559589767770836, 0.14045538695298826, 0.05497537023900741
flux1:, 1.56057212464144, 0.1279172181086811, 0.05208388340957214
flux1:, 1.5615544815120437, 0.11722617752792108, 0.05559683029445495
flux1:, 1.5625368383826477, 0.1253073289238452, 0.04829408046557951
flux1:, 1.5635191952532517, 0.12147953130007307, 0.0410639277706876
flux1:, 1.5645015521238557, 0.10610185513591945, 0.04438921103784948
flux1:, 1.5654839089944597, 0.10864561671746112, 0.04255819990995206
flux1:, 1.5664662658650634, 0.11270173708546556, 0.03391694867454179
flux1:, 1.5674486227356674, 0.09877158464413606, 0.03404797122529709
flux1:, 1.5684309796062714, 0.09324174706562774, 0.036370071654634135
flux1:, 1.5694133364768754, 0.10053854198014169, 0.02970809851221355
flux1:, 1.5703956933474794, 0.0929375707516272, 0.026022563369711104
flux1:, 1.5713780502180832, 0.08121357360324691, 0.02952025858482034
flux1:, 1.5723604070886872, 0.0860733849472343, 0.026822964081409332
flux1:, 1.5733427639592912, 0.08602824516115033, 0.020951307800599877
flux1:, 1.5743251208298952, 0.07294023920215649, 0.022797383305420298
flux1:, 1.5753074777004992, 0.07169564246172942, 0.023855662903776997
flux1:, 1.576289834571103, 0.07660619392244353, 0.018391381755636343
flux1:, 1.577272191441707, 0.06709613551937217, 0.017298260589265223
flux1:, 1.578254548312311, 0.05968974853128443, 0.0202157129782426
flux1:, 1.579236905182915, 0.0649869044157223, 0.01718068155096878
flux1:, 1.580219262053519, 0.06161708012195424, 0.013716456199952673
flux1:, 1.5812016189241227, 0.0511040387344815, 0.016181419280706582
flux1:, 1.5821839757947267, 0.05283750730956894, 0.01610247794420691
flux1:, 1.5831663326653307, 0.05490493312230119, 0.011997176776564254
flux1:, 1.5841486895359347, 0.04545766449263505, 0.012496651373584517
flux1:, 1.5851310464065387, 0.0421427599800017, 0.014436211921290982
flux1:, 1.5861134032771425, 0.04657668638554415, 0.01145788738090996
flux1:, 1.5870957601477467, 0.04127630404427617, 0.009829855224555931
flux1:, 1.5880781170183504, 0.0341937757606764, 0.012140065268756772
flux1:, 1.5890604738889544, 0.03745354517624818, 0.011204468387586692
flux1:, 1.5900428307595584, 0.037011841855499605, 0.00840552229450287
flux1:, 1.5910251876301624, 0.029105018047772126, 0.009664481658122115
flux1:, 1.5920075445007664, 0.028948366271029372, 0.010563989102007669
flux1:, 1.5929899013713702, 0.03180464308369702, 0.00795005297576468
flux1:, 1.5939722582419742, 0.025986331614257407, 0.007580281780233208
flux1:, 1.5949546151125782, 0.02227849552027393, 0.009318109386292638
flux1:, 1.5959369719831822, 0.025750254000493994, 0.007900427041336299
flux1:, 1.5969193288537862, 0.02354724288635748, 0.006246824498742367
flux1:, 1.59790168572439, 0.017920102891057273, 0.00767347966618023
flux1:, 1.598884042594994, 0.019651059422502438, 0.00770982663362316
flux1:, 1.599866399465598, 0.02075626100325685, 0.005666909761144035
flux1:, 1.600848756336202, 0.015511270729470372, 0.006046538049396145
flux1:, 1.601831113206806, 0.014481832706551954, 0.00708101019764998
flux1:, 1.6028134700774097, 0.017238843879162136, 0.00554924050302242
flux1:, 1.6037958269480137, 0.014156055850826698, 0.004806732568887293
flux1:, 1.6047781838186177, 0.010879440996987153, 0.006034755733776154
flux1:, 1.6057605406892217, 0.01328872868683232, 0.005497978832988105
flux1:, 1.6067428975598257, 0.012908695892952845, 0.004105310131106611
flux1:, 1.6077252544304295, 0.008887907765655711, 0.004819540062169108
flux1:, 1.6087076113010335, 0.009570148879603729, 0.005210777949657212
flux1:, 1.6096899681716375, 0.011182449993125516, 0.003846997919031683
flux1:, 1.6106723250422414, 0.008024821271979647, 0.003739721538190476
flux1:, 1.6116546819128454, 0.006711433378915365, 0.00459146571115962
flux1:, 1.6126370387834492, 0.008914201138062919, 0.0037836723670189327
flux1:, 1.6136193956540532, 0.007575663014932179, 0.002998660153751418
flux1:, 1.6146017525246572, 0.004998048885535292, 0.0037444132839070015
flux1:, 1.6155841093952612, 0.006459938755961384, 0.0036587854574558418
flux1:, 1.6165664662658652, 0.006937523307188603, 0.0026246260270536927
flux1:, 1.617548823136469, 0.004286075903834384, 0.002879163951831065
flux1:, 1.618531180007073, 0.004322924362511518, 0.0033244593205025695
flux1:, 1.619513536877677, 0.005845740266706558, 0.002494589058737726
flux1:, 1.620495893748281, 0.0041323352529217434, 0.0021887138060710503
flux1:, 1.621478250618885, 0.0028726899802231816, 0.0027831351354375847
flux1:, 1.6224606074894887, 0.004402741954087081, 0.0024229123815350624
flux1:, 1.6234429643600927, 0.00403802702077806, 0.0017631110254078663
flux1:, 1.6244253212306967, 0.0021862484183255595, 0.0021510608272850675
flux1:, 1.6254076781013007, 0.002935492537839579, 0.002259360564774756
flux1:, 1.6263900349719047, 0.0036699186432321124, 0.0015702793653666286
flux1:, 1.6273723918425085, 0.0020599881168236233, 0.0015777485649615271
flux1:, 1.6283547487131127, 0.0017827658644868705, 0.0019487682184285513
flux1:, 1.6293371055837165, 0.0029605532024180085, 0.0014977865753503254
flux1:, 1.6303194624543205, 0.0021506385276180177, 0.0011685774602622075
flux1:, 1.6313018193249245, 0.0011260415571933886, 0.0015331547063847652
flux1:, 1.6322841761955285, 0.0020662714731853487, 0.001422229999925776
flux1:, 1.6332665330661325, 0.002151094327462238, 0.0009457912051676906
flux1:, 1.6342488899367362, 0.0009332327187596076, 0.001108353026933407
flux1:, 1.6352312468073402, 0.0012340284862071, 0.0012674529317645204
flux1:, 1.6362136036779442, 0.001910605966303873, 0.0008572036820510838
flux1:, 1.6371959605485482, 0.0010154300992917813, 0.0007659194364150457
flux1:, 1.6381783174191522, 0.0006602147686761623, 0.0010268975193738433
flux1:, 1.639160674289756, 0.0014559936249512765, 0.0008173213922206986
flux1:, 1.64014303116036, 0.0011428141754919114, 0.0005510183838515682
flux1:, 1.641125388030964, 0.00040899055536905665, 0.0007480857999554773
flux1:, 1.642107744901568, 0.0009282137698826877, 0.0007537950476044352
flux1:, 1.643090101772172, 0.0011508286340026822, 0.00045226252015729564
flux1:, 1.6440724586427757, 0.0004125722358301599, 0.0004957220075349023
flux1:, 1.6450548155133797, 0.0004852288896304041, 0.0006359819272938121
flux1:, 1.6460371723839837, 0.000990107433860871, 0.0004204523794091663
flux1:, 1.6470195292545877, 0.0005313688665954963, 0.00031621038705206107
flux1:, 1.6480018861251917, 0.00022442556029050306, 0.00047659613506140214
flux1:, 1.6489842429957955, 0.0007126246490832443, 0.0004000235412329871
flux1:, 1.6499665998663995, 0.0006300849465587675, 0.00022010970022898793
flux1:, 1.6509489567370035, 0.00015391931741973546, 0.0003126716139727591
flux1:, 1.6519313136076075, 0.00041810267476495117, 0.0003549345422757109
flux1:, 1.6529136704782115, 0.0006311904603643017, 0.00018614832108578575
flux1:, 1.6538960273488152, 0.00021133222882957766, 0.00018051354620892806
flux1:, 1.6548783842194192, 0.00019568945128583238, 0.00027821344303017074
flux1:, 1.6558607410900232, 0.0005287565838499966, 0.0001789547068982941
flux1:, 1.6568430979606272, 0.0003078505400835687, 9.828594866010135e-05
flux1:, 1.6578254548312312, 8.755819731256168e-05, 0.00018530626475865095
flux1:, 1.658807811701835, 0.000368288606349198, 0.00016814660545777903
flux1:, 1.659790168572439, 0.00037098757050684536, 6.228639100253775e-05
flux1:, 1.660772525443043, 8.344655812760739e-05, 9.921585863055203e-05
flux1:, 1.661754882313647, 0.0002112728972281004, 0.00013937449301261757
flux1:, 1.662737239184251, 0.0003681378881531209, 5.4500707564705106e-05
flux1:, 1.6637195960548548, 0.00013907218226566907, 3.696754610977603e-05
flux1:, 1.6647019529254587, 0.00010402376732059975, 9.468351055502224e-05
flux1:, 1.6656843097960627, 0.0003067344666314524, 5.434429007095541e-05
flux1:, 1.6666666666666667, 0.0002033203481363476, 3.2712458758941273e-06
