flux1:, 1.1764705882352942, 0.0007540391677216763, 0.00011064836678448744
flux1:, 1.1774529451058982, 0.00026516391186476936, 0.0002732562379055621
flux1:, 1.1784353019765021, 0.00032482078948621243, 0.00015343386338143809
flux1:, 1.179417658847106, 0.0008942195869430696, 8.729062048413868e-05
flux1:, 1.18040001571771, 0.0004931503585191542, 0.00030580187946999354
flux1:, 1.181382372588314, 0.00013704160576726162, 0.000291965016695279
flux1:, 1.182364729458918, 0.0008904130321680903, 0.00010911897938211112
flux1:, 1.183347086329522, 0.000886686010906454, 0.0002909784931616903
flux1:, 1.1843294432001257, 7.772052062006614e-05, 0.00044028266907126916
flux1:, 1.1853118000707297, 0.0006642305526943105, 0.0002103843717488784
flux1:, 1.1862941569413337, 0.0013280172750421296, 0.0002477027470678419
flux1:, 1.1872765138119377, 0.0003366455667979015, 0.0005402553660486786
flux1:, 1.1882588706825417, 0.00027235414985074123, 0.0003893235505562146
flux1:, 1.1892412275531457, 0.0015647916247687544, 0.00022689295863483552
flux1:, 1.1902235844237494, 0.0009962712308544059, 0.0005479815463093282
flux1:, 1.1912059412943534, -1.1454033596622277e-05, 0.0005898904542451101
flux1:, 1.1921882981649574, 0.001360625413536996, 0.00028053054182909675
flux1:, 1.1931706550355614, 0.0018553159089346764, 0.0004763606241993367
flux1:, 1.1941530119061654, 0.0001893391123595872, 0.00073470631078524
flux1:, 1.1951353687767692, 0.0007550696103193348, 0.0004202300666246604
flux1:, 1.1961177256473732, 0.0024631765946762306, 0.00039434935626270006
flux1:, 1.1971000825179772, 0.0010535422557188892, 0.0007930727828079012
flux1:, 1.1980824393885812, 0.00015665975107844967, 0.0006229712854728053
flux1:, 1.1990647962591852, 0.0024184199965195468, 0.0003807959964414725
flux1:, 1.200047153129789, 0.002354717346791081, 0.0008089716964660162
flux1:, 1.201029510000393, 0.00013957693410186035, 0.000891338288500828
flux1:, 1.202011866870997, 0.0016687980285788313, 0.0005081536394590722
flux1:, 1.202994223741601, 0.003492058807961942, 0.0008670329684860359
flux1:, 1.203976580612205, 0.001101503256230332, 0.0012963378468463644
flux1:, 1.2049589374828087, 0.0006513360522827562, 0.0008997097102800599
flux1:, 1.2059412943534127, 0.0036688225261013773, 0.0010557638379597107
flux1:, 1.2069236512240167, 0.002796677279164907, 0.0018933858519635785
flux1:, 1.2079060080946207, 0.0002346853065437014, 0.0017298247418609618
flux1:, 1.2088883649652247, 0.0024618875775171403, 0.0014618375120386802
flux1:, 1.2098707218358287, 0.00392528965592941, 0.0024596900769442956
flux1:, 1.2108530787064324, 0.0009241010341204936, 0.0028438383152975316
flux1:, 1.2118354355770364, 0.0008133697498661053, 0.002107776992059283
flux1:, 1.2128177924476404, 0.00343628189575481, 0.002607829841590257
flux1:, 1.2138001493182444, 0.001897370428581284, 0.0035684043474057386
flux1:, 1.2147825061888484, 4.80134890374139e-05, 0.002853648510506954
flux1:, 1.2157648630594522, 0.0022002884209070444, 0.002486674197288831
flux1:, 1.2167472199300562, 0.0023567024211037374, 0.003630125757571418
flux1:, 1.2177295768006602, 9.786295251829141e-05, 0.0035245102902077864
flux1:, 1.2187119336712642, 0.0012359083460826048, 0.002533753624887275
flux1:, 1.2196942905418682, 0.002451371973997404, 0.00334236291897646
flux1:, 1.220676647412472, 0.0004461123141261901, 0.004030664976937856
flux1:, 1.221659004283076, 0.0006534905298382081, 0.0029438459746345307
flux1:, 1.22264136115368, 0.002480356825505634, 0.003068714944583647
flux1:, 1.223623718024284, 0.0009373678729488828, 0.0043496394371254085
flux1:, 1.224606074894888, 0.00027519006294017903, 0.0037053934522522205
flux1:, 1.2255884317654917, 0.002516323184040285, 0.003076818229571497
flux1:, 1.2265707886360957, 0.0016572497134216399, 0.004522961284068198
flux1:, 1.2275531455066997, 4.097758587353148e-05, 0.004731568381763011
flux1:, 1.2285355023773037, 0.0024689050872990963, 0.0035795751424864655
flux1:, 1.2295178592479077, 0.0027331163986426808, 0.004684005997417124
flux1:, 1.2305002161185117, 0.00010852148714698181, 0.0059333512778394016
flux1:, 1.2314825729891155, 0.0022105758231627495, 0.004771428125136496
flux1:, 1.2324649298597194, 0.004231521355799029, 0.005100920544899316
flux1:, 1.2334472867303234, 0.0008959345038395732, 0.007285755975063206
flux1:, 1.2344296436009274, 0.001729232615156089, 0.006862560427261321
flux1:, 1.2354120004715314, 0.006109873440626569, 0.00624891785658825
flux1:, 1.2363943573421352, 0.0031723811889236625, 0.008934640668945594
flux1:, 1.2373767142127392, 0.0014246111579558876, 0.01014370095948325
flux1:, 1.2383590710833432, 0.00821113752506863, 0.008955391113818115
flux1:, 1.2393414279539472, 0.008236559436669642, 0.011397736585491256
flux1:, 1.2403237848245512, 0.0028769631882245724, 0.015058469186975496
flux1:, 1.241306141695155, 0.010394830275972182, 0.014584144409087228
flux1:, 1.242288498565759, 0.01783633706444686, 0.015816914997766898
flux1:, 1.243270855436363, 0.010559573499606706, 0.021715541291073708
flux1:, 1.244253212306967, 0.01320449230912033, 0.02392490826693086
flux1:, 1.245235569177571, 0.030352975625796877, 0.022625336760258036
flux1:, 1.2462179260481747, 0.029241864755763226, 0.025981073354469912
flux1:, 1.2472002829187787, 0.018533197439780366, 0.02906533320342423
flux1:, 1.2481826397893827, 0.030188952480898524, 0.024313917404219548
flux1:, 1.2491649966599867, 0.04002471149228871, 0.01934143931518376
flux1:, 1.2501473535305907, 0.023862597911847756, 0.01930649468763697
flux1:, 1.2511297104011945, 0.01695346369044461, 0.016507824044763555
flux1:, 1.2521120672717985, 0.029644821489209792, 0.01055894169935412
flux1:, 1.2530944241424025, 0.024781016957578346, 0.00907327640257003
flux1:, 1.2540767810130065, 0.010164572259424668, 0.00941531750342197
flux1:, 1.2550591378836105, 0.01699457911950582, 0.006365613321226195
flux1:, 1.2560414947542144, 0.022661883061617417, 0.004415811037908134
flux1:, 1.2570238516248182, 0.009929731022415164, 0.00546917712182274
flux1:, 1.2580062084954222, 0.0088767468673473, 0.004657739411357888
flux1:, 1.2589885653660262, 0.018938350473890243, 0.0028621022023249468
flux1:, 1.2599709222366302, 0.012175992163738467, 0.003528525849964253
flux1:, 1.2609532791072342, 0.005089456781171215, 0.0038933434731792086
flux1:, 1.261935635977838, 0.01445031826950049, 0.0026214134172977363
flux1:, 1.262917992848442, 0.014545179990882229, 0.0027683875743774126
flux1:, 1.263900349719046, 0.004684052490436904, 0.0035664185217623894
flux1:, 1.26488270658965, 0.01002461079614262, 0.0028996675909060453
flux1:, 1.265865063460254, 0.015825351963714766, 0.0027327134195710198
flux1:, 1.266847420330858, 0.006680109923590554, 0.0035631336824166913
flux1:, 1.2678297772014617, 0.006529309082381124, 0.003390038042751889
flux1:, 1.2688121340720657, 0.015531952962937698, 0.003142649392033
flux1:, 1.2697944909426697, 0.010010513642901698, 0.003872364067941655
flux1:, 1.2707768478132737, 0.004716072646244426, 0.004018590361939573
flux1:, 1.2717592046838777, 0.01377757539521864, 0.003824060571865689
flux1:, 1.2727415615544815, 0.013558394878616415, 0.004481187895035902
flux1:, 1.2737239184250855, 0.005022058087867262, 0.004819091181111884
flux1:, 1.2747062752956895, 0.01117482367735921, 0.004692469037376838
flux1:, 1.2756886321662935, 0.0163188032979631, 0.005350036136126393
flux1:, 1.2766709890368975, 0.007423121436899809, 0.005855666404247386
flux1:, 1.2776533459075012, 0.008668265571226873, 0.0057474011493891175
flux1:, 1.2786357027781052, 0.01761321635205381, 0.006428170518161404
flux1:, 1.2796180596487092, 0.011399869875892681, 0.007172760205063827
flux1:, 1.2806004165193132, 0.007283772603216937, 0.007055046262196409
flux1:, 1.2815827733899172, 0.017270643250965872, 0.0076869441124324984
flux1:, 1.282565130260521, 0.0160453712363385, 0.008771608716348776
flux1:, 1.283547487131125, 0.007840097836556597, 0.008714700489582667
flux1:, 1.284529844001729, 0.015700328540585156, 0.009152304076233677
flux1:, 1.285512200872333, 0.020301462764277575, 0.010615367408705475
flux1:, 1.286494557742937, 0.010697773711041024, 0.010815968806173948
flux1:, 1.2874769146135407, 0.013811809239810673, 0.010920874748575131
flux1:, 1.2884592714841447, 0.023267922109259116, 0.012659815166317734
flux1:, 1.2894416283547487, 0.015623667683174755, 0.013400532353993235
flux1:, 1.2904239852253527, 0.012783867015785688, 0.01314996726807858
flux1:, 1.2914063420959567, 0.024498356474454, 0.014898908359713763
flux1:, 1.2923886989665605, 0.021825402377119534, 0.01644365053999683
flux1:, 1.2933710558371645, 0.013733599282053787, 0.01602096200855352
flux1:, 1.2943534127077685, 0.02418983633169236, 0.017408318058611878
flux1:, 1.2953357695783725, 0.02816410164144967, 0.019866192345788736
flux1:, 1.2963181264489765, 0.01737577417359657, 0.019685842832385975
flux1:, 1.2973004833195805, 0.023195353310766966, 0.02036847587477376
flux1:, 1.2982828401901843, 0.03349913944120505, 0.0235787166547572
flux1:, 1.2992651970607882, 0.023777272010640685, 0.02421494193015462
flux1:, 1.3002475539313922, 0.022835656936837107, 0.024053004553353314
flux1:, 1.3012299108019962, 0.037071404193381716, 0.027547560234371417
flux1:, 1.3022122676726002, 0.03229422810762762, 0.029567506200930904
flux1:, 1.303194624543204, 0.02454829137186166, 0.028778791506165167
flux1:, 1.304176981413808, 0.03880856963175264, 0.031862512630912505
flux1:, 1.305159338284412, 0.04173159603353352, 0.03560265867920252
flux1:, 1.306141695155016, 0.029467907362200594, 0.034827181231007996
flux1:, 1.30712405202562, 0.03944709836231613, 0.03678037691122133
flux1:, 1.308106408896224, 0.050698092114305565, 0.042137901418036215
flux1:, 1.3090887657668278, 0.038065663402213325, 0.04235943902545583
flux1:, 1.3100711226374318, 0.04041382711868045, 0.042721630165598136
flux1:, 1.3110534795080357, 0.05806317621735526, 0.04904598263144584
flux1:, 1.3120358363786397, 0.04997063384619256, 0.05135709976220852
flux1:, 1.3130181932492437, 0.04348233377625582, 0.05020918098107947
flux1:, 1.3140005501198475, 0.06337852187083073, 0.05636480870299523
flux1:, 1.3149829069904515, 0.06404984584425433, 0.06161671775293932
flux1:, 1.3159652638610555, 0.05029726459826845, 0.05975718159416866
flux1:, 1.3169476207316595, 0.06712392348961572, 0.06438388558610958
flux1:, 1.3179299776022635, 0.07874463801669825, 0.07281598053139554
flux1:, 1.3189123344728673, 0.06191642557448652, 0.0717389827535832
flux1:, 1.3198946913434713, 0.07068417507345816, 0.07367056229374312
flux1:, 1.3208770482140753, 0.09257174253567786, 0.0846460443147736
flux1:, 1.3218594050846793, 0.0785327917294938, 0.08627992165775135
flux1:, 1.3228417619552832, 0.0760523185133799, 0.08501372092189832
flux1:, 1.323824118825887, 0.10462820744941208, 0.09697838291544855
flux1:, 1.324806475696491, 0.09949469698834115, 0.1032255223627241
flux1:, 1.325788832567095, 0.08536340863536555, 0.09929209798901636
flux1:, 1.326771189437699, 0.11491910590677615, 0.11001215892473355
flux1:, 1.327753546308303, 0.12364823028226149, 0.12222414473738677
flux1:, 1.3287359031789068, 0.1004618629827915, 0.11731684747649972
flux1:, 1.3297182600495108, 0.12437599428096777, 0.12434032846861257
flux1:, 1.3307006169201148, 0.1499059721307798, 0.14293393392216452
flux1:, 1.3316829737907188, 0.12276872579020238, 0.13975145270499836
flux1:, 1.3326653306613228, 0.13455575756902807, 0.14089143301642765
flux1:, 1.3336476875319265, 0.17783936196671385, 0.16532173293133548
flux1:, 1.3346300444025305, 0.1537484953675472, 0.16728800492767204
flux1:, 1.3356124012731345, 0.14720234205128177, 0.16076952694866123
flux1:, 1.3365947581437385, 0.20803967388931532, 0.18997644049613444
flux1:, 1.3375771150143425, 0.1963686200083579, 0.20142057318752057
flux1:, 1.3385594718849465, 0.16416314245366123, 0.18519037656527426
flux1:, 1.3395418287555503, 0.2420260216366812, 0.21832548471303087
flux1:, 1.3405241856261543, 0.2584605439321358, 0.24667791156218136
flux1:, 1.3415065424967583, 0.18890680116872133, 0.2162906553589104
flux1:, 1.3424888993673623, 0.28161852386879366, 0.25265038579909727
flux1:, 1.3434712562379663, 0.36140434035924823, 0.3173647313356637
flux1:, 1.34445361310857, 0.23406739742744173, 0.26223971286819703
flux1:, 1.345435969979174, 0.3280658206281786, 0.2960054613346045
flux1:, 1.346418326849778, 0.571323585999898, 0.4638015521066114
flux1:, 1.347400683720382, 0.35985038334932046, 0.3677609488721204
flux1:, 1.348383040590986, 0.3834841661271854, 0.3542777829103924
flux1:, 1.34936539746159, 1.182603858543014, 0.9340607742336463
flux1:, 1.3503477543321938, 0.9992143356646528, 0.9004854697600242
flux1:, 1.3513301112027978, 0.5002051006716539, 0.4859953723742318
flux1:, 1.3523124680734018, 5.699171044564019, 4.950109724826191
flux1:, 1.3532948249440058, 17.678340748093724, 16.64942321771013
flux1:, 1.3542771818146098, 25.417527921757983, 25.855301820663563
flux1:, 1.3552595386852135, 19.75589497076323, 21.531969731951566
flux1:, 1.3562418955558175, 7.590323290455211, 8.688169072518535
flux1:, 1.3572242524264215, 1.1808670391662548, 1.2807971244391079
flux1:, 1.3582066092970255, 1.405388728567278, 1.828638725167551
flux1:, 1.3591889661676295, 1.8533941289834852, 2.547547492439993
flux1:, 1.3601713230382333, 0.9278827544465053, 1.1162414598670085
flux1:, 1.3611536799088373, 0.7400502166585107, 0.9339513413315588
flux1:, 1.3621360367794413, 1.0826560189037884, 1.6705558992408638
flux1:, 1.3631183936500453, 0.8906672460626975, 1.2049100058677416
flux1:, 1.3641007505206493, 0.6960074820435762, 0.8006845959040059
flux1:, 1.365083107391253, 0.8552699262723379, 1.362286965386811
flux1:, 1.366065464261857, 0.8787663937655775, 1.3456736880867293
flux1:, 1.367047821132461, 0.7685059106302845, 0.8693754068197754
flux1:, 1.368030178003065, 0.8059254432075929, 1.2173727091567477
flux1:, 1.369012534873669, 0.8705661938339689, 1.5024472906980375
flux1:, 1.3699948917442728, 0.8619826809987193, 1.0563551327890839
flux1:, 1.3709772486148768, 0.8534824383396071, 1.1547426829149154
flux1:, 1.3719596054854808, 0.8728155045083617, 1.6631532270956992
flux1:, 1.3729419623560848, 0.9367773560216716, 1.356774848104752
flux1:, 1.3739243192266888, 0.9614869063022736, 1.1661866071405282
flux1:, 1.3749066760972926, 0.9041720231513698, 1.8301362280467874
flux1:, 1.3758890329678966, 0.9708320692230785, 1.8211491466253347
flux1:, 1.3768713898385005, 1.0913955524707364, 1.2880516090743634
flux1:, 1.3778537467091045, 0.9904669707349416, 2.0369094413771442
flux1:, 1.3788361035797085, 0.9833693587268293, 2.709811579401438
flux1:, 1.3798184604503125, 1.1939639017700283, 1.71979483383234
flux1:, 1.3808008173209163, 1.1945992289110425, 2.5127070874329003
flux1:, 1.3817831741915203, 2.2400282426301295, 7.281981517724725
flux1:, 1.3827655310621243, 6.170028318676493, 10.694121030892397
flux1:, 1.3837478879327283, 10.208442881960348, 8.16495550273242
flux1:, 1.3847302448033323, 9.17040787802437, 3.4777151732429368
flux1:, 1.3857126016739363, 4.315082616534757, 1.6147410001436602
flux1:, 1.38669495854454, 1.8887558640047686, 1.7368438798781112
flux1:, 1.387677315415144, 2.845628561646365, 1.6186583437712687
flux1:, 1.388659672285748, 3.1195291820819184, 1.6239206248116203
flux1:, 1.389642029156352, 2.1968570154736264, 2.010170726021816
flux1:, 1.390624386026956, 2.3778571017429537, 2.046314016618739
flux1:, 1.3916067428975598, 2.9846661445077642, 1.9747565267819236
flux1:, 1.3925890997681638, 2.6070599453341607, 2.2625970400945152
flux1:, 1.3935714566387678, 2.43470043926828, 2.4387552978416607
flux1:, 1.3945538135093718, 3.0014332148576757, 2.3800208006775847
flux1:, 1.3955361703799758, 3.0253784005699527, 2.552815360778425
flux1:, 1.3965185272505796, 2.7187080396354726, 2.79948118872039
flux1:, 1.3975008841211836, 3.0918199397303123, 2.8110256573824857
flux1:, 1.3984832409917876, 3.406102619937338, 2.8976690799044773
flux1:, 1.3994655978623916, 3.1453761768981794, 3.1515891561890093
flux1:, 1.4004479547329955, 3.268654916347586, 3.2497722601184917
flux1:, 1.4014303116035993, 3.7255388730870687, 3.29404013321112
flux1:, 1.4024126684742033, 3.6453138848995414, 3.5106593523840166
flux1:, 1.4033950253448073, 3.5547028905180733, 3.679743978566091
flux1:, 1.4043773822154113, 3.9864245444788238, 3.723720669524839
flux1:, 1.4053597390860153, 4.1419145462796685, 3.8817754136498888
flux1:, 1.406342095956619, 3.950147960827196, 4.085523690987551
flux1:, 1.407324452827223, 4.216351128036599, 4.156781240624211
flux1:, 1.408306809697827, 4.562734064479259, 4.256670851802069
flux1:, 1.409289166568431, 4.4152878673178195, 4.452194945654735
flux1:, 1.410271523439035, 4.453735680231316, 4.55665112704839
flux1:, 1.4112538803096388, 4.860995893822367, 4.613174861321202
flux1:, 1.4122362371802428, 4.872051616306527, 4.764454987622825
flux1:, 1.4132185940508468, 4.723805226821254, 4.887227113732294
flux1:, 1.4142009509214508, 5.03203860151028, 4.9193727994332
flux1:, 1.4151833077920548, 5.228099039069635, 5.0067718994747095
flux1:, 1.4161656646626586, 5.0163290862537435, 5.120771778716069
flux1:, 1.4171480215332626, 5.111598604651612, 5.1427313235379195
flux1:, 1.4181303784038666, 5.41565221759502, 5.165762961883278
flux1:, 1.4191127352744706, 5.281203898340399, 5.244268955933567
flux1:, 1.4200950921450746, 5.152606294126954, 5.261225915591911
flux1:, 1.4210774490156786, 5.4240748243784465, 5.234482708163892
flux1:, 1.4220598058862823, 5.45011228558859, 5.26189024520959
flux1:, 1.4230421627568863, 5.1928349870428505, 5.271379761582403
flux1:, 1.4240245196274903, 5.304389129393032, 5.216459408542681
flux1:, 1.4250068764980943, 5.474293753884679, 5.192722962676273
flux1:, 1.4259892333686983, 5.234742821409782, 5.189336942799551
flux1:, 1.4269715902393023, 5.1411828525460495, 5.126878674647846
flux1:, 1.427953947109906, 5.354763629281585, 5.065101829013659
flux1:, 1.42893630398051, 5.250979720839545, 5.045185543772196
flux1:, 1.429918660851114, 5.009988276550891, 4.989967903773496
flux1:, 1.430901017721718, 5.14566984532788, 4.910125563061916
flux1:, 1.431883374592322, 5.210162990105801, 4.8743247528030755
flux1:, 1.4328657314629258, 4.946460665285961, 4.834001565014242
flux1:, 1.4338480883335298, 4.9301499096816, 4.756541812826715
flux1:, 1.4348304452041338, 5.104317233467771, 4.710045306764422
flux1:, 1.4358128020747378, 4.942387553111893, 4.686343093431617
flux1:, 1.4367951589453418, 4.784557112794348, 4.627804587899742
flux1:, 1.4377775158159456, 4.9610283356236256, 4.579282603410504
flux1:, 1.4387598726865496, 4.965155714201446, 4.5702286278809705
flux1:, 1.4397422295571536, 4.750397319317005, 4.541073525546404
flux1:, 1.4407245864277576, 4.835002722817797, 4.501190522650731
flux1:, 1.4417069432983616, 4.9856532238781615, 4.503519667361106
flux1:, 1.4426893001689653, 4.825615791765339, 4.507521216166605
flux1:, 1.4436716570395693, 4.785389556753453, 4.487246631352213
flux1:, 1.4446540139101733, 4.998844714641131, 4.498625544188421
flux1:, 1.4456363707807773, 4.975789311925667, 4.53333541092641
flux1:, 1.4466187276513813, 4.851085106180906, 4.541895115860285
flux1:, 1.447601084521985, 5.027884079392105, 4.562602355076107
flux1:, 1.448583441392589, 5.1571551786297976, 4.62087235942774
flux1:, 1.449565798263193, 5.035654722460723, 4.663411592297478
flux1:, 1.450548155133797, 5.111625487308682, 4.696889501147024
flux1:, 1.451530512004401, 5.339569273363885, 4.76946715982768
flux1:, 1.4525128688750049, 5.3082380189984075, 4.845088609319434
flux1:, 1.4534952257456089, 5.283086407149883, 4.896834512242008
flux1:, 1.4544775826162128, 5.518770386834571, 4.975562794189137
flux1:, 1.4554599394868168, 5.619254508506404, 5.0768100527921005
flux1:, 1.4564422963574208, 5.550300668489123, 5.151672783502593
flux1:, 1.4574246532280246, 5.713007063190095, 5.232184856838423
flux1:, 1.4584070100986286, 5.922805391892451, 5.346772191629384
flux1:, 1.4593893669692326, 5.8895413457586345, 5.445658134907006
flux1:, 1.4603717238398366, 5.947024923816599, 5.528268177586589
flux1:, 1.4613540807104406, 6.19452918880433, 5.642850233376103
flux1:, 1.4623364375810444, 6.254378083019928, 5.760510798969549
flux1:, 1.4633187944516486, 6.232949411190572, 5.848639716980636
flux1:, 1.4643011513222524, 6.436320122006837, 5.953179819044889
flux1:, 1.4652835081928564, 6.595470485903611, 6.078536240846115
flux1:, 1.4662658650634603, 6.558983658853946, 6.175277230567651
flux1:, 1.4672482219340643, 6.666744860261409, 6.265943121773887
flux1:, 1.4682305788046683, 6.8802306804514535, 6.385203723431453
flux1:, 1.4692129356752721, 6.891911969442979, 6.489778163653246
flux1:, 1.470195292545876, 6.903923837258711, 6.568836853597391
flux1:, 1.47117764941648, 7.102141638655037, 6.6700964350167045
flux1:, 1.472160006287084, 7.191101749666996, 6.776168900399807
flux1:, 1.473142363157688, 7.15114090924412, 6.848874090699539
flux1:, 1.4741247200282919, 7.276064433130341, 6.925933171274732
flux1:, 1.4751070768988959, 7.425351407915278, 7.022801958203434
flux1:, 1.4760894337694999, 7.392594120325988, 7.092876462442594
flux1:, 1.4770717906401039, 7.423820500986935, 7.146318335509547
flux1:, 1.4780541475107078, 7.583291484625603, 7.222414290575463
flux1:, 1.4790365043813116, 7.599972623139499, 7.288456702915869
flux1:, 1.4800188612519156, 7.558736498723192, 7.323418083293742
flux1:, 1.4810012181225196, 7.67271122250782, 7.370274411704432
flux1:, 1.4819835749931236, 7.744556157099217, 7.424877845513782
flux1:, 1.4829659318637276, 7.6767793353218385, 7.446648196113766
flux1:, 1.4839482887343314, 7.710539098099841, 7.461265219599715
flux1:, 1.4849306456049354, 7.807541549913187, 7.4932010957679
flux1:, 1.4859130024755394, 7.757149106704577, 7.502890444109625
flux1:, 1.4868953593461434, 7.709495253333053, 7.487309018591594
flux1:, 1.4878777162167474, 7.783522839921874, 7.4856108094734255
flux1:, 1.4888600730873511, 7.770134167811876, 7.478127155281475
flux1:, 1.4898424299579551, 7.668019939724916, 7.436555209415079
flux1:, 1.4908247868285591, 7.676438809087317, 7.394482430978966
flux1:, 1.4918071436991631, 7.687328722922105, 7.359970531318844
flux1:, 1.4927895005697671, 7.567702509131645, 7.295185849938389
flux1:, 1.4937718574403709, 7.4913418340891855, 7.212215283892054
flux1:, 1.4947542143109749, 7.489761088335709, 7.140374736966739
flux1:, 1.4957365711815789, 7.379042550047584, 7.051585025164378
flux1:, 1.4967189280521829, 7.227312649452877, 6.9326551447666755
flux1:, 1.4977012849227869, 7.171946736937066, 6.817761345596055
flux1:, 1.4986836417933906, 7.073531219257858, 6.70126588741086
flux1:, 1.4996659986639946, 6.876158966605305, 6.55399171268792
flux1:, 1.5006483555345986, 6.742094318303681, 6.397979902756345
flux1:, 1.5016307124052026, 6.637738523228369, 6.250272881318733
flux1:, 1.5026130692758066, 6.428454240817082, 6.081974922765299
flux1:, 1.5035954261464104, 6.219315176383125, 5.894159338648635
flux1:, 1.5045777830170146, 6.082957520724723, 5.715667693266908
flux1:, 1.5055601398876184, 5.883964975064276, 5.532008978959597
flux1:, 1.5065424967582224, 5.628968207264101, 5.3260398029354015
flux1:, 1.5075248536288264, 5.44440616846161, 5.123356018464687
flux1:, 1.5085072104994304, 5.2599067111857405, 4.929015050203525
flux1:, 1.5094895673700344, 4.998279877680112, 4.718890277068408
flux1:, 1.5104719242406381, 4.769838178896551, 4.504180667766712
flux1:, 1.5114542811112421, 4.591067837619607, 4.304432129316791
flux1:, 1.5124366379818461, 4.354090195263938, 4.101297303570072
flux1:, 1.5134189948524501, 4.104621847202906, 3.8891045490490646
flux1:, 1.5144013517230541, 3.921191812733304, 3.69077195411329
flux1:, 1.515383708593658, 3.722204778505578, 3.501521367055488
flux1:, 1.516366065464262, 3.4815304039001633, 3.3046440192721223
flux1:, 1.5173484223348659, 3.290752469522052, 3.1156804547788477
flux1:, 1.5183307792054699, 3.1264037417647756, 2.9434268157364634
flux1:, 1.5193131360760739, 2.9184202037347213, 2.769915920489966
flux1:, 1.5202954929466777, 2.7276251000117413, 2.5979123813733764
flux1:, 1.5212778498172816, 2.5862877964173085, 2.4435324587792353
flux1:, 1.5222602066878856, 2.421585798375192, 2.29592272007585
flux1:, 1.5232425635584896, 2.2440432637972516, 2.1464083546735244
flux1:, 1.5242249204290936, 2.1148744486344557, 2.0100651628717747
flux1:, 1.5252072772996974, 1.9907592217630485, 1.8866074981568839
flux1:, 1.5261896341703014, 1.8391354780958888, 1.7619566741722004
flux1:, 1.5271719910409054, 1.717295279005025, 1.6438689604228007
flux1:, 1.5281543479115094, 1.6229258107656879, 1.540698901728374
flux1:, 1.5291367047821134, 1.5041625222962802, 1.4400338836799826
flux1:, 1.5301190616527172, 1.391223141929895, 1.340411741703253
flux1:, 1.5311014185233212, 1.3141311181944284, 1.2535431758246018
flux1:, 1.5320837753939252, 1.2276775347263735, 1.1735380147839105
flux1:, 1.5330661322645291, 1.1287587058324655, 1.092070992447671
flux1:, 1.5340484891351331, 1.059778607088477, 1.0185614301200718
flux1:, 1.535030846005737, 0.9990490354246249, 0.9547363640650983
flux1:, 1.536013202876341, 0.9190342678600449, 0.8901281408446643
flux1:, 1.536995559746945, 0.8543263094198468, 0.8283067560886638
flux1:, 1.537977916617549, 0.8100093424138152, 0.776316514005761
flux1:, 1.538960273488153, 0.7507536356323743, 0.7261930356741382
flux1:, 1.5399426303587567, 0.6911081093592226, 0.675227094608591
flux1:, 1.5409249872293607, 0.6546494788219616, 0.6317540195972735
flux1:, 1.5419073440999647, 0.6140925665843159, 0.5930061577952713
flux1:, 1.5428897009705687, 0.5626171731671974, 0.5522310417302091
flux1:, 1.5438720578411727, 0.5285777254255883, 0.515305241356953
flux1:, 1.5448544147117764, 0.5016748910384695, 0.4847053884188851
flux1:, 1.5458367715823806, 0.46122092414231375, 0.45309421152302864
flux1:, 1.5468191284529844, 0.42793337420608835, 0.4218870350515971
flux1:, 1.5478014853235884, 0.4086318175724965, 0.3967164846910141
flux1:, 1.5487838421941924, 0.38003873407723243, 0.37269768506790524
flux1:, 1.5497661990647964, 0.3487347386567532, 0.3469989010509819
flux1:, 1.5507485559354004, 0.33199241498222243, 0.3254495694449552
flux1:, 1.5517309128060042, 0.3136463003588108, 0.3070824329179874
flux1:, 1.5527132696766082, 0.2867494795154167, 0.2867329017904915
flux1:, 1.5536956265472122, 0.2697907825158809, 0.26796584316194283
flux1:, 1.5546779834178162, 0.258362030199834, 0.2533299819409999
flux1:, 1.5556603402884202, 0.23780214981754547, 0.23783708758587183
flux1:, 1.556642697159024, 0.22027374988122056, 0.22172945475315178
flux1:, 1.557625054029628, 0.2120583977490374, 0.2093205751628834
flux1:, 1.558607410900232, 0.1982625209699359, 0.19776490328102647
flux1:, 1.559589767770836, 0.18146338932076278, 0.18449198989941243
flux1:, 1.56057212464144, 0.1736345201346515, 0.173449079427525
flux1:, 1.5615544815120437, 0.1654326204838276, 0.16465328554679584
flux1:, 1.5625368383826477, 0.15113076949318038, 0.15429231432181548
flux1:, 1.5635191952532517, 0.14239787448660404, 0.1443809727453894
flux1:, 1.5645015521238557, 0.13765243816870132, 0.13721131309319
flux1:, 1.5654839089944597, 0.12705740552645714, 0.1295130463149984
flux1:, 1.5664662658650634, 0.11759368447979578, 0.1209040202697938
flux1:, 1.5674486227356674, 0.11410720071561227, 0.11454499730640709
flux1:, 1.5684309796062714, 0.1073710571546727, 0.10892630391631795
flux1:, 1.5694133364768754, 0.09821105330953588, 0.10188762247116374
flux1:, 1.5703956933474794, 0.0944578940812122, 0.09597120158030772
flux1:, 1.5713780502180832, 0.09076530940060477, 0.09168281634566562
flux1:, 1.5723604070886872, 0.08305089783672179, 0.08632085742134264
flux1:, 1.5733427639592912, 0.0784713807708535, 0.08087474539660457
flux1:, 1.5743251208298952, 0.07651538439582828, 0.07723515870232409
flux1:, 1.5753074777004992, 0.07093479507094409, 0.07337746723665237
flux1:, 1.576289834571103, 0.06578762848512014, 0.06864048448900477
flux1:, 1.577272191441707, 0.06432070038163192, 0.06521989481876991
flux1:, 1.578254548312311, 0.060907618107794895, 0.062458517531909015
flux1:, 1.579236905182915, 0.05586764857551361, 0.058660126126951206
flux1:, 1.580219262053519, 0.05407870512157143, 0.055340384091557074
flux1:, 1.5812016189241227, 0.052336042418309234, 0.0531838660626945
flux1:, 1.5821839757947267, 0.04807474503211043, 0.05038458484768945
flux1:, 1.5831663326653307, 0.045696547801980576, 0.047288155725872597
flux1:, 1.5841486895359347, 0.04488557240115607, 0.045334079831790906
flux1:, 1.5851310464065387, 0.04179943728745177, 0.043382075606596175
flux1:, 1.5861134032771425, 0.03899713296006822, 0.04072142112881656
flux1:, 1.5870957601477467, 0.03842300630457614, 0.03876723483455232
flux1:, 1.5880781170183504, 0.03655363518489945, 0.03736668469386223
flux1:, 1.5890604738889544, 0.033713207440549904, 0.03529306199126554
flux1:, 1.5900428307595584, 0.032907321604293015, 0.033344843425026
flux1:, 1.5910251876301624, 0.032006306702113935, 0.0321826669173038
flux1:, 1.5920075445007664, 0.029528684119212657, 0.030700974928421745
flux1:, 1.5929899013713702, 0.028308766691327116, 0.028893723117482107
flux1:, 1.5939722582419742, 0.02797235132116625, 0.02775366753897561
flux1:, 1.5949546151125782, 0.0261292376017511, 0.0267280423387214
flux1:, 1.5959369719831822, 0.02456373542359666, 0.02521074511900336
flux1:, 1.5969193288537862, 0.024377361233189853, 0.02402288602527484
flux1:, 1.59790168572439, 0.023244701803929894, 0.02325002678840383
flux1:, 1.598884042594994, 0.02155810180731327, 0.022095953095212128
flux1:, 1.599866399465598, 0.021212369502039027, 0.020911553810767886
flux1:, 1.600848756336202, 0.020678398986026664, 0.020210672498165886
flux1:, 1.601831113206806, 0.019133745868083956, 0.019388480486887353
flux1:, 1.6028134700774097, 0.018486391916581264, 0.018309274526380356
flux1:, 1.6037958269480137, 0.018318266385188985, 0.017581192688401803
flux1:, 1.6047781838186177, 0.01711451236680103, 0.016984383160265116
flux1:, 1.6057605406892217, 0.016187770233361803, 0.016091016462938836
flux1:, 1.6067428975598257, 0.01612519093801526, 0.01532623335768021
flux1:, 1.6077252544304295, 0.015340860405176635, 0.014830576202974167
flux1:, 1.6087076113010335, 0.01426677633092439, 0.014143548009432922
flux1:, 1.6096899681716375, 0.014103479525997852, 0.013389708456320234
flux1:, 1.6106723250422414, 0.013696557017867848, 0.012903457390984238
flux1:, 1.6116546819128454, 0.012642719731610182, 0.01238491594257303
flux1:, 1.6126370387834492, 0.012268878978723233, 0.011700824858749351
flux1:, 1.6136193956540532, 0.012116524012212944, 0.011186474070405633
flux1:, 1.6146017525246572, 0.011225277068183184, 0.010769134105965366
flux1:, 1.6155841093952612, 0.010628894106056932, 0.010190703330220837
flux1:, 1.6165664662658652, 0.01057839465550445, 0.009657355774707312
flux1:, 1.617548823136469, 0.009934683199144907, 0.009278226765200107
flux1:, 1.618531180007073, 0.00917882461816333, 0.008807988329491931
flux1:, 1.619513536877677, 0.009089077967530931, 0.008287840617111504
flux1:, 1.620495893748281, 0.00871207039149305, 0.007909415990083369
flux1:, 1.621478250618885, 0.007905734349971279, 0.007525799733558271
flux1:, 1.6224606074894887, 0.007675157366777513, 0.007051231876441587
flux1:, 1.6234429643600927, 0.007521981177531322, 0.006664876199304744
flux1:, 1.6244253212306967, 0.006790769470439067, 0.006338878550359334
flux1:, 1.6254076781013007, 0.006376578239779541, 0.005930056762105917
flux1:, 1.6263900349719047, 0.006353655110039822, 0.005547171588429752
flux1:, 1.6273723918425085, 0.005807457907700254, 0.005255037940871637
flux1:, 1.6283547487131127, 0.005236967713804068, 0.004918161951757074
flux1:, 1.6293371055837165, 0.005223319900640601, 0.004558454714638352
flux1:, 1.6303194624543205, 0.004921794112546975, 0.004286312566592563
flux1:, 1.6313018193249245, 0.004287510059772567, 0.004016895110303862
flux1:, 1.6322841761955285, 0.004172464316019824, 0.003699750059861707
flux1:, 1.6332665330661325, 0.0041002077886188905, 0.003442895345041265
flux1:, 1.6342488899367362, 0.0035305153212160548, 0.0032292511262854598
flux1:, 1.6352312468073402, 0.003255740557203329, 0.002968721068996689
flux1:, 1.6362136036779442, 0.0033237887806073785, 0.0027297376223363043
flux1:, 1.6371959605485482, 0.0029339614838795325, 0.0025560036723422867
flux1:, 1.6381783174191522, 0.002519260115023301, 0.0023575479862517797
flux1:, 1.639160674289756, 0.00259925907905249, 0.002144520228899579
flux1:, 1.64014303116036, 0.002443111237535881, 0.001994736573045671
flux1:, 1.641125388030964, 0.0019789792861958726, 0.0018533027581934365
flux1:, 1.642107744901568, 0.001957293794784677, 0.0016767514294867836
flux1:, 1.643090101772172, 0.002004034562383812, 0.00154001548762417
flux1:, 1.6440724586427757, 0.001611153841443941, 0.0014410664521376563
flux1:, 1.6450548155133797, 0.0014369246955474144, 0.001308896574695904
flux1:, 1.6460371723839837, 0.001586046855958449, 0.0011830266937186257
flux1:, 1.6470195292545877, 0.0013605231428023864, 0.0011075902435877863
flux1:, 1.6480018861251917, 0.00106392715368002, 0.001019976436732731
flux1:, 1.6489842429957955, 0.0011911669113440046, 0.0009108244733661097
flux1:, 1.6499665998663995, 0.0011621625478878189, 0.0008429118412107425
flux1:, 1.6509489567370035, 0.0008347163836933492, 0.0007904532525097411
flux1:, 1.6519313136076075, 0.0008465915200426505, 0.0007066274838636061
flux1:, 1.6529136704782115, 0.0009662451110316795, 0.0006391455642354423
flux1:, 1.6538960273488152, 0.000714062184642754, 0.0006060997547546227
flux1:, 1.6548783842194192, 0.0005851736941219813, 0.0005521287155349116
flux1:, 1.6558607410900232, 0.0007542531894547983, 0.00048785362798571265
flux1:, 1.6568430979606272, 0.0006477073134338559, 0.00045895461574331877
flux1:, 1.6578254548312312, 0.0004243816135952021, 0.0004311794039777107
flux1:, 1.658807811701835, 0.0005398044187671819, 0.00037833709320323947
flux1:, 1.659790168572439, 0.0005836465999808884, 0.0003451892230912235
flux1:, 1.660772525443043, 0.0003543407784763981, 0.0003329017557549411
flux1:, 1.661754882313647, 0.0003547291165014595, 0.00029830228209187386
flux1:, 1.662737239184251, 0.0004916080914754237, 0.0002615607032749536
flux1:, 1.6637195960548548, 0.00034062390898734765, 0.00025239925157759263
flux1:, 1.6647019529254587, 0.0002281542686880452, 0.00023647591666924186
flux1:, 1.6656843097960627, 0.0003712255560810083, 0.00020286017176081365
flux1:, 1.6666666666666667, 0.00033962697593798813, 0.00018876035482502367
