flux1:, 1.1764705882352942, 0.00013842639929886587, 0.00010793062272599388
flux1:, 1.1774529451058982, 0.0006785808683195614, 1.1265683673324286e-05
flux1:, 1.1784353019765021, 0.0006696783790166398, 0.00034235896705397104
flux1:, 1.179417658847106, 9.634222972000209e-05, 0.00027635655099937835
flux1:, 1.18040001571771, 0.0005052144270957891, -2.2990147668555855e-05
flux1:, 1.181382372588314, 0.0009500303445232699, 0.00024002797789483946
flux1:, 1.182364729458918, 0.0002636837061692757, 0.00043018906103699234
flux1:, 1.183347086329522, 0.00022858812588048808, 6.205499854728992e-05
flux1:, 1.1843294432001257, 0.0010731527691028124, 8.783099183533193e-05
flux1:, 1.1853118000707297, 0.0006645544099474498, 0.000474850797192259
flux1:, 1.1862941569413337, 2.7667323602147257e-05, 0.00024340806489191942
flux1:, 1.1872765138119377, 0.0009145938200431882, -1.2194872921723983e-05
flux1:, 1.1882588706825417, 0.0011514980353564365, 0.0003808415143435238
flux1:, 1.1892412275531457, 0.00010478100777687695, 0.0004241988420621016
flux1:, 1.1902235844237494, 0.0005275911555877629, 8.210919482228415e-06
flux1:, 1.1912059412943534, 0.0014762822683614554, 0.00021175257910077875
flux1:, 1.1921882981649574, 0.0005231273498350477, 0.000511900500360865
flux1:, 1.1931706550355614, 0.00013556041113303775, 0.00013295407339952863
flux1:, 1.1941530119061654, 0.0014620288648184993, 6.539298596100944e-05
flux1:, 1.1951353687767692, 0.0011553213220256396, 0.00048381753966642683
flux1:, 1.1961177256473732, -7.013614430445459e-06, 0.0002923764037801442
flux1:, 1.1971000825179772, 0.0011078863858722517, 2.0958541063894673e-06
flux1:, 1.1980824393885812, 0.001765243932279932, 0.0003815571693829849
flux1:, 1.1990647962591852, 0.0002583704736224935, 0.00042492451287716324
flux1:, 1.200047153129789, 0.0005772798336260424, 2.5099458229624528e-05
flux1:, 1.201029510000393, 0.002119884123105214, 0.00026522747906356354
flux1:, 1.202011866870997, 0.0009459418115420066, 0.000513119092819959
flux1:, 1.202994223741601, 0.00013531135950480176, 0.00010730482999423899
flux1:, 1.203976580612205, 0.0020681347753996053, 0.0001737891793361618
flux1:, 1.2049589374828087, 0.0019275489559574146, 0.0005838794222522148
flux1:, 1.2059412943534127, 8.88805918921948e-05, 0.00023761439508979896
flux1:, 1.2069236512240167, 0.0015937893349809058, 0.00011299159105127375
flux1:, 1.2079060080946207, 0.0029415081014157376, 0.0006826492815112892
flux1:, 1.2088883649652247, 0.0007289470847613647, 0.0004727413881883646
flux1:, 1.2098707218358287, 0.0008788634917417166, 8.827177021851262e-05
flux1:, 1.2108530787064324, 0.003587927841675921, 0.0008264130178138177
flux1:, 1.2118354355770364, 0.002202936609901438, 0.0009728889676005174
flux1:, 1.2128177924476404, 0.0004019927041312285, 0.00022244225279775798
flux1:, 1.2138001493182444, 0.0033688360095684897, 0.0009538044519497215
flux1:, 1.2147825061888484, 0.004127400949683631, 0.0018998931435738756
flux1:, 1.2157648630594522, 0.0008938153056182775, 0.0009325119037722205
flux1:, 1.2167472199300562, 0.002097472110681587, 0.0010058779739443825
flux1:, 1.2177295768006602, 0.00508958256648384, 0.0029293044453022367
flux1:, 1.2187119336712642, 0.0024415970866978618, 0.0025882321897124916
flux1:, 1.2196942905418682, 0.0007303481060828913, 0.001295785343434083
flux1:, 1.220676647412472, 0.003994996401937446, 0.0031366538597219907
flux1:, 1.221659004283076, 0.0036453412208245395, 0.004373756367809791
flux1:, 1.22264136115368, 0.00042101410125968086, 0.0023309547652877174
flux1:, 1.223623718024284, 0.0021907928849822446, 0.0025779007875832054
flux1:, 1.224606074894888, 0.003785356713625536, 0.005143533014241895
flux1:, 1.2255884317654917, 0.0008539285861621194, 0.003985444249279584
flux1:, 1.2265707886360957, 0.0010524821382684472, 0.002328547678946433
flux1:, 1.2275531455066997, 0.0036088004888908533, 0.004942851831790071
flux1:, 1.2285355023773037, 0.0015423260814729457, 0.005797609793212724
flux1:, 1.2295178592479077, 0.0005564315074720993, 0.00313146983518139
flux1:, 1.2305002161185117, 0.003758419404368494, 0.004420151978530968
flux1:, 1.2314825729891155, 0.0027700148574949586, 0.0074257273375758276
flux1:, 1.2324649298597194, 0.0004815606794003094, 0.005338504025605903
flux1:, 1.2334472867303234, 0.004322636338670955, 0.004394329212817283
flux1:, 1.2344296436009274, 0.005468665615787591, 0.008633846998160355
flux1:, 1.2354120004715314, 0.001510507656312099, 0.009069958612328507
flux1:, 1.2363943573421352, 0.005012909425916574, 0.0060074845539758535
flux1:, 1.2373767142127392, 0.010657426146933768, 0.00909987902619438
flux1:, 1.2383590710833432, 0.006344853470311177, 0.013162253371587669
flux1:, 1.2393414279539472, 0.005706189893208401, 0.009931160974316434
flux1:, 1.2403237848245512, 0.015637070378350947, 0.008136263320784348
flux1:, 1.241306141695155, 0.015943634791567043, 0.012269293704635587
flux1:, 1.242288498565759, 0.007640392226483533, 0.01160036159677472
flux1:, 1.243270855436363, 0.012095410907584911, 0.006009968231408128
flux1:, 1.244253212306967, 0.018757714243433046, 0.00584569032508234
flux1:, 1.245235569177571, 0.010543476754122908, 0.00773130296084802
flux1:, 1.2462179260481747, 0.005951432217295437, 0.004534817156152167
flux1:, 1.2472002829187787, 0.013614516335484229, 0.002265815498063289
flux1:, 1.2481826397893827, 0.012142693950145883, 0.004124235534811944
flux1:, 1.2491649966599867, 0.004016060638802037, 0.003718746576278721
flux1:, 1.2501473535305907, 0.00807993426114293, 0.0015900408305335493
flux1:, 1.2511297104011945, 0.012103863160843265, 0.0024609505080037592
flux1:, 1.2521120672717985, 0.004999943482952796, 0.003231503099299182
flux1:, 1.2530944241424025, 0.004409431754851633, 0.0018644153633586135
flux1:, 1.2540767810130065, 0.01079287766284101, 0.0020394400958918396
flux1:, 1.2550591378836105, 0.007081689040132447, 0.0030597417019055115
flux1:, 1.2560414947542144, 0.0028053571532932775, 0.002345759489270355
flux1:, 1.2570238516248182, 0.008695128944774724, 0.002231666222369127
flux1:, 1.2580062084954222, 0.009107345653054147, 0.003225975926144981
flux1:, 1.2589885653660262, 0.0030739548536698968, 0.0029092012584048094
flux1:, 1.2599709222366302, 0.006416443530199097, 0.002689696234053938
flux1:, 1.2609532791072342, 0.010379200597962348, 0.003685570365483199
flux1:, 1.261935635977838, 0.004813141235406341, 0.003628049981009963
flux1:, 1.262917992848442, 0.0046268366110294315, 0.0032817909058544493
flux1:, 1.263900349719046, 0.010586614144923854, 0.00433728112950858
flux1:, 1.26488270658965, 0.007422955471473948, 0.004589483631316097
flux1:, 1.265865063460254, 0.003925898658760252, 0.004034939488853335
flux1:, 1.266847420330858, 0.009812790974086499, 0.0050788485669705525
flux1:, 1.2678297772014617, 0.010183265570710358, 0.005812400114345071
flux1:, 1.2688121340720657, 0.004683963339442181, 0.005070586675637666
flux1:, 1.2697944909426697, 0.00850761219134727, 0.005872163954809141
flux1:, 1.2707768478132737, 0.012409991633014763, 0.007229951768620522
flux1:, 1.2717592046838777, 0.006919302075652159, 0.006525910792561043
flux1:, 1.2727415615544815, 0.007377458127264175, 0.006788512778980909
flux1:, 1.2737239184250855, 0.013645919662205127, 0.008725900367324861
flux1:, 1.2747062752956895, 0.010264080000540613, 0.00847569459488876
flux1:, 1.2756886321662935, 0.007191643543732598, 0.008010826364342256
flux1:, 1.2766709890368975, 0.01382142305518003, 0.010208343712463888
flux1:, 1.2776533459075012, 0.014050300539731334, 0.010881589800095313
flux1:, 1.2786357027781052, 0.008547099788408863, 0.009784581466012014
flux1:, 1.2796180596487092, 0.013320155019114781, 0.011691616367108242
flux1:, 1.2806004165193132, 0.017509740259673116, 0.01359331984281293
flux1:, 1.2815827733899172, 0.011661128747634133, 0.012329554852158342
flux1:, 1.282565130260521, 0.012906948919958968, 0.013349742486118274
flux1:, 1.283547487131125, 0.020039379462270725, 0.01641084799823795
flux1:, 1.284529844001729, 0.01626862127249084, 0.015744545294011366
flux1:, 1.285512200872333, 0.013517489044650555, 0.015510124026787007
flux1:, 1.286494557742937, 0.02144985947002297, 0.019192473949132895
flux1:, 1.2874769146135407, 0.021678369706751036, 0.019947659614573128
flux1:, 1.2884592714841447, 0.015960800567847343, 0.01857588367079181
flux1:, 1.2894416283547487, 0.022104173137352617, 0.021970209843483864
flux1:, 1.2904239852253527, 0.026995205561667387, 0.024688973376133228
flux1:, 1.2914063420959567, 0.020628586868139388, 0.02289462824765634
flux1:, 1.2923886989665605, 0.022876761679211644, 0.02502131813375446
flux1:, 1.2933710558371645, 0.031453691989481766, 0.029648888637766935
flux1:, 1.2943534127077685, 0.0273213590627226, 0.028619985238691796
flux1:, 1.2953357695783725, 0.024918150402337236, 0.0288519748814652
flux1:, 1.2963181264489765, 0.034756024866243414, 0.03460027124090865
flux1:, 1.2973004833195805, 0.03527750495271416, 0.03562723681899027
flux1:, 1.2982828401901843, 0.029282666799506297, 0.03407740752665921
flux1:, 1.2992651970607882, 0.037284901829325416, 0.03957814245804782
flux1:, 1.3002475539313922, 0.04342862237100028, 0.04353574256512063
flux1:, 1.3012299108019962, 0.036541241612794456, 0.041225461729814256
flux1:, 1.3022122676726002, 0.040086858610349156, 0.044982978937791795
flux1:, 1.303194624543204, 0.05081925695533444, 0.05185638623136572
flux1:, 1.304176981413808, 0.04653039059999001, 0.050531548385896984
flux1:, 1.305159338284412, 0.0445939448315905, 0.051554365406068246
flux1:, 1.306141695155016, 0.05705168855434086, 0.06023123334204665
flux1:, 1.30712405202562, 0.0583618137961727, 0.06181422685555801
flux1:, 1.308106408896224, 0.052151398647730586, 0.06019336402583067
flux1:, 1.3090887657668278, 0.06258004813014752, 0.06868317579416636
flux1:, 1.3100711226374318, 0.07073402051678125, 0.07450737359027076
flux1:, 1.3110534795080357, 0.06351124358583021, 0.07167343816367498
flux1:, 1.3120358363786397, 0.06870711711399162, 0.07776830765310938
flux1:, 1.3130181932492437, 0.08247065354406645, 0.08787501793234433
flux1:, 1.3140005501198475, 0.07849620507243463, 0.08633885794903838
flux1:, 1.3149829069904515, 0.0772331017624539, 0.08853966799792329
flux1:, 1.3159652638610555, 0.09310129309628823, 0.10136127846673137
flux1:, 1.3169476207316595, 0.09600621164896651, 0.10391953652730689
flux1:, 1.3179299776022635, 0.08984239550077458, 0.10229065353695416
flux1:, 1.3189123344728673, 0.1032472222543698, 0.11495746072949864
flux1:, 1.3198946913434713, 0.11442858028420823, 0.12357284986983845
flux1:, 1.3208770482140753, 0.1074425584782207, 0.12013389550091715
flux1:, 1.3218594050846793, 0.11461098906308856, 0.1294316742955722
flux1:, 1.3228417619552832, 0.13235360511197958, 0.14419279430759402
flux1:, 1.323824118825887, 0.12973391377670698, 0.14255588241865122
flux1:, 1.324806475696491, 0.12949766028368473, 0.14628682485662403
flux1:, 1.325788832567095, 0.14934669664270675, 0.16492364102057552
flux1:, 1.326771189437699, 0.1552484744914666, 0.16913324367814306
flux1:, 1.327753546308303, 0.14998230380741806, 0.1673935446863126
flux1:, 1.3287359031789068, 0.16645103025414418, 0.18571416904651386
flux1:, 1.3297182600495108, 0.1819498455663443, 0.19857737432385905
flux1:, 1.3307006169201148, 0.17701773000785123, 0.19436538787149646
flux1:, 1.3316829737907188, 0.18613719976251197, 0.20768993459922516
flux1:, 1.3326653306613228, 0.20827126944301072, 0.22918588460564301
flux1:, 1.3336476875319265, 0.2098758950456898, 0.22786591709753878
flux1:, 1.3346300444025305, 0.21158343923476816, 0.23313447179970906
flux1:, 1.3356124012731345, 0.23426139155959688, 0.2596450639412462
flux1:, 1.3365947581437385, 0.2462869457145851, 0.2671187546268943
flux1:, 1.3375771150143425, 0.24541975555895676, 0.26496042237220063
flux1:, 1.3385594718849465, 0.26239117526607286, 0.2899898538475984
flux1:, 1.3395418287555503, 0.28348340187753124, 0.3099060396447648
flux1:, 1.3405241856261543, 0.2883223489730366, 0.3056956188722152
flux1:, 1.3415065424967583, 0.2976117925973482, 0.3224377382263439
flux1:, 1.3424888993673623, 0.3201483164769123, 0.3533031836489393
flux1:, 1.3434712562379663, 0.33802254190318254, 0.3561640321405679
flux1:, 1.34445361310857, 0.34645773814823855, 0.3618081268946503
flux1:, 1.345435969979174, 0.35918577528972595, 0.3954022777250452
flux1:, 1.346418326849778, 0.3893816455711914, 0.41417461504743347
flux1:, 1.347400683720382, 0.4153259962725019, 0.41534133842073356
flux1:, 1.348383040590986, 0.4117270829401398, 0.4386555825821658
flux1:, 1.34936539746159, 0.4364105786631914, 0.47372287553049824
flux1:, 1.3503477543321938, 0.5084877506931577, 0.49195982692524126
flux1:, 1.3513301112027978, 0.505525666897774, 0.49763200120360973
flux1:, 1.3523124680734018, 0.47892233247161065, 0.526294960481962
flux1:, 1.3532948249440058, 0.6270831896792732, 0.601556686525258
flux1:, 1.3542771818146098, 0.715676401912454, 0.6265576014134622
flux1:, 1.3552595386852135, 0.5508937470040686, 0.5756537032714494
flux1:, 1.3562418955558175, 0.7736694434745295, 0.757709356472134
flux1:, 1.3572242524264215, 1.3585155273268958, 1.0924030508740816
flux1:, 1.3582066092970255, 0.9682149924836287, 0.8214098743618754
flux1:, 1.3591889661676295, 1.0171428881287368, 1.0306383566117892
flux1:, 1.3601713230382333, 6.497422848738285, 5.665062465929494
flux1:, 1.3611536799088373, 17.040907526421087, 15.35161746371142
flux1:, 1.3621360367794413, 22.70740453467696, 22.271126485336872
flux1:, 1.3631183936500453, 16.723795259537315, 18.498782169224906
flux1:, 1.3641007505206493, 6.144819698082712, 7.987367216748085
flux1:, 1.365083107391253, 1.2524671765803155, 1.6482025585013953
flux1:, 1.366065464261857, 1.7858064671290297, 2.1336815638016193
flux1:, 1.367047821132461, 2.0207328016487165, 3.1405137979679654
flux1:, 1.368030178003065, 1.192857475682709, 1.8385747843431766
flux1:, 1.369012534873669, 1.2039050067366417, 1.3533442282540207
flux1:, 1.3699948917442728, 1.4510833482774033, 2.347491048279408
flux1:, 1.3709772486148768, 1.19059206909338, 2.21502748633841
flux1:, 1.3719596054854808, 1.1808784349900288, 1.3943509975452608
flux1:, 1.3729419623560848, 1.3524346080461769, 2.0816847619862737
flux1:, 1.3739243192266888, 1.2124646414615772, 2.8783199819535374
flux1:, 1.3749066760972926, 1.2129115683111824, 1.9324066536537468
flux1:, 1.3758890329678966, 1.4574140985195017, 2.0788675865776978
flux1:, 1.3768713898385005, 2.20899616237792, 6.03580885254002
flux1:, 1.3778537467091045, 4.885159022532467, 10.132311155264535
flux1:, 1.3788361035797085, 8.395634475485005, 9.280649800894075
flux1:, 1.3798184604503125, 8.429449097855494, 4.853850270994627
flux1:, 1.3808008173209163, 4.5898853698126105, 1.9147436898457142
flux1:, 1.3817831741915203, 1.9392665918477427, 1.722591134716088
flux1:, 1.3827655310621243, 2.4872953904837605, 1.99674766567788
flux1:, 1.3837478879327283, 2.9903260973465633, 1.8189563535665467
flux1:, 1.3847302448033323, 2.2317621366730918, 1.9116907693197385
flux1:, 1.3857126016739363, 2.1823926638609303, 2.179819925373358
flux1:, 1.38669495854454, 2.752281189384079, 2.1459289871266507
flux1:, 1.387677315415144, 2.5437553814303744, 2.144847582301085
flux1:, 1.388659672285748, 2.2893658320859, 2.383847340528318
flux1:, 1.389642029156352, 2.714708538239809, 2.4723080912098006
flux1:, 1.390624386026956, 2.8319618398041055, 2.432456702995045
flux1:, 1.3916067428975598, 2.553257962091549, 2.596480499044535
flux1:, 1.3925890997681638, 2.7738879295999084, 2.7732288373728498
flux1:, 1.3935714566387678, 3.0775381959760852, 2.7605171346145383
flux1:, 1.3945538135093718, 2.8970811198873325, 2.8391730039006937
flux1:, 1.3955361703799758, 2.9218315279945775, 3.049031574480229
flux1:, 1.3965185272505796, 3.2802995054968354, 3.105924520015154
flux1:, 1.3975008841211836, 3.2665491045073636, 3.1231757983202098
flux1:, 1.3984832409917876, 3.1592514842476898, 3.3097170973865566
flux1:, 1.3994655978623916, 3.4573874960108157, 3.4442391297559256
flux1:, 1.4004479547329955, 3.6158509365262024, 3.445050193800724
flux1:, 1.4014303116035993, 3.4732318426264244, 3.569744890012066
flux1:, 1.4024126684742033, 3.636694526558442, 3.75639100689498
flux1:, 1.4033950253448073, 3.9131201089959022, 3.787226314195063
flux1:, 1.4043773822154113, 3.831908862449387, 3.8415864760892187
flux1:, 1.4053597390860153, 3.84547285311124, 4.0334570517327135
flux1:, 1.406342095956619, 4.147229563796189, 4.122761193504
flux1:, 1.407324452827223, 4.189877857499613, 4.129006511738745
flux1:, 1.408306809697827, 4.097715054881474, 4.277690056436998
flux1:, 1.409289166568431, 4.32903895959504, 4.423592847353864
flux1:, 1.410271523439035, 4.501094227688858, 4.422895615337382
flux1:, 1.4112538803096388, 4.38557908376344, 4.498927438306717
flux1:, 1.4122362371802428, 4.484517880575551, 4.669748847457203
flux1:, 1.4132185940508468, 4.734001070551896, 4.70222750145565
flux1:, 1.4142009509214508, 4.67948849070954, 4.707526397848793
flux1:, 1.4151833077920548, 4.641474459736753, 4.855800258508707
flux1:, 1.4161656646626586, 4.8821557889773715, 4.940784856633634
flux1:, 1.4171480215332626, 4.938191920271763, 4.9070192728605875
flux1:, 1.4181303784038666, 4.815416453989604, 4.991462144192226
flux1:, 1.4191127352744706, 4.965015648474947, 5.117421318687321
flux1:, 1.4200950921450746, 5.125238721391884, 5.090403273977233
flux1:, 1.4210774490156786, 5.0013610114912055, 5.095772105079726
flux1:, 1.4220598058862823, 5.017947965496628, 5.225365004553424
flux1:, 1.4230421627568863, 5.224620547437626, 5.242535616659197
flux1:, 1.4240245196274903, 5.176011117951776, 5.1875610769773495
flux1:, 1.4250068764980943, 5.075921555426318, 5.2759897590356495
flux1:, 1.4259892333686983, 5.248166166192163, 5.347987129313971
flux1:, 1.4269715902393023, 5.309618064565556, 5.277033013169397
flux1:, 1.427953947109906, 5.1586469480299515, 5.294958316271192
flux1:, 1.42893630398051, 5.231079869968447, 5.400633578984343
flux1:, 1.429918660851114, 5.3818675424919284, 5.362803092921358
flux1:, 1.430901017721718, 5.264183570719572, 5.312412205719819
flux1:, 1.431883374592322, 5.217744053850583, 5.410074235054344
flux1:, 1.4328657314629258, 5.394072789217486, 5.435890749143195
flux1:, 1.4338480883335298, 5.373698059916979, 5.351840337944756
flux1:, 1.4348304452041338, 5.2444330764807106, 5.401366024059064
flux1:, 1.4358128020747378, 5.371811810148373, 5.488529950007635
flux1:, 1.4367951589453418, 5.464602537646656, 5.422840118459364
flux1:, 1.4377775158159456, 5.326708477396505, 5.407749462935645
flux1:, 1.4387598726865496, 5.356693215620654, 5.523167505987644
flux1:, 1.4397422295571536, 5.5254707022005825, 5.521020806937238
flux1:, 1.4407245864277576, 5.456782463292054, 5.459359083378367
flux1:, 1.4417069432983616, 5.390822802436361, 5.556807253830168
flux1:, 1.4426893001689653, 5.565473144642513, 5.634859880306925
flux1:, 1.4436716570395693, 5.611498737600363, 5.572830548437424
flux1:, 1.4446540139101733, 5.500662128963316, 5.617895758177427
flux1:, 1.4456363707807773, 5.613557381622607, 5.7559748423807875
flux1:, 1.4466187276513813, 5.766844928356037, 5.746456865317805
flux1:, 1.447601084521985, 5.687229347128099, 5.736305313506848
flux1:, 1.448583441392589, 5.707065184755058, 5.887392963215183
flux1:, 1.449565798263193, 5.911886227668393, 5.963206512183867
flux1:, 1.450548155133797, 5.9269846527466585, 5.930349778517875
flux1:, 1.451530512004401, 5.874278217856118, 6.044851660759411
flux1:, 1.4525128688750049, 6.054884454513601, 6.2002908385991535
flux1:, 1.4534952257456089, 6.183125326180639, 6.196777128178728
flux1:, 1.4544775826162128, 6.118741151192636, 6.2491070135262206
flux1:, 1.4554599394868168, 6.217570585946019, 6.440453384637416
flux1:, 1.4564422963574208, 6.4219887661751605, 6.50919106550952
flux1:, 1.4574246532280246, 6.413467056820966, 6.511952119982177
flux1:, 1.4584070100986286, 6.419423297316738, 6.6785411146149904
flux1:, 1.4593893669692326, 6.62609168678039, 6.826858881016015
flux1:, 1.4603717238398366, 6.709254089328897, 6.823184520112936
flux1:, 1.4613540807104406, 6.66009871195582, 6.918816491920614
flux1:, 1.4623364375810444, 6.796372030483268, 7.110311964406501
flux1:, 1.4633187944516486, 6.954084925601248, 7.147113558465916
flux1:, 1.4643011513222524, 6.911007914043798, 7.163968647340991
flux1:, 1.4652835081928564, 6.942234540266146, 7.335463877969177
flux1:, 1.4662658650634603, 7.11351933927897, 7.4329688873569815
flux1:, 1.4672482219340643, 7.123017970227668, 7.403063129956168
flux1:, 1.4682305788046683, 7.06621967622337, 7.4979821139197975
flux1:, 1.4692129356752721, 7.180439837960453, 7.634902259836427
flux1:, 1.470195292545876, 7.247173070668115, 7.607736649018081
flux1:, 1.47117764941648, 7.154477005483258, 7.605736356585294
flux1:, 1.472160006287084, 7.169138221226445, 7.730026115808624
flux1:, 1.473142363157688, 7.256006777315463, 7.740798818996742
flux1:, 1.4741247200282919, 7.180241768719742, 7.665431710415545
flux1:, 1.4751070768988959, 7.099401331433948, 7.723586702147891
flux1:, 1.4760894337694999, 7.15244715580208, 7.772270627550434
flux1:, 1.4770717906401039, 7.117713120547398, 7.673198810133942
flux1:, 1.4780541475107078, 6.982374557787489, 7.639149862465167
flux1:, 1.4790365043813116, 6.962412329157352, 7.692357921339746
flux1:, 1.4800188612519156, 6.956339310993467, 7.61490261209509
flux1:, 1.4810012181225196, 6.816812132706272, 7.501351965015842
flux1:, 1.4819835749931236, 6.718136113070192, 7.51340355412238
flux1:, 1.4829659318637276, 6.706310284933874, 7.47426277715021
flux1:, 1.4839482887343314, 6.595580039678226, 7.321888563592912
flux1:, 1.4849306456049354, 6.443466255889181, 7.260595417087616
flux1:, 1.4859130024755394, 6.393061137096345, 7.242150108459797
flux1:, 1.4868953593461434, 6.315469197982805, 7.095320754165573
flux1:, 1.4878777162167474, 6.148245867961385, 6.957774510698742
flux1:, 1.4888600730873511, 6.045389790646189, 6.921395062033165
flux1:, 1.4898424299579551, 5.982595281415574, 6.804975428323386
flux1:, 1.4908247868285591, 5.831260509557904, 6.616482638779086
flux1:, 1.4918071436991631, 5.684056422498777, 6.525714003193117
flux1:, 1.4927895005697671, 5.610011692472676, 6.435037639861784
flux1:, 1.4937718574403709, 5.486197570583918, 6.233901667712721
flux1:, 1.4947542143109749, 5.315773602284853, 6.074718417593832
flux1:, 1.4957365711815789, 5.210472599162283, 5.982814025517485
flux1:, 1.4967189280521829, 5.10615222443179, 5.800215338242248
flux1:, 1.4977012849227869, 4.9342688287720815, 5.58755425929336
flux1:, 1.4986836417933906, 4.7911465932558714, 5.463974286670817
flux1:, 1.4996659986639946, 4.6871430048150415, 5.310020429148523
flux1:, 1.5006483555345986, 4.527476829393126, 5.0776292026997
flux1:, 1.5016307124052026, 4.35428745744176, 4.906821076382172
flux1:, 1.5026130692758066, 4.232119561078872, 4.77008280453025
flux1:, 1.5035954261464104, 4.087384926411179, 4.551574092736871
flux1:, 1.5045777830170146, 3.9014453277952867, 4.340521018912364
flux1:, 1.5055601398876184, 3.7529298732745104, 4.199839911978816
flux1:, 1.5065424967582224, 3.6172800861276255, 4.013697081790753
flux1:, 1.5075248536288264, 3.437156280373858, 3.786668095610016
flux1:, 1.5085072104994304, 3.2676309169732, 3.626409478994927
flux1:, 1.5094895673700344, 3.132670582968004, 3.472387410970224
flux1:, 1.5104719242406381, 2.9707459922847, 3.25808323664001
flux1:, 1.5114542811112421, 2.7952054030504225, 3.0774024089746774
flux1:, 1.5124366379818461, 2.6562629883241566, 2.9431286944608757
flux1:, 1.5134189948524501, 2.5160851092616974, 2.7621804328814914
flux1:, 1.5144013517230541, 2.3514366629911407, 2.5744289070413804
flux1:, 1.515383708593658, 2.210534039268983, 2.44598952709635
flux1:, 1.516366065464262, 2.0891658595230247, 2.3047728641651433
flux1:, 1.5173484223348659, 1.9473757828279994, 2.129580040375005
flux1:, 1.5183307792054699, 1.8118142950793035, 1.9997168082008874
flux1:, 1.5193131360760739, 1.7043453664298005, 1.8918955444933945
flux1:, 1.5202954929466777, 1.5895868618112265, 1.7456997857057501
flux1:, 1.5212778498172816, 1.4679678996339895, 1.6163064158496392
flux1:, 1.5222602066878856, 1.3710541742530316, 1.5293474512608956
flux1:, 1.5232425635584896, 1.280926576255088, 1.4193519730308573
flux1:, 1.5242249204290936, 1.179390518425919, 1.2987357907440926
flux1:, 1.5252072772996974, 1.0924017897490252, 1.2210369775679135
flux1:, 1.5261896341703014, 1.0212271836535156, 1.1444286818369982
flux1:, 1.5271719910409054, 0.9416732806797135, 1.0421404988409153
flux1:, 1.5281543479115094, 0.865857820006419, 0.9674934288252757
flux1:, 1.5291367047821134, 0.8078490936549094, 0.9147739503914158
flux1:, 1.5301190616527172, 0.7482877023329217, 0.8370047423300347
flux1:, 1.5311014185233212, 0.6851883820817019, 0.7653738761122473
flux1:, 1.5320837753939252, 0.6362608958347307, 0.7252761736719414
flux1:, 1.5330661322645291, 0.5924202737201736, 0.6726009518166673
flux1:, 1.5340484891351331, 0.5426098444038105, 0.6080723022687997
flux1:, 1.535030846005737, 0.500721386985455, 0.5717511408414192
flux1:, 1.536013202876341, 0.4678512126402721, 0.5395000136946472
flux1:, 1.536995559746945, 0.4304595584394841, 0.48706903898724746
flux1:, 1.537977916617549, 0.39501100747697, 0.4502775947551472
flux1:, 1.538960273488153, 0.3691719602581658, 0.4307548336209831
flux1:, 1.5399426303587567, 0.3421410774808051, 0.3935113061705039
flux1:, 1.5409249872293607, 0.3130986511753927, 0.35656946838012954
flux1:, 1.5419073440999647, 0.2917011635218072, 0.3419186734542728
flux1:, 1.5428897009705687, 0.27242629181078676, 0.3195882414102595
flux1:, 1.5438720578411727, 0.24964014732035994, 0.28572943343919277
flux1:, 1.5448544147117764, 0.23135451531874665, 0.2703274507029505
flux1:, 1.5458367715823806, 0.21733889797953432, 0.25941081334799904
flux1:, 1.5468191284529844, 0.20024963357970862, 0.23246150943510718
flux1:, 1.5478014853235884, 0.18458221312474765, 0.21412293403762442
flux1:, 1.5487838421941924, 0.17385749379575172, 0.20927933670553361
flux1:, 1.5497661990647964, 0.16154320359490654, 0.1916215024839813
flux1:, 1.5507485559354004, 0.14837640756284803, 0.17141589343924937
flux1:, 1.5517309128060042, 0.13961949679541266, 0.16738354129648228
flux1:, 1.5527132696766082, 0.13100805867327917, 0.15886938882069637
flux1:, 1.5536956265472122, 0.1202929135797517, 0.1398383839091284
flux1:, 1.5546779834178162, 0.11272130660106476, 0.13311452177292013
flux1:, 1.5556603402884202, 0.10678677940311149, 0.13117014896069992
flux1:, 1.556642697159024, 0.09842782242747096, 0.11655643997164034
flux1:, 1.557625054029628, 0.09162493921230962, 0.10624845334340688
flux1:, 1.558607410900232, 0.08747184470799517, 0.10695863860601647
flux1:, 1.559589767770836, 0.08132634657763126, 0.09864912363032402
flux1:, 1.56057212464144, 0.07512149331840497, 0.08626864824387892
flux1:, 1.5615544815120437, 0.0719747802866047, 0.08591106307126649
flux1:, 1.5625368383826477, 0.06785190237141946, 0.08364607690419706
flux1:, 1.5635191952532517, 0.0622854844792444, 0.0720229156875258
flux1:, 1.5645015521238557, 0.05947781408694055, 0.06840623767263497
flux1:, 1.5654839089944597, 0.05707635669299955, 0.06997949494272541
flux1:, 1.5664662658650634, 0.05238415032915965, 0.06178826819407632
flux1:, 1.5674486227356674, 0.04942062588436073, 0.05486951489556681
flux1:, 1.5684309796062714, 0.04824363152346592, 0.05715292124643002
flux1:, 1.5694133364768754, 0.044762838532601566, 0.05367091085045795
flux1:, 1.5703956933474794, 0.041453961660895815, 0.045237458066577446
flux1:, 1.5713780502180832, 0.04080735302318226, 0.045542938529493836
flux1:, 1.5723604070886872, 0.03877245577591321, 0.04614614351995767
flux1:, 1.5733427639592912, 0.03532562214378075, 0.03874404390290586
flux1:, 1.5743251208298952, 0.034479707559589276, 0.03590127186238903
flux1:, 1.5753074777004992, 0.03379709953781273, 0.03848080360571625
flux1:, 1.576289834571103, 0.030736931158042286, 0.03410656266935872
flux1:, 1.577272191441707, 0.02920542101005589, 0.02876797675962989
flux1:, 1.578254548312311, 0.0293704583095126, 0.030820633354630738
flux1:, 1.579236905182915, 0.02726272397377726, 0.030007132702745343
flux1:, 1.580219262053519, 0.025027473147217476, 0.024071458059881604
flux1:, 1.5812016189241227, 0.025287219681836646, 0.02388434430185977
flux1:, 1.5821839757947267, 0.024403845808857526, 0.025603770833380807
flux1:, 1.5831663326653307, 0.02190984295732278, 0.021109332339195014
flux1:, 1.5841486895359347, 0.02160235693884814, 0.01842748792070716
flux1:, 1.5851310464065387, 0.021741487233514902, 0.020781352748675642
flux1:, 1.5861134032771425, 0.019636351302242352, 0.018887698622447543
flux1:, 1.5870957601477467, 0.018496549688508977, 0.014777825000814695
flux1:, 1.5880781170183504, 0.019076860734102443, 0.016018136520709183
flux1:, 1.5890604738889544, 0.017852113727608396, 0.016584841914169406
flux1:, 1.5900428307595584, 0.016094949028300654, 0.012681341456712012
flux1:, 1.5910251876301624, 0.016454480833671434, 0.01198785419422557
flux1:, 1.5920075445007664, 0.016204428578299634, 0.013861611388825674
flux1:, 1.5929899013713702, 0.01435520536844746, 0.01148261961739551
flux1:, 1.5939722582419742, 0.0140630819003901, 0.009152870670392478
flux1:, 1.5949546151125782, 0.014478253779214068, 0.010881740857252234
flux1:, 1.5959369719831822, 0.01307562455826746, 0.01047194520474194
flux1:, 1.5969193288537862, 0.012089313896691652, 0.00755333544412077
flux1:, 1.59790168572439, 0.012648096279050378, 0.00809530341791448
flux1:, 1.598884042594994, 0.011990675624348215, 0.0091868695046763
flux1:, 1.599866399465598, 0.010608503675581579, 0.006844244960264095
flux1:, 1.600848756336202, 0.010836136286271758, 0.005943864885274882
flux1:, 1.601831113206806, 0.010883582147121852, 0.007537657182669696
flux1:, 1.6028134700774097, 0.00955416525874161, 0.006500731465100465
flux1:, 1.6037958269480137, 0.009216773862365878, 0.004638616411539353
flux1:, 1.6047781838186177, 0.00965847025280969, 0.0057435440997104905
flux1:, 1.6057605406892217, 0.008759574133906553, 0.006060140944162406
flux1:, 1.6067428975598257, 0.00792086816345606, 0.004089897672220621
flux1:, 1.6077252544304295, 0.008349132001498241, 0.004151755371806688
flux1:, 1.6087076113010335, 0.008036214576719033, 0.0052892821290804505
flux1:, 1.6096899681716375, 0.006979016949355099, 0.003983583507016119
flux1:, 1.6106723250422414, 0.007073854687008068, 0.0030415156327472316
flux1:, 1.6116546819128454, 0.0072483330337361936, 0.004223159215963621
flux1:, 1.6126370387834492, 0.006318316977097702, 0.0039414650306367266
flux1:, 1.6136193956540532, 0.005965066207572641, 0.0024978436146263403
flux1:, 1.6146017525246572, 0.006353873639564722, 0.0030849532309391147
flux1:, 1.6155841093952612, 0.005803219327110863, 0.0036824834453829712
flux1:, 1.6165664662658652, 0.005106385980156197, 0.0023942829015381963
flux1:, 1.617548823136469, 0.0054013733749441436, 0.0021424908039972116
flux1:, 1.618531180007073, 0.00529607983178443, 0.0031172506729558683
flux1:, 1.619513536877677, 0.004500618045999067, 0.002472534031769067
flux1:, 1.620495893748281, 0.004491407513042221, 0.0015719774426347704
flux1:, 1.621478250618885, 0.0047099870332566055, 0.0023467723240252923
flux1:, 1.6224606074894887, 0.004076238119107578, 0.0024695008845134273
flux1:, 1.6234429643600927, 0.003723338892580517, 0.0013854793240822697
flux1:, 1.6244253212306967, 0.0040340621035506756, 0.0015799523139336106
flux1:, 1.6254076781013007, 0.0037240603904673307, 0.0022297800537810775
flux1:, 1.6263900349719047, 0.003150502084175838, 0.0014441691414781126
flux1:, 1.6273723918425085, 0.003324852693788293, 0.001016613102190665
flux1:, 1.6283547487131127, 0.003345458504090526, 0.0017555988527334205
flux1:, 1.6293371055837165, 0.002760630365558745, 0.001539893828041286
flux1:, 1.6303194624543205, 0.0026711725787325787, 0.0007523020828735955
flux1:, 1.6313018193249245, 0.0028912427529307443, 0.00117893573651377
flux1:, 1.6322841761955285, 0.0024868109355392753, 0.001499164567119114
flux1:, 1.6332665330661325, 0.0021493286414876345, 0.0007456391472785959
flux1:, 1.6342488899367362, 0.0023757006997271292, 0.0006775224136879763
flux1:, 1.6352312468073402, 0.0022417128659844854, 0.0012578299261228124
flux1:, 1.6362136036779442, 0.0017885240584289027, 0.0008559689768378533
flux1:, 1.6371959605485482, 0.001861320983006904, 0.0003809475382823107
flux1:, 1.6381783174191522, 0.0019583377203150803, 0.0008736144385378298
flux1:, 1.639160674289756, 0.001561259547929252, 0.0009244665562664865
flux1:, 1.64014303116036, 0.001422747043443236, 0.0003136208877358811
flux1:, 1.641125388030964, 0.0016178307946099213, 0.0004776034454699374
flux1:, 1.642107744901568, 0.001401794961344719, 0.0008529153542226007
flux1:, 1.643090101772172, 0.0011083329305809713, 0.0003981957960426411
flux1:, 1.6440724586427757, 0.001251310161382254, 0.000196672495506269
flux1:, 1.6450548155133797, 0.001241686824781997, 0.0006405432358816312
flux1:, 1.6460371723839837, 0.000918724262380857, 0.0005093886685944375
flux1:, 1.6470195292545877, 0.0009164144563173803, 9.031354602090517e-05
flux1:, 1.6480018861251917, 0.0010426117012254353, 0.0003659721902108331
flux1:, 1.6489842429957955, 0.000812179749445777, 0.0005430187803447839
flux1:, 1.6499665998663995, 0.0006631133816910309, 0.00013216515191651925
flux1:, 1.6509489567370035, 0.0008092036703685336, 0.0001322209766127523
flux1:, 1.6519313136076075, 0.0007308874217586581, 0.00046201003059409177
flux1:, 1.6529136704782115, 0.0005083937335424917, 0.00023829894241404506
flux1:, 1.6538960273488152, 0.0005774730364843339, 9.772615781401163e-06
flux1:, 1.6548783842194192, 0.0006312065133505537, 0.000299636559544547
flux1:, 1.6558607410900232, 0.00043229120268323604, 0.00031889791512615086
flux1:, 1.6568430979606272, 0.0003889158756875881, 7.65968424315981e-06
flux1:, 1.6578254548312312, 0.0005008627053436122, 0.00012688916619157074
flux1:, 1.658807811701835, 0.000393759015731808, 0.00032187480197377666
flux1:, 1.659790168572439, 0.0002669790428026487, 8.157597461817946e-05
flux1:, 1.660772525443043, 0.0003564429779353776, 8.58085962752769e-06
flux1:, 1.661754882313647, 0.000353945210484824, 0.0002480038971092405
flux1:, 1.662737239184251, 0.00020798892735090038, 0.00016639901786123473
flux1:, 1.6637195960548548, 0.00022689237314091782, -2.6932868480723104e-05
flux1:, 1.6647019529254587, 0.0002930079814179759, 0.0001368880439762298
flux1:, 1.6656843097960627, 0.00018795730386792108, 0.00021088256408754346
flux1:, 1.6666666666666667, 0.00013500079929900372, 7.153504961159247e-06
