flux1:, 1.1764705882352942, 0.0001306353934983891, 0.000318729328917951
flux1:, 1.1774529451058982, -3.94169093242565e-05, 0.00047222999644804014
flux1:, 1.1784353019765021, 0.0003581147295063922, 4.69585774444153e-05
flux1:, 1.179417658847106, 0.00032838123929356753, 0.00017572998705803287
flux1:, 1.18040001571771, -7.739562304412584e-05, 0.0006065660263466235
flux1:, 1.181382372588314, 0.00026339224357559957, 0.00024542073123008196
flux1:, 1.182364729458918, 0.0005678174224424884, 3.49378729600672e-05
flux1:, 1.183347086329522, 3.4263303575814864e-05, 0.0006031723189994718
flux1:, 1.1843294432001257, 7.717005358809599e-05, 0.0005413834036082151
flux1:, 1.1853118000707297, 0.0007376485252672193, 1.0099561155796587e-05
flux1:, 1.1862941569413337, 0.0003599262719214753, 0.00043937091908167976
flux1:, 1.1872765138119377, -8.620542680359041e-05, 0.0008045688197364396
flux1:, 1.1882588706825417, 0.0007044228687321514, 0.00017817802153951613
flux1:, 1.1892412275531457, 0.0008386113039506315, 0.00020220537429107408
flux1:, 1.1902235844237494, -3.1705646761493715e-05, 0.0008878997924380225
flux1:, 1.1912059412943534, 0.0004386958118688635, 0.000495283078343244
flux1:, 1.1921882981649574, 0.0012542296945628995, 4.7437563582888e-05
flux1:, 1.1931706550355614, 0.0003759301043168791, 0.0007494935525707985
flux1:, 1.1941530119061654, 0.0001087674403505152, 0.0008127063727607986
flux1:, 1.1951353687767692, 0.001367371927907404, 7.700452872481198e-05
flux1:, 1.1961177256473732, 0.0010698039477759363, 0.000489202503606475
flux1:, 1.1971000825179772, 6.615058192979646e-06, 0.0010040427906138699
flux1:, 1.1980824393885812, 0.0011056496975724718, 0.00027576710503604047
flux1:, 1.1990647962591852, 0.0017954266182366708, 0.0002511482170211851
flux1:, 1.200047153129789, 0.00036925174995322633, 0.0010587415554597092
flux1:, 1.201029510000393, 0.0006338987446088566, 0.0005829028870437398
flux1:, 1.202011866870997, 0.0022457362356082854, 0.00012389061048395439
flux1:, 1.202994223741601, 0.0012495187449414976, 0.0010511975504567074
flux1:, 1.203976580612205, 0.00030058796734969514, 0.0010108392441591308
flux1:, 1.2049589374828087, 0.0021874405251824385, 0.0001637782024632242
flux1:, 1.2059412943534127, 0.0024357415735918567, 0.001039894873462402
flux1:, 1.2069236512240167, 0.0005305679362016123, 0.001682314824843962
flux1:, 1.2079060080946207, 0.0015805341846025904, 0.0005537714144764174
flux1:, 1.2088883649652247, 0.003328262644115218, 0.001009220875017459
flux1:, 1.2098707218358287, 0.0015289837292576682, 0.0026103130453943757
flux1:, 1.2108530787064324, 0.0007847044493380649, 0.001678744566831557
flux1:, 1.2118354355770364, 0.0030765031736930204, 0.0010311428637985928
flux1:, 1.2128177924476404, 0.0026553973457280303, 0.003218520683175167
flux1:, 1.2138001493182444, 0.0004827229843272482, 0.003442282947092006
flux1:, 1.2147825061888484, 0.0017476256120442534, 0.0015080109621035673
flux1:, 1.2157648630594522, 0.0028409178142013887, 0.0028702322497385
flux1:, 1.2167472199300562, 0.0007604514170316076, 0.004705047627700109
flux1:, 1.2177295768006602, 0.0005690022859240224, 0.00264355841905489
flux1:, 1.2187119336712642, 0.0022450501576551938, 0.002136250738627753
flux1:, 1.2196942905418682, 0.0011224306745528658, 0.004815997255626972
flux1:, 1.220676647412472, 5.660595922809886e-05, 0.00405441126406594
flux1:, 1.221659004283076, 0.0016038716916038792, 0.0019160286940849381
flux1:, 1.22264136115368, 0.0014027530307282846, 0.004151813757534758
flux1:, 1.223623718024284, -3.3797361935309246e-05, 0.005288917060249732
flux1:, 1.224606074894888, 0.0011752872997222712, 0.0025551703894467004
flux1:, 1.2255884317654917, 0.0017246212332858108, 0.0033195280722321564
flux1:, 1.2265707886360957, 0.0001087085607918478, 0.006085433884806456
flux1:, 1.2275531455066997, 0.0008932471818562841, 0.004025356126786616
flux1:, 1.2285355023773037, 0.0022159649948643154, 0.002872595941477486
flux1:, 1.2295178592479077, 0.0005477275256082118, 0.0063730772053579845
flux1:, 1.2305002161185117, 0.0006689572382144283, 0.006145949017764889
flux1:, 1.2314825729891155, 0.0029191090207130246, 0.003348177287583153
flux1:, 1.2324649298597194, 0.001572721525171282, 0.0063048999470894825
flux1:, 1.2334472867303234, 0.0005886557285244557, 0.008680412538003023
flux1:, 1.2344296436009274, 0.003803314895777398, 0.005333916267953594
flux1:, 1.2354120004715314, 0.0037066408745762393, 0.0063783342813811626
flux1:, 1.2363943573421352, 0.001191249561093427, 0.011408850322516534
flux1:, 1.2373767142127392, 0.004874567094391261, 0.009532241810002461
flux1:, 1.2383590710833432, 0.007772522146670025, 0.007707211235553077
flux1:, 1.2393414279539472, 0.004108867571846921, 0.014185358329123732
flux1:, 1.2403237848245512, 0.006589903613204482, 0.01657198908294006
flux1:, 1.241306141695155, 0.014641572471024124, 0.012368236316936912
flux1:, 1.242288498565759, 0.01293107551733446, 0.016686455160745697
flux1:, 1.243270855436363, 0.010893978140585805, 0.024506293791089366
flux1:, 1.244253212306967, 0.021964925748261553, 0.02094208848327187
flux1:, 1.245235569177571, 0.0273659751717894, 0.016929050242044115
flux1:, 1.2462179260481747, 0.01887421721488645, 0.02255427056525434
flux1:, 1.2472002829187787, 0.019928031276749435, 0.022481226444101145
flux1:, 1.2481826397893827, 0.028951523784097637, 0.013106891336860767
flux1:, 1.2491649966599867, 0.022523512112637232, 0.010887826698086358
flux1:, 1.2501473535305907, 0.012920255679164633, 0.013786884966179596
flux1:, 1.2511297104011945, 0.018612210794709004, 0.009211206562869504
flux1:, 1.2521120672717985, 0.020351215775186737, 0.004467145531315098
flux1:, 1.2530944241424025, 0.010275913781801992, 0.006750689050451356
flux1:, 1.2540767810130065, 0.010307005099059357, 0.006681320772001938
flux1:, 1.2550591378836105, 0.016519454691983494, 0.0028524112704989345
flux1:, 1.2560414947542144, 0.010577520315458198, 0.0033758991888262367
flux1:, 1.2570238516248182, 0.00609605238814646, 0.00498332509654957
flux1:, 1.2580062084954222, 0.012540247390424442, 0.0028482859120716225
flux1:, 1.2589885653660262, 0.011595412064689937, 0.0022362787728886623
flux1:, 1.2599709222366302, 0.004927122762958767, 0.003916146080028744
flux1:, 1.2609532791072342, 0.008955189636392854, 0.0031660004527927325
flux1:, 1.261935635977838, 0.012196617888429547, 0.002232864056767056
flux1:, 1.262917992848442, 0.005772755423068423, 0.0034572582916609193
flux1:, 1.263900349719046, 0.006210970645357774, 0.00349646751790284
flux1:, 1.26488270658965, 0.01192880389477531, 0.0027197836789316894
flux1:, 1.265865063460254, 0.007753116409123088, 0.003553248643018759
flux1:, 1.266847420330858, 0.004708289147168747, 0.0038986241120275893
flux1:, 1.2678297772014617, 0.010793667493291473, 0.0033651964107483125
flux1:, 1.2688121340720657, 0.010063431068797953, 0.004069582570885209
flux1:, 1.2697944909426697, 0.004691009643441572, 0.004524784786293559
flux1:, 1.2707768478132737, 0.009139787788562496, 0.004075087696433017
flux1:, 1.2717592046838777, 0.012011246332365605, 0.0048269661959102275
flux1:, 1.2727415615544815, 0.00614210178133675, 0.005481002216507444
flux1:, 1.2737239184250855, 0.007546984263557888, 0.004929104629271092
flux1:, 1.2747062752956895, 0.013120690806145379, 0.00567532603055591
flux1:, 1.2756886321662935, 0.00874678069872263, 0.006764143200347539
flux1:, 1.2766709890368975, 0.006670986260893085, 0.006097903597365397
flux1:, 1.2776533459075012, 0.01323780435641458, 0.006567643430697868
flux1:, 1.2786357027781052, 0.011943315403507267, 0.008264934808652733
flux1:, 1.2796180596487092, 0.007062344727744332, 0.007745475510808762
flux1:, 1.2806004165193132, 0.012581611912879577, 0.007600763121584752
flux1:, 1.2815827733899172, 0.015058568397465116, 0.009827691976221941
flux1:, 1.282565130260521, 0.009001651389364795, 0.00994080800901769
flux1:, 1.283547487131125, 0.011705647599581374, 0.00900165940504219
flux1:, 1.284529844001729, 0.01749779894506888, 0.0113443396885565
flux1:, 1.285512200872333, 0.012400211849268036, 0.012609840713419605
flux1:, 1.286494557742937, 0.011363141962572784, 0.011056491532656934
flux1:, 1.2874769146135407, 0.01893689441193843, 0.012847176735636604
flux1:, 1.2884592714841447, 0.016804605900401497, 0.01555107429760753
flux1:, 1.2894416283547487, 0.012301539372285135, 0.014002209996689075
flux1:, 1.2904239852253527, 0.019456863310137663, 0.014560585427752506
flux1:, 1.2914063420959567, 0.021517204250815897, 0.01851866174270985
flux1:, 1.2923886989665605, 0.015039938313996408, 0.01791936434553482
flux1:, 1.2933710558371645, 0.01957022474208946, 0.016881425390387162
flux1:, 1.2943534127077685, 0.025809681657510183, 0.021351053889319276
flux1:, 1.2953357695783725, 0.019697289003658146, 0.02267202981675544
flux1:, 1.2963181264489765, 0.020116766052336296, 0.020280817662050664
flux1:, 1.2973004833195805, 0.029173242995039712, 0.02410052459931958
flux1:, 1.2982828401901843, 0.02593276978703426, 0.02793152852520749
flux1:, 1.2992651970607882, 0.022045596643970527, 0.025150963907268883
flux1:, 1.3002475539313922, 0.031529379114368594, 0.027108910786485915
flux1:, 1.3012299108019962, 0.033031932207005836, 0.033294229313325756
flux1:, 1.3022122676726002, 0.02614034667801391, 0.031648468263378644
flux1:, 1.303194624543204, 0.03332727568752336, 0.0309845490932792
flux1:, 1.304176981413808, 0.040128712398494346, 0.03846744567686702
flux1:, 1.305159338284412, 0.03277171939321181, 0.0395994528725545
flux1:, 1.306141695155016, 0.03548220520329134, 0.0364659778517422
flux1:, 1.30712405202562, 0.04650642161017044, 0.04346319395679084
flux1:, 1.308106408896224, 0.041763347577905965, 0.04852125039010683
flux1:, 1.3090887657668278, 0.039156216138290255, 0.044200690988839914
flux1:, 1.3100711226374318, 0.051886135160129444, 0.04872186898601155
flux1:, 1.3110534795080357, 0.052430618963783565, 0.05778094493989023
flux1:, 1.3120358363786397, 0.04543799570609455, 0.05450967764467887
flux1:, 1.3130181932492437, 0.056603338708307464, 0.055098593700163886
flux1:, 1.3140005501198475, 0.06379960476057496, 0.06685931478364007
flux1:, 1.3149829069904515, 0.055021432181113245, 0.06723058203933549
flux1:, 1.3159652638610555, 0.06159987262797835, 0.0636854368374526
flux1:, 1.3169476207316595, 0.07495052084932925, 0.07563826540684153
flux1:, 1.3179299776022635, 0.06799697803183417, 0.08172187331833326
flux1:, 1.3189123344728673, 0.06821583501243617, 0.0755037939267213
flux1:, 1.3198946913434713, 0.08537744582300522, 0.08460154276421718
flux1:, 1.3208770482140753, 0.08384454692845464, 0.09706425973853963
flux1:, 1.3218594050846793, 0.07783956533660644, 0.09116302577566858
flux1:, 1.3228417619552832, 0.09523535451092033, 0.09484867202212993
flux1:, 1.323824118825887, 0.1016540833109883, 0.11242308675731645
flux1:, 1.324806475696491, 0.09154000118871357, 0.11061807717030944
flux1:, 1.325788832567095, 0.10537090540119803, 0.10787606211616904
flux1:, 1.326771189437699, 0.12051507713431249, 0.1274624710371613
flux1:, 1.327753546308303, 0.10983955441120816, 0.13315271543966076
flux1:, 1.3287359031789068, 0.11710691655651506, 0.12516530934725387
flux1:, 1.3297182600495108, 0.1399366305594912, 0.1426550942069673
flux1:, 1.3307006169201148, 0.13277130923925332, 0.15766009460831962
flux1:, 1.3316829737907188, 0.1318592325025723, 0.14771263320545397
flux1:, 1.3326653306613228, 0.16011406197541236, 0.15933517045945908
flux1:, 1.3336476875319265, 0.16030316861894695, 0.18320644149043092
flux1:, 1.3346300444025305, 0.15079016026838862, 0.17570991669983851
flux1:, 1.3356124012731345, 0.1818684482613757, 0.17940145560397697
flux1:, 1.3365947581437385, 0.19313089477666887, 0.20978461990524988
flux1:, 1.3375771150143425, 0.174844357226963, 0.20864620998193498
flux1:, 1.3385594718849465, 0.20615900338196805, 0.2046784622145505
flux1:, 1.3395418287555503, 0.23380726490572684, 0.2391546869206254
flux1:, 1.3405241856261543, 0.20575707639600405, 0.24622102465723092
flux1:, 1.3415065424967583, 0.23319975703571527, 0.2360625358690589
flux1:, 1.3424888993673623, 0.28834236437462774, 0.27584751851164085
flux1:, 1.3434712562379663, 0.2494130993747464, 0.29103480811111393
flux1:, 1.34445361310857, 0.26144461504294025, 0.2727440857100107
flux1:, 1.345435969979174, 0.36931798508688995, 0.3291758356011742
flux1:, 1.346418326849778, 0.3264861114458465, 0.356960309160366
flux1:, 1.347400683720382, 0.28755424658864787, 0.3125213567976305
flux1:, 1.348383040590986, 0.5060102531409141, 0.42068503338136193
flux1:, 1.34936539746159, 0.5162444833525726, 0.505267915151228
flux1:, 1.3503477543321938, 0.315382445470719, 0.3609063460380791
flux1:, 1.3513301112027978, 0.7982266947548173, 0.6273336640460345
flux1:, 1.3523124680734018, 1.258816017211232, 1.1102912646707523
flux1:, 1.3532948249440058, 0.4948512732354217, 0.5687814958673413
flux1:, 1.3542771818146098, 2.055829433948258, 1.6359467120748183
flux1:, 1.3552595386852135, 10.837128207244817, 9.89742494051688
flux1:, 1.3562418955558175, 22.01615241221763, 22.217447055713052
flux1:, 1.3572242524264215, 23.66726171020433, 25.522416645518973
flux1:, 1.3582066092970255, 13.782534949684681, 15.340570699945257
flux1:, 1.3591889661676295, 3.5640787671840277, 3.8353709855204663
flux1:, 1.3601713230382333, 0.878818967413671, 1.1635726764807952
flux1:, 1.3611536799088373, 1.9473351857634558, 2.7100390261692056
flux1:, 1.3621360367794413, 1.6379532700794792, 1.9809545641269204
flux1:, 1.3631183936500453, 0.7739586438647303, 0.9059348229795259
flux1:, 1.3641007505206493, 0.9948407099298218, 1.575367451647471
flux1:, 1.365083107391253, 1.2340638365031324, 1.696679966482545
flux1:, 1.366065464261857, 0.8883936537757106, 0.9945236723191566
flux1:, 1.367047821132461, 0.8101769358038658, 1.2779353679692642
flux1:, 1.368030178003065, 1.0540616358435528, 1.6629530389367602
flux1:, 1.369012534873669, 1.0060586483688916, 1.172729138585677
flux1:, 1.3699948917442728, 0.841830088675696, 1.204217704811956
flux1:, 1.3709772486148768, 0.9565744231247052, 1.7292964935324107
flux1:, 1.3719596054854808, 1.084854371437004, 1.4256007128408987
flux1:, 1.3729419623560848, 0.9726961248234979, 1.2352606585866033
flux1:, 1.3739243192266888, 0.9249554126367121, 1.8754696368213633
flux1:, 1.3749066760972926, 1.1027245574598818, 1.8093489065115687
flux1:, 1.3758890329678966, 1.1410065750562417, 1.3502938983289776
flux1:, 1.3768713898385005, 0.9839952183158676, 2.156178326149282
flux1:, 1.3778537467091045, 1.0729108616108682, 2.6054127986660442
flux1:, 1.3788361035797085, 1.2623387573200342, 1.6391071250163267
flux1:, 1.3798184604503125, 1.343691003401638, 3.0826851140109315
flux1:, 1.3808008173209163, 2.74646540559265, 8.015795584770146
flux1:, 1.3817831741915203, 6.38225526078947, 10.326421484658544
flux1:, 1.3827655310621243, 9.089951383157805, 6.837130761339848
flux1:, 1.3837478879327283, 7.271385528581937, 2.590415821338999
flux1:, 1.3847302448033323, 3.249572637411703, 1.5614538148804482
flux1:, 1.3857126016739363, 1.891270594477089, 1.8065910788284472
flux1:, 1.38669495854454, 2.8627900689575845, 1.6037079252796114
flux1:, 1.387677315415144, 2.8454759364021784, 1.7417073123450142
flux1:, 1.388659672285748, 2.096250343588744, 2.0909158313205705
flux1:, 1.389642029156352, 2.4132417703157163, 1.992163294980825
flux1:, 1.390624386026956, 2.8607872039929796, 2.018343502744054
flux1:, 1.3916067428975598, 2.473410735445606, 2.354646685469019
flux1:, 1.3925890997681638, 2.425174139323711, 2.3866454570654665
flux1:, 1.3935714566387678, 2.930344633498462, 2.3417039754660216
flux1:, 1.3945538135093718, 2.8785385924758216, 2.6196842563740512
flux1:, 1.3955361703799758, 2.6509028438311657, 2.7688616545078313
flux1:, 1.3965185272505796, 3.030767266238344, 2.710988838161875
flux1:, 1.3975008841211836, 3.256309925641581, 2.905087850512988
flux1:, 1.3984832409917876, 3.0183439347709933, 3.138271862805692
flux1:, 1.3994655978623916, 3.1875551729355003, 3.118355581061071
flux1:, 1.4004479547329955, 3.577252909584022, 3.2231600997116536
flux1:, 1.4014303116035993, 3.4680629340443483, 3.492746175102335
flux1:, 1.4024126684742033, 3.43133387942537, 3.5463939149501416
flux1:, 1.4033950253448073, 3.8379310171939007, 3.5785618005479325
flux1:, 1.4043773822154113, 3.9327870769638857, 3.8309694992708674
flux1:, 1.4053597390860153, 3.774308847272035, 3.96969774255274
flux1:, 1.406342095956619, 4.060549330521707, 3.964755329324238
flux1:, 1.407324452827223, 4.346210541877287, 4.15340695017948
flux1:, 1.408306809697827, 4.19495467179797, 4.359376011257692
flux1:, 1.409289166568431, 4.282702403429015, 4.361264071801582
flux1:, 1.410271523439035, 4.661478246268952, 4.4604712051558115
flux1:, 1.4112538803096388, 4.635909270198431, 4.6897027366941515
flux1:, 1.4122362371802428, 4.5373760065457605, 4.734889820358536
flux1:, 1.4132185940508468, 4.86713112884838, 4.748671185224765
flux1:, 1.4142009509214508, 5.019506952384861, 4.94473791581311
flux1:, 1.4151833077920548, 4.830954675236186, 5.04670994062929
flux1:, 1.4161656646626586, 4.989464307072805, 5.0070348007273795
flux1:, 1.4171480215332626, 5.277545776001984, 5.1219291451922055
flux1:, 1.4181303784038666, 5.1319687619403975, 5.263783084590563
flux1:, 1.4191127352744706, 5.07640221768168, 5.216858396165853
flux1:, 1.4200950921450746, 5.381783286786705, 5.230569965940615
flux1:, 1.4210774490156786, 5.380601286518188, 5.371047431970689
flux1:, 1.4220598058862823, 5.169424425643559, 5.356670489954326
flux1:, 1.4230421627568863, 5.35752223295013, 5.2856828274207315
flux1:, 1.4240245196274903, 5.517362248465092, 5.37742401755606
flux1:, 1.4250068764980943, 5.279672220366673, 5.411227084051279
flux1:, 1.4259892333686983, 5.270565371616224, 5.3008182683810325
flux1:, 1.4269715902393023, 5.515874969736642, 5.312541498866612
flux1:, 1.427953947109906, 5.383491797549016, 5.380338467794172
flux1:, 1.42893630398051, 5.1941528279961435, 5.284067727097608
flux1:, 1.429918660851114, 5.400371273066734, 5.215639882683678
flux1:, 1.430901017721718, 5.440430391114811, 5.282771548655677
flux1:, 1.431883374592322, 5.175088239244339, 5.23940290754302
flux1:, 1.4328657314629258, 5.237518661320633, 5.122416878526188
flux1:, 1.4338480883335298, 5.422238953524864, 5.152954532928109
flux1:, 1.4348304452041338, 5.21766972946791, 5.171959699675205
flux1:, 1.4358128020747378, 5.107644259345907, 5.056005150362252
flux1:, 1.4367951589453418, 5.33534702360872, 5.031872969429981
flux1:, 1.4377775158159456, 5.292016184058757, 5.093587176772861
flux1:, 1.4387598726865496, 5.071241206857527, 5.025244679778732
flux1:, 1.4397422295571536, 5.224379185057856, 4.9560502923182135
flux1:, 1.4407245864277576, 5.359430383743543, 5.025090489058223
flux1:, 1.4417069432983616, 5.1472854348662604, 5.029441780888528
flux1:, 1.4426893001689653, 5.155422932901717, 4.948846154500847
flux1:, 1.4436716570395693, 5.399724334371471, 4.9935244315707665
flux1:, 1.4446540139101733, 5.3123223995081785, 5.0660841867909
flux1:, 1.4456363707807773, 5.187921402219161, 5.016917010864512
flux1:, 1.4466187276513813, 5.426205156900671, 5.025338797239451
flux1:, 1.447601084521985, 5.518825484230877, 5.137278572532754
flux1:, 1.448583441392589, 5.348947150486786, 5.152504991711644
flux1:, 1.449565798263193, 5.481125413262148, 5.138088813180172
flux1:, 1.450548155133797, 5.72269560899243, 5.251733299708605
flux1:, 1.451530512004401, 5.62211275898347, 5.3400376040100115
flux1:, 1.4525128688750049, 5.614153501738631, 5.334210734818435
flux1:, 1.4534952257456089, 5.905965558129019, 5.4213224481463165
flux1:, 1.4544775826162128, 5.956478074754371, 5.563930736855666
flux1:, 1.4554599394868168, 5.854929109395263, 5.599740980566385
flux1:, 1.4564422963574208, 6.083253517815632, 5.653900876567528
flux1:, 1.4574246532280246, 6.2911302829372495, 5.8140558617863585
flux1:, 1.4584070100986286, 6.1943091841513045, 5.908876659298635
flux1:, 1.4593893669692326, 6.28878134555388, 5.946104935221298
flux1:, 1.4603717238398366, 6.582863765365657, 6.086458171294594
flux1:, 1.4613540807104406, 6.5850143920123845, 6.232573161397115
flux1:, 1.4623364375810444, 6.55144600739612, 6.280250416941978
flux1:, 1.4633187944516486, 6.822300516100239, 6.379377903172782
flux1:, 1.4643011513222524, 6.961983031018339, 6.547254603781675
flux1:, 1.4652835081928564, 6.872629384034512, 6.627541652281697
flux1:, 1.4662658650634603, 7.030144717888665, 6.687275185398566
flux1:, 1.4672482219340643, 7.271283717318839, 6.8395648426916775
flux1:, 1.4682305788046683, 7.220029021549205, 6.956374176591436
flux1:, 1.4692129356752721, 7.237006212053942, 6.996737043670619
flux1:, 1.470195292545876, 7.4913732874356915, 7.10528389231749
flux1:, 1.47117764941648, 7.54089602914167, 7.241573162810685
flux1:, 1.472160006287084, 7.459834299788963, 7.2869251855935735
flux1:, 1.473142363157688, 7.635597454013635, 7.343810218525574
flux1:, 1.4741247200282919, 7.7861287288022325, 7.469923024927792
flux1:, 1.4751070768988959, 7.688932868349109, 7.53434498919246
flux1:, 1.4760894337694999, 7.736563292600565, 7.551838429114585
flux1:, 1.4770717906401039, 7.930835973803969, 7.639600111055162
flux1:, 1.4780541475107078, 7.8916668559320735, 7.719133689464742
flux1:, 1.4790365043813116, 7.823124600808329, 7.719725042331279
flux1:, 1.4800188612519156, 7.980526233610297, 7.754496588917096
flux1:, 1.4810012181225196, 8.028461890624163, 7.829392481846891
flux1:, 1.4819835749931236, 7.903040122473839, 7.831986879242353
flux1:, 1.4829659318637276, 7.961408548524209, 7.816818920270074
flux1:, 1.4839482887343314, 8.070508705874014, 7.861472997756886
flux1:, 1.4849306456049354, 7.958962054746717, 7.8709958204582176
flux1:, 1.4859130024755394, 7.901796751048053, 7.821689666970281
flux1:, 1.4868953593461434, 8.009457667781138, 7.816468707231532
flux1:, 1.4878777162167474, 7.957101850719981, 7.8216153461402556
flux1:, 1.4888600730873511, 7.814810335219867, 7.756148398148849
flux1:, 1.4898424299579551, 7.855272398297729, 7.695142953125179
flux1:, 1.4908247868285591, 7.861933589231015, 7.674631140338527
flux1:, 1.4918071436991631, 7.690201211996224, 7.602885219638001
flux1:, 1.4927895005697671, 7.625161039402664, 7.49429867021584
flux1:, 1.4937718574403709, 7.6492275012034066, 7.427867551672242
flux1:, 1.4947542143109749, 7.497978951488021, 7.347011335915742
flux1:, 1.4957365711815789, 7.330695400527453, 7.206861307441571
flux1:, 1.4967189280521829, 7.31279721181415, 7.085118885567456
flux1:, 1.4977012849227869, 7.201793371102607, 6.982688212444911
flux1:, 1.4986836417933906, 6.970483857024356, 6.825901225826395
flux1:, 1.4996659986639946, 6.864358432652313, 6.654055818744377
flux1:, 1.5006483555345986, 6.776891331439758, 6.516420368979968
flux1:, 1.5016307124052026, 6.532634624704028, 6.350535640042783
flux1:, 1.5026130692758066, 6.328004515893219, 6.14489307588009
flux1:, 1.5035954261464104, 6.224911134253757, 5.9660199379645436
flux1:, 1.5045777830170146, 6.00607864114731, 5.790741682186868
flux1:, 1.5055601398876184, 5.731884783507661, 5.571130095545322
flux1:, 1.5065424967582224, 5.577207659311916, 5.3570198439785965
flux1:, 1.5075248536288264, 5.394300641421914, 5.168886042386671
flux1:, 1.5085072104994304, 5.10138714147811, 4.951649633587628
flux1:, 1.5094895673700344, 4.884057012069852, 4.718690574785729
flux1:, 1.5104719242406381, 4.722511777291731, 4.517044606427599
flux1:, 1.5114542811112421, 4.45757089507624, 4.311582260536298
flux1:, 1.5124366379818461, 4.196649991955901, 4.080328499879583
flux1:, 1.5134189948524501, 4.033149080705307, 3.8707001844454987
flux1:, 1.5144013517230541, 3.8199612149239135, 3.6799582538006654
flux1:, 1.515383708593658, 3.55277512236828, 3.467912649495075
flux1:, 1.516366065464262, 3.3726182441723975, 3.2612698350726315
flux1:, 1.5173484223348659, 3.2091430139385486, 3.084729916368497
flux1:, 1.5183307792054699, 2.97224037372101, 2.9016564787636465
flux1:, 1.5193131360760739, 2.7774709306657948, 2.7106592087505126
flux1:, 1.5202954929466777, 2.645943962742235, 2.547631989597253
flux1:, 1.5212778498172816, 2.46058329472211, 2.3949444768800263
flux1:, 1.5222602066878856, 2.26688848776334, 2.22965550289934
flux1:, 1.5232425635584896, 2.1478136872989895, 2.08116021898656
flux1:, 1.5242249204290936, 2.0158327245723333, 1.9545556496733563
flux1:, 1.5252072772996974, 1.8430746936875395, 1.819702568799968
flux1:, 1.5261896341703014, 1.7251144152388747, 1.6884192891425256
flux1:, 1.5271719910409054, 1.6339188104521225, 1.581663461181931
flux1:, 1.5281543479115094, 1.4968022948330315, 1.4762622080354506
flux1:, 1.5291367047821134, 1.3794789657010484, 1.3651576372032876
flux1:, 1.5301190616527172, 1.3111059236323623, 1.2731182683075268
flux1:, 1.5311014185233212, 1.2141771824934182, 1.192039746576752
flux1:, 1.5320837753939252, 1.1047217885210983, 1.1027313537779422
flux1:, 1.5330661322645291, 1.0440154971728033, 1.022738796468754
flux1:, 1.5340484891351331, 0.9818502737629835, 0.9591716630184096
flux1:, 1.535030846005737, 0.8895264113908994, 0.8909135115166287
flux1:, 1.536013202876341, 0.8286068787062022, 0.8225217782000286
flux1:, 1.536995559746945, 0.7896670515611286, 0.7702703933592482
flux1:, 1.537977916617549, 0.7207179564420856, 0.7199395658400803
flux1:, 1.538960273488153, 0.6592920430015495, 0.6637463743952365
flux1:, 1.5399426303587567, 0.6310305310877429, 0.6186615842687088
flux1:, 1.5409249872293607, 0.5861010029312228, 0.5816194149491611
flux1:, 1.5419073440999647, 0.5287951425049657, 0.5379365617436255
flux1:, 1.5428897009705687, 0.5018513201688651, 0.4982513289242861
flux1:, 1.5438720578411727, 0.4762471317465237, 0.46963397786045713
flux1:, 1.5448544147117764, 0.42881764648624693, 0.43761192580784253
flux1:, 1.5458367715823806, 0.39904488833743446, 0.40336619161534465
flux1:, 1.5468191284529844, 0.38504708540764604, 0.37927715789605204
flux1:, 1.5478014853235884, 0.3511904977910751, 0.356748783419353
flux1:, 1.5487838421941924, 0.3193263320357816, 0.32873921976005743
flux1:, 1.5497661990647964, 0.3092126346438845, 0.3069397308575787
flux1:, 1.5507485559354004, 0.2890325415309601, 0.2909104757613336
flux1:, 1.5517309128060042, 0.2586996973011118, 0.2696620875066638
flux1:, 1.5527132696766082, 0.24716664506692934, 0.24959876535374104
flux1:, 1.5536956265472122, 0.2374850986351275, 0.23706887902506088
flux1:, 1.5546779834178162, 0.21266228592041908, 0.22220540321562401
flux1:, 1.5556603402884202, 0.19784974428703692, 0.20447974585787262
flux1:, 1.556642697159024, 0.19380529571238844, 0.19321615183016322
flux1:, 1.557625054029628, 0.17685147955688857, 0.18338674597291812
flux1:, 1.558607410900232, 0.15987965231474027, 0.16895494912336742
flux1:, 1.559589767770836, 0.1568756880235105, 0.1579089936892732
flux1:, 1.56057212464144, 0.14773611404467168, 0.15118761611282197
flux1:, 1.5615544815120437, 0.13127076164020984, 0.1406325707915157
flux1:, 1.5625368383826477, 0.12640718179387744, 0.12988733542345504
flux1:, 1.5635191952532517, 0.12301726626850931, 0.12439519883116942
flux1:, 1.5645015521238557, 0.10965484755414938, 0.11752962827927643
flux1:, 1.5654839089944597, 0.1021861402718655, 0.10786244344559805
flux1:, 1.5664662658650634, 0.10159884706704374, 0.10231908357305597
flux1:, 1.5674486227356674, 0.09275226668680174, 0.09820972153149668
flux1:, 1.5684309796062714, 0.08362983851356996, 0.09049379376950917
flux1:, 1.5694133364768754, 0.083210646802645, 0.08447913356876813
flux1:, 1.5703956933474794, 0.07879814132798069, 0.08180494280101079
flux1:, 1.5713780502180832, 0.06972657463747162, 0.0765045918447445
flux1:, 1.5723604070886872, 0.06790729268361632, 0.07036397738253235
flux1:, 1.5733427639592912, 0.0667264487020638, 0.0679046237853786
flux1:, 1.5743251208298952, 0.05925207315382072, 0.06484482900538151
flux1:, 1.5753074777004992, 0.055672259311094575, 0.05932280529195046
flux1:, 1.576289834571103, 0.05608411416172006, 0.05635357807963826
flux1:, 1.577272191441707, 0.05106145420182864, 0.05481022790286759
flux1:, 1.578254548312311, 0.046247389447981485, 0.05059671723465525
flux1:, 1.579236905182915, 0.04678846846410292, 0.047036695022230485
flux1:, 1.580219262053519, 0.044286650266944096, 0.046059411685624246
flux1:, 1.5812016189241227, 0.039164744219598806, 0.043444071455233414
flux1:, 1.5821839757947267, 0.038884232521772644, 0.03972656648339103
flux1:, 1.5831663326653307, 0.038380708335537014, 0.03852280060691238
flux1:, 1.5841486895359347, 0.03386745734456959, 0.03728479988019914
flux1:, 1.5851310464065387, 0.03239750137854083, 0.034039758093350164
flux1:, 1.5861134032771425, 0.03305873265408382, 0.03224444334348448
flux1:, 1.5870957601477467, 0.02981287904644857, 0.031790483276488375
flux1:, 1.5880781170183504, 0.027285955969933353, 0.029499839785063757
flux1:, 1.5890604738889544, 0.028219639803959074, 0.02722550053936085
flux1:, 1.5900428307595584, 0.0265247231280943, 0.026878604843203518
flux1:, 1.5910251876301624, 0.02342826324574905, 0.025659804197606467
flux1:, 1.5920075445007664, 0.023889503900091126, 0.023333793895910455
flux1:, 1.5929899013713702, 0.02362381129703958, 0.02261851084052948
flux1:, 1.5939722582419742, 0.020614645326675736, 0.022213820688481878
flux1:, 1.5949546151125782, 0.020169053912398732, 0.020308218275864577
flux1:, 1.5959369719831822, 0.020865255192872592, 0.019100267238259295
flux1:, 1.5969193288537862, 0.018551751414573606, 0.019041662816984856
flux1:, 1.59790168572439, 0.017160521468820845, 0.01783756501880317
flux1:, 1.598884042594994, 0.018165915507720183, 0.01633141793477163
flux1:, 1.599866399465598, 0.0169091934859422, 0.016171777893564075
flux1:, 1.600848756336202, 0.014889289344389735, 0.015659323662242795
flux1:, 1.601831113206806, 0.015586020815221228, 0.01420312595249816
flux1:, 1.6028134700774097, 0.015399035304965267, 0.013693618986913413
flux1:, 1.6037958269480137, 0.013263772180312121, 0.013624764015131623
flux1:, 1.6047781838186177, 0.013259353061171196, 0.012524792950907221
flux1:, 1.6057605406892217, 0.013843666537003477, 0.011669328813434809
flux1:, 1.6067428975598257, 0.012096252586183687, 0.011705774112962785
flux1:, 1.6077252544304295, 0.011308176347881504, 0.011093803321834727
flux1:, 1.6087076113010335, 0.012194830641626202, 0.010083563184268833
flux1:, 1.6096899681716375, 0.011164479253097225, 0.00995294615731899
flux1:, 1.6106723250422414, 0.009786268851201237, 0.009759825180125617
flux1:, 1.6116546819128454, 0.010504296318886339, 0.00884327673039966
flux1:, 1.6126370387834492, 0.010273887222282311, 0.008434047449748256
flux1:, 1.6136193956540532, 0.008666025507725347, 0.008456560457919076
flux1:, 1.6146017525246572, 0.008874347006170126, 0.007815051942243429
flux1:, 1.6155841093952612, 0.009294432455350696, 0.007183136055859153
flux1:, 1.6165664662658652, 0.007856143415617224, 0.007194665676523397
flux1:, 1.617548823136469, 0.007414726158591924, 0.006875294212359582
flux1:, 1.618531180007073, 0.008171708889384633, 0.006179085379067716
flux1:, 1.619513536877677, 0.0072284380588097975, 0.006027149582865797
flux1:, 1.620495893748281, 0.006213833770807305, 0.005948992918313496
flux1:, 1.621478250618885, 0.006924882633778117, 0.005356079653317616
flux1:, 1.6224606074894887, 0.006643534307201869, 0.005007567901906874
flux1:, 1.6234429643600927, 0.005317662744886972, 0.005022388714959033
flux1:, 1.6244253212306967, 0.005638545027150208, 0.004634405212403136
flux1:, 1.6254076781013007, 0.005978472585329003, 0.004160333528895841
flux1:, 1.6263900349719047, 0.004711475361082234, 0.004128930106098447
flux1:, 1.6273723918425085, 0.00444330546617595, 0.003952883063531473
flux1:, 1.6283547487131127, 0.00516023194471214, 0.0034730665653478787
flux1:, 1.6293371055837165, 0.004311458393820894, 0.003320014339704416
flux1:, 1.6303194624543205, 0.003476720720196951, 0.003287042824374939
flux1:, 1.6313018193249245, 0.004196960260925871, 0.002908311427635646
flux1:, 1.6322841761955285, 0.003981404942001737, 0.0026366447269582944
flux1:, 1.6332665330661325, 0.0028288683761460197, 0.0026475962282476615
flux1:, 1.6342488899367362, 0.003186270086641357, 0.0024233426481759628
flux1:, 1.6352312468073402, 0.0035804283703078825, 0.002093697341728657
flux1:, 1.6362136036779442, 0.0024960620665385605, 0.0020649224294458568
flux1:, 1.6371959605485482, 0.002283513068831435, 0.0019863530609195022
flux1:, 1.6381783174191522, 0.0030251683563022294, 0.0016791399854806728
flux1:, 1.639160674289756, 0.0023725636416601923, 0.001570323723860346
flux1:, 1.64014303116036, 0.0016354333688047126, 0.001583381190905399
flux1:, 1.641125388030964, 0.0023327040626067463, 0.0013632230573733968
flux1:, 1.642107744901568, 0.00229300037174172, 0.0011823746553416916
flux1:, 1.643090101772172, 0.0013100732781387054, 0.001216835557499429
flux1:, 1.6440724586427757, 0.0016156821255797222, 0.0011109055959376583
flux1:, 1.6450548155133797, 0.0021077432503247596, 0.0009011260694382815
flux1:, 1.6460371723839837, 0.0012613151197743378, 0.0008991443718718412
flux1:, 1.6470195292545877, 0.0010276149686262055, 0.0008928760646927448
flux1:, 1.6480018861251917, 0.0017519734104837284, 0.0007092033429041035
flux1:, 1.6489842429957955, 0.0013491761769724615, 0.0006444794311040194
flux1:, 1.6499665998663995, 0.0006857374029893, 0.0006927720833449831
flux1:, 1.6509489567370035, 0.0012713747611994915, 0.0005779873692201015
flux1:, 1.6519313136076075, 0.001406364320844296, 0.0004606549267950186
flux1:, 1.6529136704782115, 0.000612302815954797, 0.000509125892808865
flux1:, 1.6538960273488152, 0.0007911628877937263, 0.00047697099503859157
flux1:, 1.6548783842194192, 0.0013162846553167824, 0.0003435759993355905
flux1:, 1.6558607410900232, 0.0007253741002895158, 0.00035140120121018793
flux1:, 1.6568430979606272, 0.0004461583385067733, 0.00038342095696775047
flux1:, 1.6578254548312312, 0.0010616530370946655, 0.0002767705366728412
flux1:, 1.658807811701835, 0.0008828787423141129, 0.0002315718686041185
flux1:, 1.659790168572439, 0.00031064383928517336, 0.00028846008460871656
flux1:, 1.660772525443043, 0.0007196292388040444, 0.00023683030769924151
flux1:, 1.661754882313647, 0.0009540749106005934, 0.0001552653634180997
flux1:, 1.662737239184251, 0.00036558589270075135, 0.0001966326670779083
flux1:, 1.6637195960548548, 0.00040997414894154493, 0.00020229754460701678
flux1:, 1.6647019529254587, 0.0008782355762522272, 0.00011718739731910484
flux1:, 1.6656843097960627, 0.0005174958616409064, 0.00011936794366866275
flux1:, 1.6666666666666667, 0.00022872323576820914, 0.00016117749307881474
