flux1:, 1.1764705882352942, 6.996442832601383e-05, 0.0002887838933324367
flux1:, 1.1774529451058982, 0.0001452738105471069, 0.0006146513867022792
flux1:, 1.1784353019765021, 3.768750459849503e-05, 0.00047239175257779637
flux1:, 1.179417658847106, 3.368702988366423e-05, 0.00022118688940772524
flux1:, 1.18040001571771, 0.00016737646102903985, 0.0005221790421855455
flux1:, 1.181382372588314, 0.00010681738604978673, 0.0006289861979024388
flux1:, 1.182364729458918, 1.3143780669564645e-05, 0.0002715932225575916
flux1:, 1.183347086329522, 0.00014834709949197624, 0.0003754967832803948
flux1:, 1.1843294432001257, 0.00018287515387680126, 0.0006943698959938592
flux1:, 1.1853118000707297, 3.2893001958909304e-05, 0.0004196192286392711
flux1:, 1.1862941569413337, 0.00010072659901228915, 0.0002676385940758456
flux1:, 1.1872765138119377, 0.00023428939374858446, 0.0006461223075155362
flux1:, 1.1882588706825417, 9.751169012288425e-05, 0.0005902114203146705
flux1:, 1.1892412275531457, 5.522197952483177e-05, 0.0002565693300791925
flux1:, 1.1902235844237494, 0.00024228813266781544, 0.0005262033170155336
flux1:, 1.1912059412943534, 0.00019011018023678872, 0.0007116483584750289
flux1:, 1.1921882981649574, 4.3394744518889714e-05, 0.0003429995780613788
flux1:, 1.1931706550355614, 0.00020943300008103303, 0.00040040041631346886
flux1:, 1.1941530119061654, 0.0002829411664520329, 0.0007498456663690686
flux1:, 1.1951353687767692, 8.453467296695694e-05, 0.0004885879078432673
flux1:, 1.1961177256473732, 0.00015684109508607116, 0.00032223288990077426
flux1:, 1.1971000825179772, 0.00034996374253517154, 0.0007103976178715171
flux1:, 1.1980824393885812, 0.00018104946146299905, 0.0006441353786862309
flux1:, 1.1990647962591852, 0.0001164303492390253, 0.0003170527391691809
flux1:, 1.200047153129789, 0.0003761153491315734, 0.0006241062586238145
flux1:, 1.201029510000393, 0.0003201428970578288, 0.0007711222176337944
flux1:, 1.202011866870997, 0.000122856931377307, 0.00038244084968388814
flux1:, 1.202994223741601, 0.000362761864431935, 0.000528446203773906
flux1:, 1.203976580612205, 0.00047890310873087145, 0.000853048213203337
flux1:, 1.2049589374828087, 0.00020711294045313485, 0.0004992371192530248
flux1:, 1.2059412943534127, 0.00033061293167766653, 0.0004508545713532405
flux1:, 1.2069236512240167, 0.0006310788806654798, 0.0008959161429351981
flux1:, 1.2079060080946207, 0.0003921731160175899, 0.0006503108652486831
flux1:, 1.2088883649652247, 0.00032197539129113345, 0.0003989654434675946
flux1:, 1.2098707218358287, 0.0007552148927050418, 0.0009157985225715276
flux1:, 1.2108530787064324, 0.0006898192466814858, 0.0008442058867988868
flux1:, 1.2118354355770364, 0.00040421948409664237, 0.00036776274360584627
flux1:, 1.2128177924476404, 0.0008458652318042089, 0.0009112182540774727
flux1:, 1.2138001493182444, 0.0010956159013777165, 0.0011348949809121744
flux1:, 1.2147825061888484, 0.0006735624047809611, 0.00038489162982561636
flux1:, 1.2157648630594522, 0.0009325073344137613, 0.0008268091820425943
flux1:, 1.2167472199300562, 0.0015739667572907045, 0.001607526227710981
flux1:, 1.2177295768006602, 0.0012418207236349896, 0.000630791321455456
flux1:, 1.2187119336712642, 0.001108323669146792, 0.0005653413477574782
flux1:, 1.2196942905418682, 0.0020171302964374113, 0.002239385773798585
flux1:, 1.220676647412472, 0.0021256973109037036, 0.001607296412170496
flux1:, 1.221659004283076, 0.0015206011227658401, 0.00028145398215258846
flux1:, 1.22264136115368, 0.002199221586730502, 0.002547540817907566
flux1:, 1.223623718024284, 0.0029267623537896446, 0.0037673329060865937
flux1:, 1.224606074894888, 0.0021397872902838067, 0.0010872292827298522
flux1:, 1.2255884317654917, 0.0019859159112455547, 0.0018569774757869531
flux1:, 1.2265707886360957, 0.00297875665432647, 0.005789018973551226
flux1:, 1.2275531455066997, 0.0026145205195724206, 0.004105472644160848
flux1:, 1.2285355023773037, 0.0017995161612045585, 0.0013149667481620868
flux1:, 1.2295178592479077, 0.002693070575390157, 0.0054981611943473434
flux1:, 1.2305002161185117, 0.0031674184599641483, 0.007821215011387977
flux1:, 1.2314825729891155, 0.002313548896316505, 0.0031689801403374566
flux1:, 1.2324649298597194, 0.0030647814101240336, 0.0035196508548049586
flux1:, 1.2334472867303234, 0.004640745465747801, 0.009230488366891238
flux1:, 1.2344296436009274, 0.004178615566508246, 0.007286831892122169
flux1:, 1.2354120004715314, 0.00413539469692832, 0.0024876117790522657
flux1:, 1.2363943573421352, 0.00619731123947373, 0.006008248243357267
flux1:, 1.2373767142127392, 0.00645123177660397, 0.00870303834842616
flux1:, 1.2383590710833432, 0.004801363074620496, 0.0036386626933903846
flux1:, 1.2393414279539472, 0.00545451779952048, 0.0022252137331256533
flux1:, 1.2403237848245512, 0.006599418391028146, 0.006062271620176544
flux1:, 1.241306141695155, 0.004939796340697489, 0.0045750254454261724
flux1:, 1.242288498565759, 0.004022589877033484, 0.001419013993896468
flux1:, 1.243270855436363, 0.005475142839335142, 0.0038349136148216976
flux1:, 1.244253212306967, 0.005066523726310755, 0.00480626314494073
flux1:, 1.245235569177571, 0.0034229427517010673, 0.0019698458542970177
flux1:, 1.2462179260481747, 0.004339784089265406, 0.002843463335433218
flux1:, 1.2472002829187787, 0.005154917907125005, 0.004901507182177763
flux1:, 1.2481826397893827, 0.003623001119074622, 0.0028927131437046882
flux1:, 1.2491649966599867, 0.003599418056860737, 0.002551123602650689
flux1:, 1.2501473535305907, 0.005097040885733822, 0.0050159597585452045
flux1:, 1.2511297104011945, 0.004298728305547717, 0.004016153045831898
flux1:, 1.2521120672717985, 0.003398156903898395, 0.0026936261519140085
flux1:, 1.2530944241424025, 0.004904174523812245, 0.005090280991987792
flux1:, 1.2540767810130065, 0.005148172136771071, 0.005295367418184397
flux1:, 1.2550591378836105, 0.0037877347415629864, 0.003281450265763814
flux1:, 1.2560414947542144, 0.004711376848187388, 0.0050861558708845895
flux1:, 1.2570238516248182, 0.005938194422816214, 0.0066076238491009675
flux1:, 1.2580062084954222, 0.004725436443146015, 0.0044149146688159235
flux1:, 1.2589885653660262, 0.004734257473034468, 0.005097572443061732
flux1:, 1.2599709222366302, 0.006542051844073266, 0.007763933665413916
flux1:, 1.2609532791072342, 0.006068001590467545, 0.006132121089518778
flux1:, 1.261935635977838, 0.005201383732264194, 0.005367080533579386
flux1:, 1.262917992848442, 0.006974258479971406, 0.008605810820387905
flux1:, 1.263900349719046, 0.007601396073625971, 0.008318943016337836
flux1:, 1.26488270658965, 0.006277287666235419, 0.006219791445796679
flux1:, 1.265865063460254, 0.007398334883270466, 0.009119925584610842
flux1:, 1.266847420330858, 0.00910811058242743, 0.010701677267610264
flux1:, 1.2678297772014617, 0.007999757080850864, 0.00793921858986196
flux1:, 1.2688121340720657, 0.00809042929767294, 0.009515111984250313
flux1:, 1.2697944909426697, 0.01045329261920894, 0.012931003185018181
flux1:, 1.2707768478132737, 0.010256900673287366, 0.01063216774516552
flux1:, 1.2717592046838777, 0.009359748314733853, 0.010214466551317374
flux1:, 1.2727415615544815, 0.01165993220324761, 0.014731098807275285
flux1:, 1.2737239184250855, 0.012821209315608045, 0.014142339487475808
flux1:, 1.2747062752956895, 0.011445528439205554, 0.01174829885865123
flux1:, 1.2756886321662935, 0.01293957539989829, 0.016061546853307098
flux1:, 1.2766709890368975, 0.015438856523668899, 0.018064729516864744
flux1:, 1.2776533459075012, 0.014426424027204558, 0.01457129773980432
flux1:, 1.2786357027781052, 0.014656738302858009, 0.01721912333674548
flux1:, 1.2796180596487092, 0.017949880506999253, 0.021879169209931198
flux1:, 1.2806004165193132, 0.018181483004429438, 0.018868802840543052
flux1:, 1.2815827733899172, 0.01722723093027128, 0.01881870796677345
flux1:, 1.282565130260521, 0.020396400049891468, 0.025172542067990158
flux1:, 1.283547487131125, 0.02242987231019316, 0.02443683265093487
flux1:, 1.284529844001729, 0.020978569513190493, 0.02163210052198668
flux1:, 1.285512200872333, 0.02307125532869645, 0.02787212299244682
flux1:, 1.286494557742937, 0.02684975020677299, 0.030707756941763455
flux1:, 1.2874769146135407, 0.02602323967169504, 0.026322295442824006
flux1:, 1.2884592714841447, 0.026473777001768086, 0.030389014199100128
flux1:, 1.2894416283547487, 0.031243161057664004, 0.036945332663271296
flux1:, 1.2904239852253527, 0.032201792191849765, 0.03316640574119273
flux1:, 1.2914063420959567, 0.031171467160129685, 0.03358702010035178
flux1:, 1.2923886989665605, 0.03568651536030816, 0.042562914115426405
flux1:, 1.2933710558371645, 0.039135858846414975, 0.041887385080697496
flux1:, 1.2943534127077685, 0.03760664888948855, 0.038550327983290736
flux1:, 1.2953357695783725, 0.04059857264149726, 0.04745306746085283
flux1:, 1.2963181264489765, 0.04639291770905122, 0.05169398756766693
flux1:, 1.2973004833195805, 0.04592007934425764, 0.04620660639410145
flux1:, 1.2982828401901843, 0.04667797546771991, 0.052186365127187856
flux1:, 1.2992651970607882, 0.05371638688454954, 0.06155878900089899
flux1:, 1.3002475539313922, 0.05587274681519874, 0.05693878862930601
flux1:, 1.3012299108019962, 0.05470820035263713, 0.05796274719834684
flux1:, 1.3022122676726002, 0.061235303718357954, 0.07066550531271153
flux1:, 1.303194624543204, 0.06692290188480804, 0.07035379579836326
flux1:, 1.304176981413808, 0.06528520383168301, 0.06628279891407879
flux1:, 1.305159338284412, 0.06955684495014502, 0.07886763459784822
flux1:, 1.306141695155016, 0.0784609726741466, 0.08534388002718267
flux1:, 1.30712405202562, 0.07857046863622756, 0.07842117324901463
flux1:, 1.308106408896224, 0.07967430528190615, 0.08696073638761001
flux1:, 1.3090887657668278, 0.09013633354396157, 0.1004778225520005
flux1:, 1.3100711226374318, 0.09418410953758097, 0.09488937270661087
flux1:, 1.3110534795080357, 0.09268726045196832, 0.09661066197171315
flux1:, 1.3120358363786397, 0.10215427041692574, 0.11462387595848902
flux1:, 1.3130181932492437, 0.11131923712984357, 0.11511863043270097
flux1:, 1.3140005501198475, 0.10941278599607897, 0.10989514540920854
flux1:, 1.3149829069904515, 0.11540642024338461, 0.12758582805960866
flux1:, 1.3159652638610555, 0.12908158829996635, 0.1375476376395898
flux1:, 1.3169476207316595, 0.13003209116424957, 0.12857378442671713
flux1:, 1.3179299776022635, 0.13133772096069313, 0.14048278704619205
flux1:, 1.3189123344728673, 0.14696231825528305, 0.16016529159931622
flux1:, 1.3198946913434713, 0.15393608766736522, 0.15334045055365883
flux1:, 1.3208770482140753, 0.15154341439097277, 0.1556565609705604
flux1:, 1.3218594050846793, 0.16527343838420777, 0.18137792226051155
flux1:, 1.3228417619552832, 0.17988766046813498, 0.1833726139216506
flux1:, 1.323824118825887, 0.17720283626665082, 0.17604359885509605
flux1:, 1.324806475696491, 0.18535092581175444, 0.2009079651942303
flux1:, 1.325788832567095, 0.20651382161753673, 0.21643367876307865
flux1:, 1.326771189437699, 0.20855103887366924, 0.20415665287320997
flux1:, 1.327753546308303, 0.20938109984406397, 0.2203585541251427
flux1:, 1.3287359031789068, 0.23300820517668155, 0.24961319978086974
flux1:, 1.3297182600495108, 0.24462252293785716, 0.24101012699609214
flux1:, 1.3307006169201148, 0.23982565045737192, 0.24313681795171282
flux1:, 1.3316829737907188, 0.25981144793243216, 0.2805533858509836
flux1:, 1.3326653306613228, 0.28344936643395613, 0.2854165779796231
flux1:, 1.3336476875319265, 0.27857576274316664, 0.2736167853777172
flux1:, 1.3346300444025305, 0.2889916976539084, 0.3087899439143426
flux1:, 1.3356124012731345, 0.3227642503334416, 0.334031333287025
flux1:, 1.3365947581437385, 0.3261035041039846, 0.31568910618583873
flux1:, 1.3375771150143425, 0.3240991764677332, 0.33671451303967687
flux1:, 1.3385594718849465, 0.36108430515037493, 0.38232756434149023
flux1:, 1.3395418287555503, 0.38094490313978613, 0.3711046511764437
flux1:, 1.3405241856261543, 0.3694148450884918, 0.36970131640473863
flux1:, 1.3415065424967583, 0.39889633014247383, 0.4263987403338569
flux1:, 1.3424888993673623, 0.4398120356881465, 0.43818264840141946
flux1:, 1.3434712562379663, 0.42871608291249946, 0.4151399712317212
flux1:, 1.34445361310857, 0.43959504996692556, 0.4652061557154759
flux1:, 1.345435969979174, 0.49849610933882355, 0.5114590326512587
flux1:, 1.346418326849778, 0.5038779988154961, 0.4804248288249175
flux1:, 1.347400683720382, 0.4899047884578822, 0.5027327985574505
flux1:, 1.348383040590986, 0.5535513062317771, 0.5827039467559111
flux1:, 1.34936539746159, 0.5937481811458049, 0.5702754513577614
flux1:, 1.3503477543321938, 0.5598025500106217, 0.5496063329741173
flux1:, 1.3513301112027978, 0.6046877907236701, 0.6435453798791783
flux1:, 1.3523124680734018, 0.6937226738110515, 0.6839591539458155
flux1:, 1.3532948249440058, 0.6626120126515781, 0.6243315313287894
flux1:, 1.3542771818146098, 0.6582579875177353, 0.6900904918779662
flux1:, 1.3552595386852135, 0.7963062780417411, 0.8128766833910256
flux1:, 1.3562418955558175, 0.8176920076364474, 0.7561013777695121
flux1:, 1.3572242524264215, 0.7348963322807217, 0.7320690704904457
flux1:, 1.3582066092970255, 0.8927947345943238, 0.9381326700002337
flux1:, 1.3591889661676295, 1.0654052660406574, 0.9985445444728345
flux1:, 1.3601713230382333, 0.9005036738934775, 0.8238706716452843
flux1:, 1.3611536799088373, 0.9773754354587144, 1.0245376543991807
flux1:, 1.3621360367794413, 1.5548484130178486, 1.5136656748858568
flux1:, 1.3631183936500453, 1.5002886821638204, 1.2898316231394171
flux1:, 1.3641007505206493, 1.0849301091707426, 1.0003672724372235
flux1:, 1.365083107391253, 3.6525268581149937, 3.645455194290501
flux1:, 1.366065464261857, 10.517839979639113, 10.090510400279827
flux1:, 1.367047821132461, 16.399331229757927, 15.600965853788344
flux1:, 1.368030178003065, 15.03981315831951, 14.735528399967201
flux1:, 1.369012534873669, 7.9588693426097255, 8.737859552299186
flux1:, 1.3699948917442728, 2.3049421821002554, 3.5809989997635117
flux1:, 1.3709772486148768, 1.1881562168009376, 1.8634990065535664
flux1:, 1.3719596054854808, 2.00061424722801, 2.2076087425486457
flux1:, 1.3729419623560848, 3.3356962238369348, 4.701939900850901
flux1:, 1.3739243192266888, 6.496317726723249, 9.569806118235523
flux1:, 1.3749066760972926, 9.915777140220534, 12.502824451475696
flux1:, 1.3758890329678966, 9.409748310104314, 9.446930423413205
flux1:, 1.3768713898385005, 5.1778576258261095, 3.787724131016212
flux1:, 1.3778537467091045, 2.0477814854109315, 1.3828565057947075
flux1:, 1.3788361035797085, 1.9992035169536082, 1.976370721448506
flux1:, 1.3798184604503125, 2.4773939190978793, 2.0718715656460223
flux1:, 1.3808008173209163, 2.032416267330101, 1.5450972030913381
flux1:, 1.3817831741915203, 1.8414014851829505, 1.7621739411250708
flux1:, 1.3827655310621243, 2.1706677048816423, 2.0306719919310474
flux1:, 1.3837478879327283, 2.1351709135965495, 1.75943654046793
flux1:, 1.3847302448033323, 1.943446592454433, 1.7759855604837076
flux1:, 1.3857126016739363, 2.128932834919047, 2.0798534325921887
flux1:, 1.38669495854454, 2.2522164763352235, 1.9858566674579121
flux1:, 1.387677315415144, 2.1125747952166805, 1.876110041860616
flux1:, 1.388659672285748, 2.176452398637299, 2.127733499987297
flux1:, 1.389642029156352, 2.358169293333336, 2.1898974590775344
flux1:, 1.390624386026956, 2.3011001131699294, 2.035396011636435
flux1:, 1.3916067428975598, 2.276671177597325, 2.1774089561685486
flux1:, 1.3925890997681638, 2.449107834511163, 2.3491822624079552
flux1:, 1.3935714566387678, 2.481211817798587, 2.2286109155833156
flux1:, 1.3945538135093718, 2.4136315378515016, 2.2461666079141827
flux1:, 1.3955361703799758, 2.5314319532654794, 2.457069203134605
flux1:, 1.3965185272505796, 2.6340491781280173, 2.4248187627849855
flux1:, 1.3975008841211836, 2.570850255025008, 2.346313077082341
flux1:, 1.3984832409917876, 2.614992120954558, 2.5225964193621815
flux1:, 1.3994655978623916, 2.7503492591725354, 2.5933221015968058
flux1:, 1.4004479547329955, 2.728243584345972, 2.4770165296445406
flux1:, 1.4014303116035993, 2.707047735139943, 2.5656818812367304
flux1:, 1.4024126684742033, 2.8309514228192016, 2.71222447760354
flux1:, 1.4033950253448073, 2.8652338773732775, 2.622903325178805
flux1:, 1.4043773822154113, 2.80794033530037, 2.608628125254414
flux1:, 1.4053597390860153, 2.884652593901907, 2.774846383448566
flux1:, 1.406342095956619, 2.9658770464356405, 2.7588331394456245
flux1:, 1.407324452827223, 2.909821921083117, 2.6668462542393216
flux1:, 1.408306809697827, 2.9235807580085247, 2.790935807397774
flux1:, 1.409289166568431, 3.023107779561591, 2.8589643100329845
flux1:, 1.410271523439035, 2.998910044546542, 2.7424488189949545
flux1:, 1.4112538803096388, 2.9577247512497875, 2.781818844798503
flux1:, 1.4122362371802428, 3.0400745445353263, 2.9065412889099185
flux1:, 1.4132185940508468, 3.0603784933832667, 2.8234755959831093
flux1:, 1.4142009509214508, 2.9907889200120414, 2.771252666669893
flux1:, 1.4151833077920548, 3.0279097047989763, 2.9003546198661505
flux1:, 1.4161656646626586, 3.083881290323166, 2.88924561075624
flux1:, 1.4171480215332626, 3.019034324351462, 2.7757196523890406
flux1:, 1.4181303784038666, 3.0008467798651464, 2.855090311006702
flux1:, 1.4191127352744706, 3.0674336789946377, 2.919655803003537
flux1:, 1.4200950921450746, 3.033482847950383, 2.7982606647002974
flux1:, 1.4210774490156786, 2.9707148525550977, 2.795370006663637
flux1:, 1.4220598058862823, 3.0180960696461208, 2.9044490442962
flux1:, 1.4230421627568863, 3.024414326375721, 2.8284408484419856
flux1:, 1.4240245196274903, 2.943025665190576, 2.746023104194165
flux1:, 1.4250068764980943, 2.949284721483433, 2.848445219068951
flux1:, 1.4259892333686983, 2.98615645917244, 2.8483434994205714
flux1:, 1.4269715902393023, 2.9160882280355778, 2.722739765393967
flux1:, 1.427953947109906, 2.8759229724628272, 2.7704996899883367
flux1:, 1.42893630398051, 2.9201428241683005, 2.8418731429528
flux1:, 1.429918660851114, 2.883246343157319, 2.727022972707593
flux1:, 1.430901017721718, 2.8094422083372925, 2.6966812545460708
flux1:, 1.431883374592322, 2.8350417706516446, 2.8032731491895895
flux1:, 1.4328657314629258, 2.8370604125146035, 2.7474268813969394
flux1:, 1.4338480883335298, 2.754559752464662, 2.6506029841747294
flux1:, 1.4348304452041338, 2.744012550021633, 2.7411991963903093
flux1:, 1.4358128020747378, 2.773564542270309, 2.7663787118290086
flux1:, 1.4367951589453418, 2.7089213645625168, 2.6449669871337456
flux1:, 1.4377775158159456, 2.660273395593411, 2.676639105971285
flux1:, 1.4387598726865496, 2.6948329974354954, 2.7695800933514705
flux1:, 1.4397422295571536, 2.665508326615358, 2.677795210574152
flux1:, 1.4407245864277576, 2.59274572267025, 2.635543923242503
flux1:, 1.4417069432983616, 2.6088581622362037, 2.7539815357828843
flux1:, 1.4426893001689653, 2.616654321993054, 2.7348511192587286
flux1:, 1.4436716570395693, 2.543409997693415, 2.639178141890717
flux1:, 1.4446540139101733, 2.5268197184316206, 2.730930509714208
flux1:, 1.4456363707807773, 2.5579578177631066, 2.7972388851372894
flux1:, 1.4466187276513813, 2.5072877723638833, 2.6961095304133496
flux1:, 1.447601084521985, 2.458804646579693, 2.722994784638592
flux1:, 1.448583441392589, 2.4904564431936387, 2.851050439694571
flux1:, 1.449565798263193, 2.4749465554623336, 2.799155327862136
flux1:, 1.450548155133797, 2.4096068129404924, 2.755427584223464
flux1:, 1.451530512004401, 2.420083320985459, 2.8949579630696
flux1:, 1.4525128688750049, 2.436456621531806, 2.9287249697458715
flux1:, 1.4534952257456089, 2.3762424321225013, 2.845419261429079
flux1:, 1.4544775826162128, 2.354444018380489, 2.9421630843018782
flux1:, 1.4554599394868168, 2.385117013672729, 3.0614719487765627
flux1:, 1.4564422963574208, 2.348274632932838, 2.993460415770749
flux1:, 1.4574246532280246, 2.2980739717710654, 3.015054933793364
flux1:, 1.4584070100986286, 2.3192378596471355, 3.1807975279457747
flux1:, 1.4593893669692326, 2.311068601795576, 3.180873201874377
flux1:, 1.4603717238398366, 2.248267771678005, 3.1339070791188366
flux1:, 1.4613540807104406, 2.24097067858171, 3.284402266229941
flux1:, 1.4623364375810444, 2.2509084087308526, 3.3756608009175224
flux1:, 1.4633187944516486, 2.1939293113988745, 3.30421126439311
flux1:, 1.4643011513222524, 2.1526467840205927, 3.3846260366569796
flux1:, 1.4652835081928564, 2.159871447681528, 3.5454174068933115
flux1:, 1.4662658650634603, 2.1191447679948032, 3.5094424665639075
flux1:, 1.4672482219340643, 2.0529607538826617, 3.500351797394214
flux1:, 1.4682305788046683, 2.038128880104275, 3.671993811542421
flux1:, 1.4692129356752721, 2.0109356821800795, 3.7150813617551384
flux1:, 1.470195292545876, 1.9364982157898147, 3.644161519509529
flux1:, 1.47117764941648, 1.8926736140351383, 3.7600525480659353
flux1:, 1.472160006287084, 1.867567738587345, 3.8839667219949305
flux1:, 1.473142363157688, 1.7988722319649102, 3.8121942482409983
flux1:, 1.4741247200282919, 1.7342712559698927, 3.8332734445801036
flux1:, 1.4751070768988959, 1.7023207586556193, 3.994404806283253
flux1:, 1.4760894337694999, 1.6455887394554451, 3.982375394091743
flux1:, 1.4770717906401039, 1.5765701938944137, 3.9179224583733023
flux1:, 1.4780541475107078, 1.540264722111365, 4.047629327679909
flux1:, 1.4790365043813116, 1.4982355808040544, 4.119007495621082
flux1:, 1.4800188612519156, 1.439401861458244, 4.019269960315065
flux1:, 1.4810012181225196, 1.4106736527700767, 4.056112074878562
flux1:, 1.4819835749931236, 1.390485824320297, 4.176453745874389
flux1:, 1.4829659318637276, 1.3510169867242745, 4.099225574237111
flux1:, 1.4839482887343314, 1.3388309502421827, 4.017458796107268
flux1:, 1.4849306456049354, 1.350144412572724, 4.1028127747802206
flux1:, 1.4859130024755394, 1.336474564268027, 4.072067515003294
flux1:, 1.4868953593461434, 1.3356825318025378, 3.895793642903511
flux1:, 1.4878777162167474, 1.3742791852251177, 3.8604861736778235
flux1:, 1.4888600730873511, 1.388823168001725, 3.8485477587784316
flux1:, 1.4898424299579551, 1.384608562350069, 3.642407607830824
flux1:, 1.4908247868285591, 1.4227051733758131, 3.4657633343304743
flux1:, 1.4918071436991631, 1.4563616797671766, 3.4203668189659853
flux1:, 1.4927895005697671, 1.4417671614036462, 3.2507094032095867
flux1:, 1.4937718574403709, 1.4482341093126514, 2.995851619842335
flux1:, 1.4947542143109749, 1.4803710859235208, 2.885181911141656
flux1:, 1.4957365711815789, 1.4627554889275047, 2.7763849833478553
flux1:, 1.4967189280521829, 1.430352225775583, 2.5346025758309287
flux1:, 1.4977012849227869, 1.440345751728717, 2.36597400114226
flux1:, 1.4986836417933906, 1.4284752648656414, 2.2958914137171673
flux1:, 1.4996659986639946, 1.373970212614477, 2.124460558042566
flux1:, 1.5006483555345986, 1.3523692303535473, 1.932720949438278
flux1:, 1.5016307124052026, 1.3451440344160124, 1.8641664833516574
flux1:, 1.5026130692758066, 1.2908479181087602, 1.7701794393641648
flux1:, 1.5035954261464104, 1.242031358724915, 1.5958629978594028
flux1:, 1.5045777830170146, 1.2305760213508197, 1.5060271311874713
flux1:, 1.5055601398876184, 1.1900635702877582, 1.4634768527569542
flux1:, 1.5065424967582224, 1.1275078727329553, 1.3350291571140214
flux1:, 1.5075248536288264, 1.1032796218268535, 1.2245441024710002
flux1:, 1.5085072104994304, 1.0780980723079523, 1.1982793700623338
flux1:, 1.5094895673700344, 1.0170441178528027, 1.123825946990905
flux1:, 1.5104719242406381, 0.9775129474648422, 1.0100256300536177
flux1:, 1.5114542811112421, 0.9609870245708644, 0.9735361856190865
flux1:, 1.5124366379818461, 0.912493798328771, 0.9423255950107075
flux1:, 1.5134189948524501, 0.8620232061437875, 0.8465308002042345
flux1:, 1.5144013517230541, 0.8451270654832509, 0.7900502726397195
flux1:, 1.515383708593658, 0.8132929047852971, 0.7806247625646768
flux1:, 1.516366065464262, 0.7605497545512414, 0.7170023216363081
flux1:, 1.5173484223348659, 0.7366961276377227, 0.6465946047206584
flux1:, 1.5183307792054699, 0.7190047671998494, 0.6372382571378233
flux1:, 1.5193131360760739, 0.6731015317833711, 0.6073689630945108
flux1:, 1.5202954929466777, 0.6405608411319886, 0.537953656864048
flux1:, 1.5212778498172816, 0.6303409728507681, 0.5150543184878308
flux1:, 1.5222602066878856, 0.597485392767496, 0.5090472869660184
flux1:, 1.5232425635584896, 0.5593855761637864, 0.455495846138122
flux1:, 1.5242249204290936, 0.549107890486498, 0.41702218134742375
flux1:, 1.5252072772996974, 0.5307753536285547, 0.41932509622111175
flux1:, 1.5261896341703014, 0.4932954859387751, 0.389524519990471
flux1:, 1.5271719910409054, 0.4775592687593202, 0.34317712058908123
flux1:, 1.5281543479115094, 0.470514530569741, 0.33978486262108026
flux1:, 1.5291367047821134, 0.4401727652495613, 0.33203484977693337
flux1:, 1.5301190616527172, 0.41752453006201645, 0.28976820240444434
flux1:, 1.5311014185233212, 0.41547597776012796, 0.2736083875118481
flux1:, 1.5320837753939252, 0.39649696862506356, 0.2786022859257391
flux1:, 1.5330661322645291, 0.36960608704026515, 0.25034343949475446
flux1:, 1.5340484891351331, 0.36584067968262024, 0.22290266555121496
flux1:, 1.535030846005737, 0.35851072479883445, 0.22870839149926495
flux1:, 1.536013202876341, 0.33271621607309043, 0.21797377231950088
flux1:, 1.536995559746945, 0.3227564796300552, 0.18703227519671234
flux1:, 1.537977916617549, 0.32337507050905806, 0.18453859015066884
flux1:, 1.538960273488153, 0.30417196283133646, 0.18752310795468974
flux1:, 1.5399426303587567, 0.2874369521014578, 0.1624661059117566
flux1:, 1.5409249872293607, 0.28992313996894387, 0.14889194513059695
flux1:, 1.5419073440999647, 0.28040734186149363, 0.15700055087359885
flux1:, 1.5428897009705687, 0.2601714196831134, 0.14403266788244867
flux1:, 1.5438720578411727, 0.2587039140731432, 0.12315666062616044
flux1:, 1.5448544147117764, 0.2581023960706384, 0.12748192620701387
flux1:, 1.5458367715823806, 0.23971994025328072, 0.12692031107013965
flux1:, 1.5468191284529844, 0.23126201472718716, 0.1062388817141512
flux1:, 1.5478014853235884, 0.2352787361098311, 0.1017214882640408
flux1:, 1.5487838421941924, 0.22345171936543315, 0.10845290995909386
flux1:, 1.5497661990647964, 0.20895539422030224, 0.0948871657387313
flux1:, 1.5507485559354004, 0.21183399341838344, 0.08217176940995624
flux1:, 1.5517309128060042, 0.20824180839026832, 0.08877853248497446
flux1:, 1.5527132696766082, 0.191892880554726, 0.08517557904352097
flux1:, 1.5536956265472122, 0.18919767517184738, 0.06941975544799552
flux1:, 1.5546779834178162, 0.19171266450130056, 0.07015422722983373
flux1:, 1.5556603402884202, 0.1785769253889278, 0.07430387628245956
flux1:, 1.556642697159024, 0.16924431429613798, 0.061821148187072066
flux1:, 1.557625054029628, 0.1731531982674774, 0.05526079819438323
flux1:, 1.558607410900232, 0.1664801124729225, 0.06170323836632428
flux1:, 1.559589767770836, 0.15304679481195033, 0.05643766186314135
flux1:, 1.56057212464144, 0.1535840275174674, 0.04552101155253113
flux1:, 1.5615544815120437, 0.15323745066554645, 0.048860650742237666
flux1:, 1.5625368383826477, 0.14017954737233596, 0.050625976473134375
flux1:, 1.5635191952532517, 0.13493312582564881, 0.040350654441240655
flux1:, 1.5645015521238557, 0.13775217662775055, 0.03806236655886025
flux1:, 1.5654839089944597, 0.12895380574237525, 0.043286749354080764
flux1:, 1.5664662658650634, 0.11882839738548913, 0.037652966338531324
flux1:, 1.5674486227356674, 0.12057548589540121, 0.030889260705874912
flux1:, 1.5684309796062714, 0.11738632570123751, 0.03508421075975956
flux1:, 1.5694133364768754, 0.10572232618567978, 0.03509668186652248
flux1:, 1.5703956933474794, 0.1033932162135849, 0.0273561035859352
flux1:, 1.5713780502180832, 0.10427192138323829, 0.02765316439156367
flux1:, 1.5723604070886872, 0.09480466744329887, 0.03131664957779004
flux1:, 1.5733427639592912, 0.08799727694010781, 0.026082049211157247
flux1:, 1.5743251208298952, 0.08972984690510262, 0.02241434766658878
flux1:, 1.5753074777004992, 0.08464092129538944, 0.026362911043921775
flux1:, 1.576289834571103, 0.07537266358098109, 0.02521107873190031
flux1:, 1.577272191441707, 0.07498040263184809, 0.019745220233757087
flux1:, 1.578254548312311, 0.07406283039725318, 0.021288236692223076
flux1:, 1.579236905182915, 0.06537089480142527, 0.023418893929533745
flux1:, 1.580219262053519, 0.06158354722070964, 0.01890482953103337
flux1:, 1.5812016189241227, 0.06277197320804115, 0.017284374543286785
flux1:, 1.5821839757947267, 0.057033727626101226, 0.020428833106837782
flux1:, 1.5831663326653307, 0.050631938835854894, 0.018596773072688744
flux1:, 1.5841486895359347, 0.051375490378925144, 0.01494544447698861
flux1:, 1.5851310464065387, 0.0492648098798457, 0.016862639103026253
flux1:, 1.5861134032771425, 0.042324044689687916, 0.017720099715248204
flux1:, 1.5870957601477467, 0.040938045088214976, 0.014032697653220893
flux1:, 1.5880781170183504, 0.04142429050134235, 0.01366050037280528
flux1:, 1.5890604738889544, 0.03605656047091296, 0.015858492686777408
flux1:, 1.5900428307595584, 0.032375491511270185, 0.013748617121303855
flux1:, 1.5910251876301624, 0.03355571378060839, 0.01148150905718005
flux1:, 1.5920075445007664, 0.03087834063808321, 0.013308500578706462
flux1:, 1.5929899013713702, 0.026029232106038986, 0.01325093645204335
flux1:, 1.5939722582419742, 0.026210560051348007, 0.01040262657030203
flux1:, 1.5949546151125782, 0.026002488439945258, 0.010741444910512125
flux1:, 1.5959369719831822, 0.0215950191298906, 0.012077854148163873
flux1:, 1.5969193288537862, 0.020047785821880187, 0.009996862039235149
flux1:, 1.59790168572439, 0.021115880618224787, 0.00876008840493498
flux1:, 1.598884042594994, 0.018366484449418297, 0.01028500227406097
flux1:, 1.599866399465598, 0.015456812061410068, 0.009655881712423361
flux1:, 1.600848756336202, 0.016385617762627022, 0.00759907694798731
flux1:, 1.601831113206806, 0.015610715110309209, 0.008292098237038836
flux1:, 1.6028134700774097, 0.012384184727522125, 0.008932797660771097
flux1:, 1.6037958269480137, 0.012230933539301329, 0.0070838438016427125
flux1:, 1.6047781838186177, 0.012871753239135407, 0.006584044778465762
flux1:, 1.6057605406892217, 0.01040528207575211, 0.0077267811382197476
flux1:, 1.6067428975598257, 0.009024411808098291, 0.006806121031580345
flux1:, 1.6077252544304295, 0.010077731649287656, 0.00544892698697091
flux1:, 1.6087076113010335, 0.008956305245209798, 0.006253333391169303
flux1:, 1.6096899681716375, 0.006881867499998705, 0.0063774020260045595
flux1:, 1.6106723250422414, 0.007446800214582591, 0.0048741165864577265
flux1:, 1.6116546819128454, 0.007584260322834781, 0.004863680776947815
flux1:, 1.6126370387834492, 0.00562208424952079, 0.005616077846763861
flux1:, 1.6136193956540532, 0.0052816931264192905, 0.004615766579371672
flux1:, 1.6146017525246572, 0.006094711642336675, 0.0038368410069886403
flux1:, 1.6155841093952612, 0.004879032546882382, 0.004590050919211138
flux1:, 1.6165664662658652, 0.0037745965696416137, 0.0043681128393080046
flux1:, 1.617548823136469, 0.0045508114203682394, 0.003253566186317652
flux1:, 1.618531180007073, 0.0042805933336865125, 0.0035258020936723734
flux1:, 1.619513536877677, 0.0029119248584429983, 0.0039263053006998085
flux1:, 1.620495893748281, 0.003156907852903644, 0.002996552731084778
flux1:, 1.621478250618885, 0.00359483265787281, 0.0026585880756214834
flux1:, 1.6224606074894887, 0.002501403609346649, 0.0032633456657491524
flux1:, 1.6234429643600927, 0.0021070270662983193, 0.002848949187716157
flux1:, 1.6244253212306967, 0.0027817993031469877, 0.0021111537453983426
flux1:, 1.6254076781013007, 0.002280693476559845, 0.002501900738075879
flux1:, 1.6263900349719047, 0.0014772323555845535, 0.002620602536473901
flux1:, 1.6273723918425085, 0.0019474691874380823, 0.0018548917309887873
flux1:, 1.6283547487131127, 0.002037009238789915, 0.001818204521714867
flux1:, 1.6293371055837165, 0.001202071007959198, 0.0022332798514759517
flux1:, 1.6303194624543205, 0.001243943836745894, 0.0017544758934486934
flux1:, 1.6313018193249245, 0.0016780618126058821, 0.0013407663156820696
flux1:, 1.6322841761955285, 0.0011257698265671032, 0.0017317593881207378
flux1:, 1.6332665330661325, 0.0007755185726516634, 0.0016553125843798107
flux1:, 1.6342488899367362, 0.001232065034456425, 0.0010952119969681391
flux1:, 1.6352312468073402, 0.001085183606770689, 0.001231870017376729
flux1:, 1.6362136036779442, 0.0005531457652412427, 0.001460980461859681
flux1:, 1.6371959605485482, 0.0007941401249378877, 0.0010121754213647594
flux1:, 1.6381783174191522, 0.000976833278612217, 0.0008453281147878433
flux1:, 1.639160674289756, 0.0005059590522559054, 0.0011646991018542008
flux1:, 1.64014303116036, 0.000457940904244579, 0.0009801271372817312
flux1:, 1.641125388030964, 0.0007802964141579793, 0.0006237110252512017
flux1:, 1.642107744901568, 0.0005288602159544279, 0.0008297614643826182
flux1:, 1.643090101772172, 0.0002682351591861333, 0.0009069019151640674
flux1:, 1.6440724586427757, 0.0005386599072599704, 0.0005448187516285206
flux1:, 1.6450548155133797, 0.0005336431214773508, 0.0005402588276034679
flux1:, 1.6460371723839837, 0.0002103130480978809, 0.0007576505026393906
flux1:, 1.6470195292545877, 0.00031708360990267146, 0.0005384025186790806
flux1:, 1.6480018861251917, 0.00047877785142916974, 0.00035324941251280623
flux1:, 1.6489842429957955, 0.00023007584528742517, 0.0005560205953547851
flux1:, 1.6499665998663995, 0.00016470098664763593, 0.000529433279716357
flux1:, 1.6509489567370035, 0.0003704815660557165, 0.00027561418470937614
flux1:, 1.6519313136076075, 0.00026621981446909974, 0.0003566779319314747
flux1:, 1.6529136704782115, 9.581839336046511e-05, 0.0004734539240737205
flux1:, 1.6538960273488152, 0.00024329268220760723, 0.000271115181530336
flux1:, 1.6548783842194192, 0.00027625813621708615, 0.00020962273269052817
flux1:, 1.6558607410900232, 9.253629220635274e-05, 0.00036855876736724993
flux1:, 1.6568430979606272, 0.00013503789501467372, 0.00028679683470137987
flux1:, 1.6578254548312312, 0.00024682563340109215, 0.00013587952298318352
flux1:, 1.658807811701835, 0.0001206938276788293, 0.00024397107228388696
flux1:, 1.659790168572439, 6.871650410994428e-05, 0.00028091784992119906
flux1:, 1.660772525443043, 0.0001887871795668621, 0.00012356234067586783
flux1:, 1.661754882313647, 0.00014790590123804566, 0.00013682939584890434
flux1:, 1.662737239184251, 4.671028447585153e-05, 0.0002384135729738748
flux1:, 1.6637195960548548, 0.0001240895312279384, 0.0001408711904033634
flux1:, 1.6647019529254587, 0.00015529375501427685, 7.155096440968291e-05
flux1:, 1.6656843097960627, 5.5670747224471995e-05, 0.00016975726597706864
flux1:, 1.6666666666666667, 7.254211657035974e-05, 0.00015518158137428238
