flux1:, 1.1764705882352942, 0.016393702909935734, 0.0032212381187321924
flux1:, 1.1774529451058982, 0.022020238428306672, 0.0036363664677672484
flux1:, 1.1784353019765021, 0.022906953269273424, 0.004110130625813334
flux1:, 1.179417658847106, 0.020182458318450953, 0.004071617367249627
flux1:, 1.18040001571771, 0.02503738580345743, 0.0043496063248763305
flux1:, 1.181382372588314, 0.02933972900137713, 0.005045860946902341
flux1:, 1.182364729458918, 0.026156769464791764, 0.0052071509407039685
flux1:, 1.183347086329522, 0.02853106151596984, 0.005329328211474175
flux1:, 1.1843294432001257, 0.03580026733948366, 0.006139068473839495
flux1:, 1.1853118000707297, 0.03443485298415586, 0.0066497025875440485
flux1:, 1.1862941569413337, 0.033599964160417314, 0.006704131129151974
flux1:, 1.1872765138119377, 0.042081404059595144, 0.007482274125123128
flux1:, 1.1882588706825417, 0.04461928037126274, 0.008422028572513876
flux1:, 1.1892412275531457, 0.04139193293753186, 0.008607037539175976
flux1:, 1.1902235844237494, 0.04863461646228091, 0.009241512976201679
flux1:, 1.1912059412943534, 0.05602018422085155, 0.010582049497567183
flux1:, 1.1921882981649574, 0.05272285538355599, 0.011170241121180991
flux1:, 1.1931706550355614, 0.05662325907194168, 0.011662904378403286
flux1:, 1.1941530119061654, 0.06808738534129707, 0.013267551292168904
flux1:, 1.1951353687767692, 0.0678404250016699, 0.014532675860044975
flux1:, 1.1961177256473732, 0.06771725467519206, 0.015064774797784888
flux1:, 1.1971000825179772, 0.08090781651561944, 0.01673134540331939
flux1:, 1.1980824393885812, 0.0864993728942942, 0.018835910666198857
flux1:, 1.1990647962591852, 0.08374091055606005, 0.019769628047114567
flux1:, 1.200047153129789, 0.09559392354036492, 0.021287370554277315
flux1:, 1.201029510000393, 0.10839523085351732, 0.024085931938667076
flux1:, 1.202011866870997, 0.1063772243644642, 0.025779539481803827
flux1:, 1.202994223741601, 0.1143767303661421, 0.026930310063769912
flux1:, 1.203976580612205, 0.13363579299551093, 0.02967856546181817
flux1:, 1.2049589374828087, 0.13680369649942808, 0.032028733753444415
flux1:, 1.2059412943534127, 0.14002236834054682, 0.032672590352293446
flux1:, 1.2069236512240167, 0.16245838310103625, 0.034353162643811094
flux1:, 1.2079060080946207, 0.17461321805216737, 0.03686539124767653
flux1:, 1.2088883649652247, 0.17460187237059205, 0.03754916931461491
flux1:, 1.2098707218358287, 0.19528451480159015, 0.03828629300047008
flux1:, 1.2108530787064324, 0.21798882566106756, 0.04091406900712475
flux1:, 1.2118354355770364, 0.21952054410696287, 0.042646116351107016
flux1:, 1.2128177924476404, 0.23471581372379816, 0.0434374838395118
flux1:, 1.2138001493182444, 0.2665183601877014, 0.04628101534081655
flux1:, 1.2147825061888484, 0.27615688474128924, 0.04948824232184688
flux1:, 1.2157648630594522, 0.2854123156368548, 0.05109500129682455
flux1:, 1.2167472199300562, 0.3220739191520589, 0.05410452778406855
flux1:, 1.2177295768006602, 0.345502222966089, 0.058694894193874914
flux1:, 1.2187119336712642, 0.3523310310484182, 0.061659135179495825
flux1:, 1.2196942905418682, 0.38842679334469304, 0.06487292962474511
flux1:, 1.220676647412472, 0.42835912460687403, 0.0705435073353896
flux1:, 1.221659004283076, 0.43983717260675326, 0.07533151397368941
flux1:, 1.22264136115368, 0.47119252123426353, 0.0790731750069965
flux1:, 1.223623718024284, 0.5263031441149815, 0.08546510519075409
flux1:, 1.224606074894888, 0.5514339631749483, 0.09239710970664931
flux1:, 1.2255884317654917, 0.5775770465480554, 0.09733735211411836
flux1:, 1.2265707886360957, 0.6428382749570566, 0.1042152469671146
flux1:, 1.2275531455066997, 0.6899773623144114, 0.1133498428744274
flux1:, 1.2285355023773037, 0.7157539073709439, 0.12043230975503658
flux1:, 1.2295178592479077, 0.7843849650748824, 0.12792729460197874
flux1:, 1.2305002161185117, 0.8585365023799894, 0.13904820884555827
flux1:, 1.2314825729891155, 0.8941885387922933, 0.14929203465430446
flux1:, 1.2324649298597194, 0.9609304122254468, 0.1581337870460943
flux1:, 1.2334472867303234, 1.0620550118517156, 0.17090842067933099
flux1:, 1.2344296436009274, 1.121607850989201, 0.18510847685740797
flux1:, 1.2354120004715314, 1.1866620573169349, 0.19666312324516394
flux1:, 1.2363943573421352, 1.3103469898466371, 0.21078467362625994
flux1:, 1.2373767142127392, 1.409404389468726, 0.22864338473636153
flux1:, 1.2383590710833432, 1.4829169116881018, 0.24336679623233912
flux1:, 1.2393414279539472, 1.6253159491050297, 0.2556996196235652
flux1:, 1.2403237848245512, 1.7810513843970983, 0.26717655113523786
flux1:, 1.241306141695155, 1.8846643919895718, 0.26606342584496884
flux1:, 1.242288498565759, 2.0297957080016684, 0.24715309733669205
flux1:, 1.243270855436363, 2.2097935785306473, 0.2277219157558576
flux1:, 1.244253212306967, 2.3141012901583466, 0.22564581420478017
flux1:, 1.245235569177571, 2.4246760343237117, 0.24226264932389502
flux1:, 1.2462179260481747, 2.6294453796078114, 0.2703564219831425
flux1:, 1.2472002829187787, 2.80621297200725, 0.301250695310552
flux1:, 1.2481826397893827, 2.947797711435938, 0.3304414719102355
flux1:, 1.2491649966599867, 3.187962051044096, 0.3617465078541985
flux1:, 1.2501473535305907, 3.4456341646713535, 0.39606095304787375
flux1:, 1.2511297104011945, 3.6299591003495237, 0.427744390924747
flux1:, 1.2521120672717985, 3.8882438620879483, 0.45927336273051717
flux1:, 1.2530944241424025, 4.224245565581251, 0.4964831911848379
flux1:, 1.2540767810130065, 4.478867075653581, 0.5337676629983937
flux1:, 1.2550591378836105, 4.753872608085771, 0.5683691337795624
flux1:, 1.2560414947542144, 5.1579907835635534, 0.6086822475538639
flux1:, 1.2570238516248182, 5.5140303550653975, 0.6532013488889428
flux1:, 1.2580062084954222, 5.822535687854384, 0.6940090828871506
flux1:, 1.2589885653660262, 6.278255228347047, 0.7379277188693664
flux1:, 1.2599709222366302, 6.758606371431443, 0.7898432290842755
flux1:, 1.2609532791072342, 7.136303639606279, 0.8397507418602176
flux1:, 1.261935635977838, 7.630334096767016, 0.8888154478133922
flux1:, 1.262917992848442, 8.241603902606569, 0.9475170573468831
flux1:, 1.263900349719046, 8.737599554961996, 1.0085793581408304
flux1:, 1.26488270658965, 9.272340804961985, 1.065541639133106
flux1:, 1.265865063460254, 10.003393074470662, 1.1305682042186274
flux1:, 1.266847420330858, 10.668404464042434, 1.2035536409967116
flux1:, 1.2678297772014617, 11.27199023683361, 1.2719189912093283
flux1:, 1.2688121340720657, 12.10130224581856, 1.3438964472763004
flux1:, 1.2697944909426697, 12.973236587447282, 1.4283436220382273
flux1:, 1.2707768478132737, 13.70217027693086, 1.5114699269829084
flux1:, 1.2717592046838777, 14.613178555021724, 1.5927052132143238
flux1:, 1.2727415615544815, 15.70589985383798, 1.6875997758643655
flux1:, 1.2737239184250855, 16.637247559818032, 1.7877235463621288
flux1:, 1.2747062752956895, 17.637200136793137, 1.8821394452657134
flux1:, 1.2756886321662935, 18.93859163387182, 1.9870423620260926
flux1:, 1.2766709890368975, 20.152678061576037, 2.104710094983585
flux1:, 1.2776533459075012, 21.287819662434714, 2.217036124289243
flux1:, 1.2786357027781052, 22.77070042443761, 2.3332215570226684
flux1:, 1.2796180596487092, 24.329692354020025, 2.4674955710765327
flux1:, 1.2806004165193132, 25.689477439386923, 2.6019666719914984
flux1:, 1.2815827733899172, 27.334355447284434, 2.733027889625648
flux1:, 1.282565130260521, 29.265310149530592, 2.8825343572906137
flux1:, 1.283547487131125, 30.971158560412455, 3.0416361481739047
flux1:, 1.284529844001729, 32.794447668403315, 3.1931575859424317
flux1:, 1.285512200872333, 35.08579674176, 3.3576444852897134
flux1:, 1.286494557742937, 37.26537642653101, 3.5415332392120527
flux1:, 1.2874769146135407, 39.342667464179016, 3.719797982431552
flux1:, 1.2884592714841447, 41.95986564847997, 3.9015504970845383
flux1:, 1.2894416283547487, 44.71442165561631, 4.1085763700504545
flux1:, 1.2904239852253527, 47.187600205383816, 4.318739957418716
flux1:, 1.2914063420959567, 50.10709766026261, 4.523128141220165
flux1:, 1.2923886989665605, 53.48457330529999, 4.751438228250316
flux1:, 1.2933710558371645, 56.545244402955376, 4.995951702195626
flux1:, 1.2943534127077685, 59.79774823676484, 5.2306535342926965
flux1:, 1.2953357695783725, 63.7858652989508, 5.480312646311198
flux1:, 1.2963181264489765, 67.6355867832326, 5.758419162286269
flux1:, 1.2973004833195805, 71.34264719198269, 6.031409209860164
flux1:, 1.2982828401901843, 75.89187788465425, 6.306095348167176
flux1:, 1.2992651970607882, 80.69020744857642, 6.614872589778305
flux1:, 1.3002475539313922, 85.07587693037158, 6.931890632944803
flux1:, 1.3012299108019962, 90.15215072887761, 7.239219792452866
flux1:, 1.3022122676726002, 95.97283642714352, 7.5759772531309695
flux1:, 1.303194624543204, 101.33731130501212, 7.938601585960961
flux1:, 1.304176981413808, 106.99058014269326, 8.288595397901492
flux1:, 1.305159338284412, 113.80943315995825, 8.653712011421007
flux1:, 1.306141695155016, 120.46449223390098, 9.059107969595942
flux1:, 1.30712405202562, 126.88699030904297, 9.46112432246075
flux1:, 1.308106408896224, 134.61875410371235, 9.859983590767051
flux1:, 1.3090887657668278, 142.80312662506074, 10.302811720842262
flux1:, 1.3100711226374318, 150.34684898381914, 10.76209500327356
flux1:, 1.3110534795080357, 158.9312063518828, 11.20489994047193
flux1:, 1.3120358363786397, 168.7399474773042, 11.68088835240106
flux1:, 1.3130181932492437, 177.87130665530302, 12.196352117441906
flux1:, 1.3140005501198475, 187.38461817916598, 12.695372878977427
flux1:, 1.3149829069904515, 198.75246278726027, 13.205102201743696
flux1:, 1.3159652638610555, 209.9449421316141, 13.769726883594446
flux1:, 1.3169476207316595, 220.69357128021204, 14.334717766575636
flux1:, 1.3179299776022635, 233.46062154353083, 14.885697756846813
flux1:, 1.3189123344728673, 247.05711329388248, 15.489940837826504
flux1:, 1.3198946913434713, 259.60153704977563, 16.12357583216057
flux1:, 1.3208770482140753, 273.65988742299703, 16.729078022740765
flux1:, 1.3218594050846793, 289.7632054557127, 17.366260144743922
flux1:, 1.3228417619552832, 304.8383468786999, 18.061899107667003
flux1:, 1.323824118825887, 320.318572026952, 18.73627519773118
flux1:, 1.324806475696491, 338.7764802431164, 19.40763097550965
flux1:, 1.325788832567095, 357.11304189299557, 20.151141359839087
flux1:, 1.326771189437699, 374.5360968908683, 20.903093042561103
flux1:, 1.327753546308303, 395.0656589766604, 21.619744134953123
flux1:, 1.3287359031789068, 417.16852867669905, 22.395485335946635
flux1:, 1.3297182600495108, 437.48016054292486, 23.222201819809616
flux1:, 1.3307006169201148, 459.92582542401965, 24.00216302984992
flux1:, 1.3316829737907188, 485.90812928443677, 24.801139907561115
flux1:, 1.3326653306613228, 510.341868162445, 25.686572692428026
flux1:, 1.3336476875319265, 534.9972382205304, 26.54694314052401
flux1:, 1.3346300444025305, 564.5795826240934, 27.373491824018902
flux1:, 1.3356124012731345, 594.3593140473317, 28.292837965411337
flux1:, 1.3365947581437385, 622.2296343809829, 29.239844737576615
flux1:, 1.3375771150143425, 654.9789185184709, 30.112965503248915
flux1:, 1.3385594718849465, 690.954767836167, 31.042872085234574
flux1:, 1.3395418287555503, 723.823110241823, 32.064281374174506
flux1:, 1.3405241856261543, 759.626040182326, 33.01136195028293
flux1:, 1.3415065424967583, 802.00744680204, 33.942400808216675
flux1:, 1.3424888993673623, 842.2093042547959, 35.00695363485274
flux1:, 1.3434712562379663, 881.8728299603799, 36.05080881375239
flux1:, 1.34445361310857, 930.2482702399955, 36.99675078426343
flux1:, 1.345435969979174, 980.1543974830696, 38.06326730455796
flux1:, 1.346418326849778, 1025.9304848170552, 39.20704344033072
flux1:, 1.347400683720382, 1079.7220090994138, 40.20565980155366
flux1:, 1.348383040590986, 1141.0533576112646, 41.24089613701851
flux1:, 1.34936539746159, 1196.826503791167, 42.45798330466528
flux1:, 1.3503477543321938, 1256.2107040999877, 43.561078962826265
flux1:, 1.3513301112027978, 1329.4195924814069, 44.56197332208668
flux1:, 1.3523124680734018, 1400.2742794635697, 45.79869252923242
flux1:, 1.3532948249440058, 1467.4003569874162, 47.05467170413129
flux1:, 1.3542771818146098, 1551.3887305594117, 48.069997419623256
flux1:, 1.3552595386852135, 1642.235881167986, 49.268355677131865
flux1:, 1.3562418955558175, 1722.2214907880611, 50.708854218453844
flux1:, 1.3572242524264215, 1814.5265678380135, 51.86199522227142
flux1:, 1.3582066092970255, 1927.2490505133835, 53.01375915522376
flux1:, 1.3591889661676295, 2027.6747797229461, 54.6711980882232
flux1:, 1.3601713230382333, 2124.671191054597, 56.21180736998623
flux1:, 1.3611536799088373, 2252.482982015437, 57.48420633530775
flux1:, 1.3621360367794413, 2378.177273273354, 59.515584279539574
flux1:, 1.3631183936500453, 2473.010844606056, 62.022739966127006
flux1:, 1.3641007505206493, 2588.5252253408244, 64.13698363652455
flux1:, 1.365083107391253, 2722.929805074903, 67.3450231615276
flux1:, 1.366065464261857, 2791.1983143962466, 72.62421101278188
flux1:, 1.367047821132461, 2811.8565026761794, 78.32861412859263
flux1:, 1.368030178003065, 2839.759483432782, 86.2399739594751
flux1:, 1.369012534873669, 2715.5501547971617, 100.0520300425375
flux1:, 1.3699948917442728, 2286.2487298682986, 111.22390341979255
flux1:, 1.3709772486148768, 1821.036783372476, 102.1648570840547
flux1:, 1.3719596054854808, 1741.6158283379666, 72.64413338484344
flux1:, 1.3729419623560848, 2023.040271379562, 44.84600610244273
flux1:, 1.3739243192266888, 2298.1200968948165, 33.879262371552144
flux1:, 1.3749066760972926, 2409.3812871914783, 32.829745032244304
flux1:, 1.3758890329678966, 2462.502003415727, 32.14913612987561
flux1:, 1.3768713898385005, 2509.526332960071, 32.54639277700797
flux1:, 1.3778537467091045, 2516.782504138397, 34.92439677355527
flux1:, 1.3788361035797085, 2506.9713506694784, 36.22757093924638
flux1:, 1.3798184604503125, 2518.65124797436, 36.64321738974187
flux1:, 1.3808008173209163, 2536.1240336876986, 38.18417094712598
flux1:, 1.3817831741915203, 2547.775133993207, 39.44429552466536
flux1:, 1.3827655310621243, 2571.914296186964, 39.40579942956982
flux1:, 1.3837478879327283, 2609.7243326400676, 39.828303188895845
flux1:, 1.3847302448033323, 2648.7496351997916, 40.6479692947298
flux1:, 1.3857126016739363, 2692.4392583996782, 40.32084496897463
flux1:, 1.38669495854454, 2745.623345095487, 39.7665368299728
flux1:, 1.387677315415144, 2802.821915103855, 39.913363383978066
flux1:, 1.388659672285748, 2862.31509519722, 39.406604597500994
flux1:, 1.389642029156352, 2926.292368402417, 38.142955717271846
flux1:, 1.390624386026956, 2993.4175633904792, 37.47330413209831
flux1:, 1.3916067428975598, 3062.741427735279, 36.75692037703307
flux1:, 1.3925890997681638, 3134.1544260830624, 35.07605086644197
flux1:, 1.3935714566387678, 3206.423361595801, 33.57404264812941
flux1:, 1.3945538135093718, 3280.3561899821607, 32.50940425892625
flux1:, 1.3955361703799758, 3356.1787197634317, 30.645060653805295
flux1:, 1.3965185272505796, 3431.263084623475, 28.44099595190826
flux1:, 1.3975008841211836, 3506.376306976142, 26.860412176435347
flux1:, 1.3984832409917876, 3583.7127263302623, 24.92721611352045
flux1:, 1.3994655978623916, 3660.3242492306977, 22.26502186852947
flux1:, 1.4004479547329955, 3735.02565182893, 20.06441245609518
flux1:, 1.4014303116035993, 3811.5051637365123, 18.042379691393386
flux1:, 1.4024126684742033, 3888.49674833775, 15.202925463330029
flux1:, 1.4033950253448073, 3962.486510013351, 12.410833269497626
flux1:, 1.4043773822154113, 4036.734046405028, 10.18561498769999
flux1:, 1.4053597390860153, 4112.864305854964, 7.396314802567458
flux1:, 1.406342095956619, 4186.383169107103, 4.190894781000214
flux1:, 1.407324452827223, 4258.186373229998, 1.6371782754538795
flux1:, 1.408306809697827, 4332.353664133803, -0.992895513744868
flux1:, 1.409289166568431, 4405.5644866132, -4.32653121107903
flux1:, 1.410271523439035, 4475.625303146167, -7.25080881100947
flux1:, 1.4112538803096388, 4547.242760547677, -9.739756688612376
flux1:, 1.4122362371802428, 4619.947030906224, -12.893736005340587
flux1:, 1.4132185940508468, 4689.340650682026, -16.080989781599314
flux1:, 1.4142009509214508, 4758.549491025819, -18.518853632818075
flux1:, 1.4151833077920548, 4830.2458099644045, -21.250585560501765
flux1:, 1.4161656646626586, 4899.825419092701, -24.43272114482836
flux1:, 1.4171480215332626, 4967.381417031077, -26.881002072926275
flux1:, 1.4181303784038666, 5037.5080539716155, -29.062799210268548
flux1:, 1.4191127352744706, 5107.47147676026, -31.85957847072832
flux1:, 1.4200950921450746, 5174.3128371342555, -34.24395144222342
flux1:, 1.4210774490156786, 5242.444991488433, -35.845114549865315
flux1:, 1.4220598058862823, 5312.157539529615, -37.84814918294531
flux1:, 1.4230421627568863, 5378.7938744993, -39.88679277449942
flux1:, 1.4240245196274903, 5444.602924336631, -40.88542414620602
flux1:, 1.4250068764980943, 5512.622028742403, -41.73529151733865
flux1:, 1.4259892333686983, 5578.527654159899, -42.931586337554805
flux1:, 1.4269715902393023, 5641.422500662677, -43.183553422499436
flux1:, 1.427953947109906, 5705.566494149855, -42.59605477887678
flux1:, 1.42893630398051, 5768.718625150599, -42.29830961052433
flux1:, 1.429918660851114, 5827.22420372416, -41.41398150755454
flux1:, 1.430901017721718, 5884.516230371111, -39.13130657303253
flux1:, 1.431883374592322, 5941.1356073231955, -36.63478713948004
flux1:, 1.4328657314629258, 5992.177247940132, -33.92245196396116
flux1:, 1.4338480883335298, 6038.587777277326, -29.603463992530635
flux1:, 1.4348304452041338, 6083.085458733709, -24.255308027248446
flux1:, 1.4358128020747378, 6121.4312766752455, -18.781035867367113
flux1:, 1.4367951589453418, 6151.52605204921, -11.89341440402384
flux1:, 1.4377775158159456, 6176.702088151302, -3.1715663632876248
flux1:, 1.4387598726865496, 6194.896362211048, 6.038116589238711
flux1:, 1.4397422295571536, 6201.743021593544, 16.217920303082444
flux1:, 1.4407245864277576, 6199.447990710014, 28.640304271952132
flux1:, 1.4417069432983616, 6188.6700456623175, 42.25900552782334
flux1:, 1.4426893001689653, 6164.601320827262, 56.42073317812411
flux1:, 1.4436716570395693, 6127.286567269894, 72.56007733008524
flux1:, 1.4446540139101733, 6079.612608148, 90.53423864269541
flux1:, 1.4456363707807773, 6018.497460908547, 108.82987063837226
flux1:, 1.4466187276513813, 5942.069503268368, 128.14552264498604
flux1:, 1.447601084521985, 5854.286628310689, 149.2964766947977
flux1:, 1.448583441392589, 5755.40992231716, 170.68976413606825
flux1:, 1.449565798263193, 5643.074559708657, 191.732440769844
flux1:, 1.450548155133797, 5521.029147970689, 213.60976641959633
flux1:, 1.451530512004401, 5393.12599344781, 235.49426334712933
flux1:, 1.4525128688750049, 5258.231352529652, 255.72446946936515
flux1:, 1.4534952257456089, 5118.8462724956025, 274.9995588493159
flux1:, 1.4544775826162128, 4980.938614940054, 293.63836154321905
flux1:, 1.4554599394868168, 4845.458051305474, 309.85505603600046
flux1:, 1.4564422963574208, 4713.024193202635, 323.36058882282134
flux1:, 1.4574246532280246, 4589.094458731283, 335.2933603886725
flux1:, 1.4584070100986286, 4476.175334009853, 344.78714524600736
flux1:, 1.4593893669692326, 4372.991073541533, 350.77733985913596
flux1:, 1.4603717238398366, 4282.1752592508, 354.4354418329983
flux1:, 1.4613540807104406, 4206.49800259984, 356.2263242983501
flux1:, 1.4623364375810444, 4143.582197523633, 355.03033054921184
flux1:, 1.4633187944516486, 4092.5512863869853, 351.3680896557759
flux1:, 1.4643011513222524, 4055.350792517164, 346.5976654262536
flux1:, 1.4652835081928564, 4029.7936796785016, 340.2232448341279
flux1:, 1.4662658650634603, 4012.518824054179, 331.9634009789855
flux1:, 1.4672482219340643, 4004.155324872975, 323.2087246259513
flux1:, 1.4682305788046683, 4003.729126829889, 314.30830901592685
flux1:, 1.4692129356752721, 4007.1868325350406, 304.54841370769054
flux1:, 1.470195292545876, 4013.798966675006, 294.6783537835611
flux1:, 1.47117764941648, 4023.995901585579, 285.62183864448673
flux1:, 1.472160006287084, 4034.6016697859773, 276.7718585314566
flux1:, 1.473142363157688, 4043.7700587792388, 268.06584565265257
flux1:, 1.4741247200282919, 4052.72612851917, 260.49546536990096
flux1:, 1.4751070768988959, 4060.0163051662216, 253.91203033893999
flux1:, 1.4760894337694999, 4063.1770023258764, 247.70640726029825
flux1:, 1.4770717906401039, 4063.272831864344, 242.49954809743417
flux1:, 1.4780541475107078, 4060.6101047560396, 238.6236550925805
flux1:, 1.4790365043813116, 4052.811429503558, 235.36180415720028
flux1:, 1.4800188612519156, 4040.016953030499, 232.77527642766887
flux1:, 1.4810012181225196, 4023.6821840199614, 231.4424534421633
flux1:, 1.4819835749931236, 4002.2216543922123, 230.90013742577415
flux1:, 1.4829659318637276, 3974.6415970650714, 230.73104785997668
flux1:, 1.4839482887343314, 3942.610732801107, 231.43913553172894
flux1:, 1.4849306456049354, 3905.7589658849274, 232.96324099363852
flux1:, 1.4859130024755394, 3862.367623469285, 234.66504164412686
flux1:, 1.4868953593461434, 3813.4757776058755, 236.73171148317374
flux1:, 1.4878777162167474, 3759.8810152100555, 239.42930226728313
flux1:, 1.4888600730873511, 3699.9313191397687, 242.19377694743292
flux1:, 1.4898424299579551, 3633.6552981203886, 244.82852322784962
flux1:, 1.4908247868285591, 3562.5447933699033, 247.71191278918263
flux1:, 1.4918071436991631, 3485.78056701326, 250.56244720941126
flux1:, 1.4927895005697671, 3402.599215405899, 252.91723682621588
flux1:, 1.4937718574403709, 3314.551802533418, 255.03873346930519
flux1:, 1.4947542143109749, 3222.021167988813, 256.9792176065477
flux1:, 1.4957365711815789, 3124.082721176155, 258.23971142272524
flux1:, 1.4967189280521829, 3021.8624418657737, 258.83873713201166
flux1:, 1.4977012849227869, 2916.770168769237, 259.06142335706807
flux1:, 1.4986836417933906, 2808.3560709633443, 258.59658038353933
flux1:, 1.4996659986639946, 2697.152387221298, 257.24016115514644
flux1:, 1.5006483555345986, 2585.01532194874, 255.3277910314553
flux1:, 1.5016307124052026, 2472.252211667433, 252.8454120028381
flux1:, 1.5026130692758066, 2358.9052114630654, 249.5020627719713
flux1:, 1.5035954261464104, 2246.6139807033846, 245.5187228552328
flux1:, 1.5045777830170146, 2136.2947692669663, 241.1337652234025
flux1:, 1.5055601398876184, 2027.7241423352311, 236.12913416528465
flux1:, 1.5065424967582224, 1921.8815815243643, 230.53860049788545
flux1:, 1.5075248536288264, 1819.9091199616532, 224.7014000245468
flux1:, 1.5085072104994304, 1721.5357323843182, 218.57035736504417
flux1:, 1.5094895673700344, 1626.9720035718892, 212.0279980426716
flux1:, 1.5104719242406381, 1537.220225339251, 205.35108394179912
flux1:, 1.5114542811112421, 1452.1187932021187, 198.66345732957177
flux1:, 1.5124366379818461, 1371.2631462391712, 191.798363995983
flux1:, 1.5134189948524501, 1295.2931357662424, 184.87471059459784
flux1:, 1.5144013517230541, 1224.2424658265609, 178.11015368004223
flux1:, 1.515383708593658, 1157.3685748913942, 171.39031384613745
flux1:, 1.516366065464262, 1094.8610719265664, 164.6743842059971
flux1:, 1.5173484223348659, 1036.9575921351677, 158.1711511229564
flux1:, 1.5183307792054699, 982.8731016758769, 151.87051146588814
flux1:, 1.5193131360760739, 932.3512612890181, 145.63838621042598
flux1:, 1.5202954929466777, 885.7542292050824, 139.59688558718702
flux1:, 1.5212778498172816, 842.5064389741655, 133.83006926031535
flux1:, 1.5222602066878856, 801.9910387812996, 128.19740523121868
flux1:, 1.5232425635584896, 764.5363854315502, 122.70836150785263
flux1:, 1.5242249204290936, 729.9325291244816, 117.4889769279835
flux1:, 1.5252072772996974, 697.3773975674125, 112.45722411843609
flux1:, 1.5261896341703014, 666.9828605293608, 107.53441723876095
flux1:, 1.5271719910409054, 638.9167686722567, 102.82790258727312
flux1:, 1.5281543479115094, 612.4355642090015, 98.33640029919316
flux1:, 1.5291367047821134, 587.3183133921426, 93.94641488702125
flux1:, 1.5301190616527172, 563.9675714166009, 89.70607712839536
flux1:, 1.5311014185233212, 541.9336420961247, 85.67674056013671
flux1:, 1.5320837753939252, 520.6901165968771, 81.76426571361871
flux1:, 1.5330661322645291, 500.63270734003424, 77.95010699858675
flux1:, 1.5340484891351331, 481.7294377148471, 74.31779685948473
flux1:, 1.535030846005737, 463.3266570359907, 70.82567255474572
flux1:, 1.536013202876341, 445.58647730260344, 67.40984091212323
flux1:, 1.536995559746945, 428.8420671609386, 64.13560881920701
flux1:, 1.537977916617549, 412.56186523983075, 61.01760231164037
flux1:, 1.538960273488153, 396.5742156287621, 57.98132057863505
flux1:, 1.5399426303587567, 381.3710989222921, 55.05015417025202
flux1:, 1.5409249872293607, 366.7388124882002, 52.27509707686852
flux1:, 1.5419073440999647, 352.24348551217145, 49.60193881941879
flux1:, 1.5428897009705687, 338.27945057864133, 47.01083930440878
flux1:, 1.5438720578411727, 324.9975226191024, 44.559385246320595
flux1:, 1.5448544147117764, 311.89840913936325, 42.22931354292406
flux1:, 1.5458367715823806, 299.0969757933703, 39.97374843249116
flux1:, 1.5468191284529844, 286.992777402077, 37.83155440627178
flux1:, 1.5478014853235884, 275.2365504095502, 35.81844635215997
flux1:, 1.5487838421941924, 263.63300613611517, 33.883572761065004
flux1:, 1.5497661990647964, 252.6204281850658, 32.034969759615514
flux1:, 1.5507485559354004, 242.12932680116776, 30.307813773443414
flux1:, 1.5517309128060042, 231.7693815028724, 28.66663481301697
flux1:, 1.5527132696766082, 221.81790693614434, 27.091047711693317
flux1:, 1.5536956265472122, 212.4786373146129, 25.6170832063296
flux1:, 1.5546779834178162, 203.35516759701184, 24.233900638514115
flux1:, 1.5556603402884202, 194.46022450950642, 22.905196612345843
flux1:, 1.556642697159024, 186.14659285152177, 21.652925734717513
flux1:, 1.557625054029628, 178.18032284104487, 20.488955327214455
flux1:, 1.558607410900232, 170.33363123411007, 19.37680203347581
flux1:, 1.559589767770836, 162.93502231556235, 18.31766099635572
flux1:, 1.56057212464144, 155.98990918645924, 17.336180514452586
flux1:, 1.5615544815120437, 149.15428943959307, 16.40837577602275
flux1:, 1.5625368383826477, 142.59073633709656, 15.516943231214558
flux1:, 1.5635191952532517, 136.5077838648509, 14.686594301706073
flux1:, 1.5645015521238557, 130.60347784317878, 13.911610946788338
flux1:, 1.5654839089944597, 124.82147961359095, 13.164917747061562
flux1:, 1.5664662658650634, 119.45399646551309, 12.460876496059221
flux1:, 1.5674486227356674, 114.36130706123717, 11.810135582897935
flux1:, 1.5684309796062714, 109.31591120868886, 11.186823328731462
flux1:, 1.5694133364768754, 104.55296488810302, 10.590219110862789
flux1:, 1.5703956933474794, 100.13018649920572, 10.039745246744586
flux1:, 1.5713780502180832, 95.76473910112176, 9.519647289102396
flux1:, 1.5723604070886872, 91.53638156779407, 9.015926300054822
flux1:, 1.5733427639592912, 87.64576787152741, 8.54713459966794
flux1:, 1.5743251208298952, 83.88030664989512, 8.111502680000722
flux1:, 1.5753074777004992, 80.1461598902618, 7.68849879254887
flux1:, 1.576289834571103, 76.67744506774332, 7.287995373247468
flux1:, 1.577272191441707, 73.41130492232308, 6.920244489427729
flux1:, 1.578254548312311, 70.14055076239578, 6.566647099287157
flux1:, 1.579236905182915, 67.02303688312037, 6.2251518720557595
flux1:, 1.580219262053519, 64.1498687446475, 5.911714325730255
flux1:, 1.5812016189241227, 61.30313470143409, 5.616344832977525
flux1:, 1.5821839757947267, 58.50281764894036, 5.327085247008565
flux1:, 1.5831663326653307, 55.93043496802572, 5.057913027767311
flux1:, 1.5841486895359347, 53.45174560403373, 4.809886064798712
flux1:, 1.5851310464065387, 50.95662181102982, 4.566977440476999
flux1:, 1.5861134032771425, 48.622368125199706, 4.3353699687223335
flux1:, 1.5870957601477467, 46.44365741396636, 4.124858877950766
flux1:, 1.5880781170183504, 44.24506621865506, 3.9221759335125173
flux1:, 1.5890604738889544, 42.12013697535401, 3.723910852792417
flux1:, 1.5900428307595584, 40.17463592428635, 3.543022628858569
flux1:, 1.5910251876301624, 38.25323942631346, 3.373861673259509
flux1:, 1.5920075445007664, 36.334909380517566, 3.2059185890958504
flux1:, 1.5929899013713702, 34.57188957979879, 3.0491836832375263
flux1:, 1.5939722582419742, 32.89368567301441, 2.9066880925341487
flux1:, 1.5949546151125782, 31.189897868149963, 2.766038994662927
flux1:, 1.5959369719831822, 29.58330558077032, 2.630236756775832
flux1:, 1.5969193288537862, 28.10574368013195, 2.508247784388494
flux1:, 1.59790168572439, 26.61946895694378, 2.3911527395991183
flux1:, 1.598884042594994, 25.166558866453364, 2.2745255033084817
flux1:, 1.599866399465598, 23.850053151074718, 2.16837109965645
flux1:, 1.600848756336202, 22.570078009028013, 2.070381405970851
flux1:, 1.601831113206806, 21.281270283995305, 1.9715813624732532
flux1:, 1.6028134700774097, 20.09939368323695, 1.878392605683049
flux1:, 1.6037958269480137, 19.00041137635994, 1.794938265146424
flux1:, 1.6047781838186177, 17.885666558213607, 1.7121637049652778
flux1:, 1.6057605406892217, 16.828789570044254, 1.6305731757612942
flux1:, 1.6067428975598257, 15.878946432089782, 1.5577597113919037
flux1:, 1.6077252544304295, 14.937071529542905, 1.4884221311130403
flux1:, 1.6087076113010335, 14.008131771605626, 1.4178159842214704
flux1:, 1.6096899681716375, 13.178930878349306, 1.3530002568708361
flux1:, 1.6106723250422414, 12.394100145256447, 1.2939874263275017
flux1:, 1.6116546819128454, 11.599329082336782, 1.2336907372018646
flux1:, 1.6126370387834492, 10.872491185666265, 1.1755648877230693
flux1:, 1.6136193956540532, 10.21829003448762, 1.1238768967658626
flux1:, 1.6146017525246572, 9.557929267256958, 1.072651572557181
flux1:, 1.6155841093952612, 8.926252704618715, 1.0208445052098327
flux1:, 1.6165664662658652, 8.373974786447956, 0.9742294685211084
flux1:, 1.617548823136469, 7.83737549034021, 0.9302689026866116
flux1:, 1.618531180007073, 7.300182377059459, 0.8847181689330046
flux1:, 1.619513536877677, 6.82669748361947, 0.841987763093028
flux1:, 1.620495893748281, 6.393435472380729, 0.8033212439842897
flux1:, 1.621478250618885, 5.949831141431399, 0.7637482580270134
flux1:, 1.6224606074894887, 5.5414624086207525, 0.7246610920844316
flux1:, 1.6234429643600927, 5.186967103335695, 0.6896857562963286
flux1:, 1.6244253212306967, 4.830668395084408, 0.6553990944908015
flux1:, 1.6254076781013007, 4.482142125133862, 0.6202333650134177
flux1:, 1.6263900349719047, 4.1844739198371625, 0.588069598456291
flux1:, 1.6273723918425085, 3.902507912147768, 0.5581083976528539
flux1:, 1.6283547487131127, 3.6125694558150645, 0.5271755638451622
flux1:, 1.6293371055837165, 3.3570625095460263, 0.49768369425937187
flux1:, 1.6303194624543205, 3.132320956220358, 0.4711309272232807
flux1:, 1.6313018193249245, 2.8988446842090325, 0.4444564741900676
flux1:, 1.6322841761955285, 2.6789365848020643, 0.41795783178358836
flux1:, 1.6332665330661325, 2.4946973279900755, 0.3942023220886834
flux1:, 1.6342488899367362, 2.311757278483247, 0.3714632688817772
flux1:, 1.6352312468073402, 2.126406432334903, 0.34835219528690164
flux1:, 1.6362136036779442, 1.970311378562296, 0.32716126180158434
flux1:, 1.6371959605485482, 1.828221911204411, 0.30782015666349377
flux1:, 1.6381783174191522, 1.6778190958205679, 0.2882661478996429
flux1:, 1.639160674289756, 1.5434966207287895, 0.26967095980805655
flux1:, 1.64014303116036, 1.431169586317291, 0.25316967151014313
flux1:, 1.641125388030964, 1.314176592383331, 0.23701264330609995
flux1:, 1.642107744901568, 1.2001602482364564, 0.22110920927989475
flux1:, 1.643090101772172, 1.108092301517138, 0.20700442599314875
flux1:, 1.6440724586427757, 1.0198204283209786, 0.1938231378517121
flux1:, 1.6450548155133797, 0.9268015458616187, 0.18060589792021858
flux1:, 1.6460371723839837, 0.849019157276454, 0.16860215522422625
flux1:, 1.6470195292545877, 0.7825926364355453, 0.15786300624925542
flux1:, 1.6480018861251917, 0.7106552679107986, 0.14715508826829793
flux1:, 1.6489842429957955, 0.6448266972046355, 0.13706065986792373
flux1:, 1.6499665998663995, 0.5932700222150419, 0.12825394025892253
flux1:, 1.6509489567370035, 0.5404037668261349, 0.11973041372326719
flux1:, 1.6519313136076075, 0.48644631860816245, 0.11138941555644609
flux1:, 1.6529136704782115, 0.4445289621956041, 0.10410508346122387
flux1:, 1.6538960273488152, 0.4067727652416455, 0.09736559301567978
flux1:, 1.6548783842194192, 0.36498073923576957, 0.09060798094978569
flux1:, 1.6558607410900232, 0.3299357134861336, 0.08455067925461754
flux1:, 1.6568430979606272, 0.30260771642120954, 0.07919521964017566
flux1:, 1.6578254548312312, 0.2723145319965914, 0.07381861540301693
flux1:, 1.658807811701835, 0.24336453967100372, 0.06878631232110001
flux1:, 1.659790168572439, 0.22244887703932617, 0.06446776049818563
flux1:, 1.660772525443043, 0.2016980833327096, 0.06024406881867715
flux1:, 1.661754882313647, 0.1789460499858972, 0.056095416733492574
flux1:, 1.662737239184251, 0.1619038884150695, 0.05254390688920864
flux1:, 1.6637195960548548, 0.14796934323329822, 0.04923724072660182
flux1:, 1.6647019529254587, 0.13136282299076327, 0.04586213133721864
flux1:, 1.6656843097960627, 0.11714262522371137, 0.04288811324465361
flux1:, 1.6666666666666667, 0.10737148532081914, 0.04027440141891772
