flux1:, 1.1764705882352942, 0.00040810028723148106, 7.4141632268424525e-06
flux1:, 1.1774529451058982, 0.0005134690502414149, 5.28770896638377e-06
flux1:, 1.1784353019765021, 0.0009516297911148988, 1.2544931373585781e-05
flux1:, 1.179417658847106, 0.0005800274919374403, 1.132092959104925e-05
flux1:, 1.18040001571771, 0.0003764859440924405, 6.2347249960273476e-06
flux1:, 1.181382372588314, 0.0009532018972498811, 1.3048083479098642e-05
flux1:, 1.182364729458918, 0.0008343959720889608, 1.5617495941475658e-05
flux1:, 1.183347086329522, 0.00031613510384699214, 8.579943408961967e-06
flux1:, 1.1843294432001257, 0.0008295253537606375, 1.329814027545364e-05
flux1:, 1.1853118000707297, 0.001107739898277435, 2.0042725447301022e-05
flux1:, 1.1862941569413337, 0.0004029648090577202, 1.2518182179260563e-05
flux1:, 1.1872765138119377, 0.0006083288497506953, 1.3580479049880194e-05
flux1:, 1.1882588706825417, 0.0013087312844452066, 2.4399263880794153e-05
flux1:, 1.1892412275531457, 0.000676626106811806, 1.8329115967099717e-05
flux1:, 1.1902235844237494, 0.00037330456464701353, 1.4146237839144924e-05
flux1:, 1.1912059412943534, 0.0013438868698438992, 2.834417678710189e-05
flux1:, 1.1921882981649574, 0.001117739052985385, 2.657231039132121e-05
flux1:, 1.1931706550355614, 0.00025667271869976355, 1.5501533235864236e-05
flux1:, 1.1941530119061654, 0.0011572364512589326, 3.1022200350936954e-05
flux1:, 1.1951353687767692, 0.0016282273038325209, 3.808861606729343e-05
flux1:, 1.1961177256473732, 0.00040836547811717194, 1.9364112038046795e-05
flux1:, 1.1971000825179772, 0.000778860260453834, 3.0883563491075404e-05
flux1:, 1.1980824393885812, 0.0020344901726715918, 5.3264513605159566e-05
flux1:, 1.1990647962591852, 0.0009361509999193284, 3.07100739909552e-05
flux1:, 1.200047153129789, 0.00036694991972647807, 2.7287077964559974e-05
flux1:, 1.201029510000393, 0.0021355561418394176, 6.961821704235295e-05
flux1:, 1.202011866870997, 0.001824999317264102, 5.9512007648181576e-05
flux1:, 1.202994223741601, 0.00020797480438749553, 2.794667055999034e-05
flux1:, 1.203976580612205, 0.0018108787252261894, 7.937498984783941e-05
flux1:, 1.2049589374828087, 0.0028906837997324615, 0.00011244893164392954
flux1:, 1.2059412943534127, 0.000650058152748623, 5.862128604490516e-05
flux1:, 1.2069236512240167, 0.0011329855713698692, 8.040300451457821e-05
flux1:, 1.2079060080946207, 0.0037977312770340003, 0.00017000579388567425
flux1:, 1.2088883649652247, 0.0020301332030976307, 0.00013992137912127064
flux1:, 1.2098707218358287, 0.00047821545116289566, 9.853571856466651e-05
flux1:, 1.2108530787064324, 0.003995701220654425, 0.00020297091712640945
flux1:, 1.2118354355770364, 0.004379068400175914, 0.0002492272019823598
flux1:, 1.2128177924476404, 0.0007602157542092506, 0.00016857001439072683
flux1:, 1.2138001493182444, 0.0029984294998459597, 0.00022118769312162641
flux1:, 1.2147825061888484, 0.0066503910115528, 0.0003471837350367793
flux1:, 1.2157648630594522, 0.0029716536758634805, 0.00029688069415793953
flux1:, 1.2167472199300562, 0.0014755033155341131, 0.00026343237500234
flux1:, 1.2177295768006602, 0.006874277096926959, 0.0004102484795935992
flux1:, 1.2187119336712642, 0.006412085473152992, 0.000448361897526569
flux1:, 1.2196942905418682, 0.0013669185845076425, 0.0003575873727072471
flux1:, 1.220676647412472, 0.004588778926069844, 0.0004457759091983137
flux1:, 1.221659004283076, 0.008438289916081566, 0.0005697287661472659
flux1:, 1.22264136115368, 0.003440401685963586, 0.0004927382364159669
flux1:, 1.223623718024284, 0.0020366292160227477, 0.00048789316992227887
flux1:, 1.224606074894888, 0.007627256678479376, 0.0006437712724615014
flux1:, 1.2255884317654917, 0.006145551853719724, 0.0006376615410633175
flux1:, 1.2265707886360957, 0.0013375035259715654, 0.0005645663778931324
flux1:, 1.2275531455066997, 0.005119262156895597, 0.0006941731134555019
flux1:, 1.2285355023773037, 0.007704528660796144, 0.000774120127712986
flux1:, 1.2295178592479077, 0.0026212025951218676, 0.0006833818449497798
flux1:, 1.2305002161185117, 0.0027758927069798274, 0.0007513784853338747
flux1:, 1.2314825729891155, 0.007550875181533038, 0.0009009805131466526
flux1:, 1.2324649298597194, 0.004823445321388382, 0.0008422497737381459
flux1:, 1.2334472867303234, 0.0017768733240515694, 0.0008373551706899399
flux1:, 1.2344296436009274, 0.0061525588758510365, 0.0010262230156587787
flux1:, 1.2354120004715314, 0.006769381627225015, 0.0010437112962432837
flux1:, 1.2363943573421352, 0.0023924761037603733, 0.0009742046202813482
flux1:, 1.2373767142127392, 0.004446582743910597, 0.0011695281030870029
flux1:, 1.2383590710833432, 0.007702704421281651, 0.0013265427762168263
flux1:, 1.2393414279539472, 0.004174717200565349, 0.001250930614568826
flux1:, 1.2403237848245512, 0.003391283654007958, 0.0014433052651273107
flux1:, 1.241306141695155, 0.007508630925353784, 0.0019256093996243171
flux1:, 1.242288498565759, 0.006201359822487504, 0.002162088309392519
flux1:, 1.243270855436363, 0.0035118170985050517, 0.002283079886096443
flux1:, 1.244253212306967, 0.0070184113689568586, 0.002613151810645808
flux1:, 1.245235569177571, 0.008240765320623402, 0.0027734853905315104
flux1:, 1.2462179260481747, 0.004758065743480555, 0.0026161496516664776
flux1:, 1.2472002829187787, 0.006312171748043809, 0.0026183296351951144
flux1:, 1.2481826397893827, 0.009631289676695808, 0.002793707574211416
flux1:, 1.2491649966599867, 0.007084607303322165, 0.002810982354196295
flux1:, 1.2501473535305907, 0.006196403675747928, 0.0028445627533256485
flux1:, 1.2511297104011945, 0.01009153938932432, 0.003046419303890534
flux1:, 1.2521120672717985, 0.009773733577028869, 0.0031677997833639174
flux1:, 1.2530944241424025, 0.007304725336860934, 0.003241475167218587
flux1:, 1.2540767810130065, 0.010136246828184113, 0.003459884134495193
flux1:, 1.2550591378836105, 0.012159343555336155, 0.0036538663830899686
flux1:, 1.2560414947542144, 0.00967897714547097, 0.0037664073370553756
flux1:, 1.2570238516248182, 0.010517814322363195, 0.003998321458074896
flux1:, 1.2580062084954222, 0.013908014724777727, 0.0042566331956997725
flux1:, 1.2589885653660262, 0.012906971064546456, 0.0044151909830192505
flux1:, 1.2599709222366302, 0.011941359650878796, 0.0046596840507602795
flux1:, 1.2609532791072342, 0.015179904472770008, 0.004978697950432301
flux1:, 1.261935635977838, 0.016349408711903216, 0.005195893260005158
flux1:, 1.262917992848442, 0.014767258265786917, 0.005455448255392455
flux1:, 1.263900349719046, 0.01659016845261766, 0.005830916216890756
flux1:, 1.26488270658965, 0.019481710958549323, 0.006121628125934955
flux1:, 1.265865063460254, 0.018852509753325766, 0.006403475960609353
flux1:, 1.266847420330858, 0.01895334842308095, 0.006829648847047581
flux1:, 1.2678297772014617, 0.022213704241477995, 0.007208684336850712
flux1:, 1.2688121340720657, 0.023632632311087597, 0.007525584873901822
flux1:, 1.2697944909426697, 0.022906411107997078, 0.007995559543616275
flux1:, 1.2707768478132737, 0.02502820660745235, 0.008475848663284881
flux1:, 1.2717592046838777, 0.02843893728732978, 0.008846890268157463
flux1:, 1.2727415615544815, 0.028582073758106508, 0.009353438785415783
flux1:, 1.2737239184250855, 0.028840781844201992, 0.009943758411394865
flux1:, 1.2747062752956895, 0.03292815440114674, 0.010395260498482698
flux1:, 1.2756886321662935, 0.035511278102196335, 0.010932896894552468
flux1:, 1.2766709890368975, 0.034604877119158065, 0.0116345697100537
flux1:, 1.2776533459075012, 0.037419332028228135, 0.012200036393615934
flux1:, 1.2786357027781052, 0.04285164481083667, 0.012769456213900094
flux1:, 1.2796180596487092, 0.042822834015400026, 0.013572736193609361
flux1:, 1.2806004165193132, 0.042938069340116944, 0.014289801709921243
flux1:, 1.2815827733899172, 0.04989011540302656, 0.014904862433824224
flux1:, 1.282565130260521, 0.05320814653465473, 0.01578748093363939
flux1:, 1.283547487131125, 0.050876182412216524, 0.016690040034456864
flux1:, 1.284529844001729, 0.056611112281197445, 0.017385241112219812
flux1:, 1.285512200872333, 0.06472323981004033, 0.018316610725786005
flux1:, 1.286494557742937, 0.06235668952246914, 0.019422418637435757
flux1:, 1.2874769146135407, 0.06403388860638498, 0.02025640187129581
flux1:, 1.2884592714841447, 0.0760739488996275, 0.021209956145170333
flux1:, 1.2894416283547487, 0.07757554990154615, 0.0225074526209803
flux1:, 1.2904239852253527, 0.07406716500889703, 0.02355706515409324
flux1:, 1.2914063420959567, 0.08651843870829576, 0.02452972935682567
flux1:, 1.2923886989665605, 0.09547939978408737, 0.0259712231612685
flux1:, 1.2933710558371645, 0.08881778448450273, 0.02731271690787874
flux1:, 1.2943534127077685, 0.09663801655659236, 0.028345281186509832
flux1:, 1.2953357695783725, 0.11406206518640842, 0.02985450599555195
flux1:, 1.2963181264489765, 0.10956537551743228, 0.03153391816037398
flux1:, 1.2973004833195805, 0.10863210535787862, 0.032721582073505805
flux1:, 1.2982828401901843, 0.1313150328646433, 0.03422017680529536
flux1:, 1.2992651970607882, 0.13585936922608682, 0.03622238399545262
flux1:, 1.3002475539313922, 0.12581975726321323, 0.03770403112273822
flux1:, 1.3012299108019962, 0.14652705643864267, 0.03915340094717914
flux1:, 1.3022122676726002, 0.16527254731714344, 0.041385299380404396
flux1:, 1.303194624543204, 0.15135307917926638, 0.04330544186775401
flux1:, 1.304176981413808, 0.1613439883711461, 0.04475008804364795
flux1:, 1.305159338284412, 0.19416789819971197, 0.04705386271870868
flux1:, 1.306141695155016, 0.18656885122254338, 0.04950287502598592
flux1:, 1.30712405202562, 0.17993451406122674, 0.051093388677730694
flux1:, 1.308106408896224, 0.21941566862394887, 0.053297628876153066
flux1:, 1.3090887657668278, 0.22973610103242645, 0.05624997924198657
flux1:, 1.3100711226374318, 0.2078610974510015, 0.058223984077095774
flux1:, 1.3110534795080357, 0.24047612299304258, 0.06022435783987201
flux1:, 1.3120358363786397, 0.27600318374393706, 0.06350492126519966
flux1:, 1.3130181932492437, 0.24979912352603284, 0.06611587516806686
flux1:, 1.3140005501198475, 0.2608764101696345, 0.06795788308704374
flux1:, 1.3149829069904515, 0.3189951295604274, 0.07126561021185934
flux1:, 1.3159652638610555, 0.3068930131974276, 0.07467156002356942
flux1:, 1.3169476207316595, 0.28809305908305144, 0.07659458328195025
flux1:, 1.3179299776022635, 0.35381383317866333, 0.07959643535690691
flux1:, 1.3189123344728673, 0.37499439072297375, 0.08374623466770471
flux1:, 1.3198946913434713, 0.33133252449043804, 0.08614995441596532
flux1:, 1.3208770482140753, 0.38039257072299887, 0.08862839683327084
flux1:, 1.3218594050846793, 0.4450048952965317, 0.0932003647365544
flux1:, 1.3228417619552832, 0.3975966008545333, 0.09651692030951799
flux1:, 1.323824118825887, 0.40561933988693494, 0.09852022076041327
flux1:, 1.324806475696491, 0.5059063563549404, 0.10296483594307058
flux1:, 1.325788832567095, 0.48741443310183935, 0.1074599587772085
flux1:, 1.326771189437699, 0.442718235343282, 0.1093825423646572
flux1:, 1.327753546308303, 0.549927022103363, 0.1130909550267352
flux1:, 1.3287359031789068, 0.5922633401432462, 0.1186616468422214
flux1:, 1.3297182600495108, 0.5072171926137533, 0.12118633346255989
flux1:, 1.3307006169201148, 0.5780645867252884, 0.12375396174410745
flux1:, 1.3316829737907188, 0.6955706674521065, 0.1298192128732498
flux1:, 1.3326653306613228, 0.6102610378119286, 0.1336927329265865
flux1:, 1.3336476875319265, 0.6034257094132779, 0.13518936053953995
flux1:, 1.3346300444025305, 0.7781264605686429, 0.14076438077811676
flux1:, 1.3356124012731345, 0.7515482569418555, 0.14644577211330748
flux1:, 1.3365947581437385, 0.650040901067172, 0.14756553473782674
flux1:, 1.3375771150143425, 0.8269807976623912, 0.15155935058741005
flux1:, 1.3385594718849465, 0.9151021005063446, 0.15885628116602635
flux1:, 1.3395418287555503, 0.7461443055161613, 0.1608274118900463
flux1:, 1.3405241856261543, 0.8450817907585162, 0.16251637899640609
flux1:, 1.3415065424967583, 1.0708678735072077, 0.17037514505884216
flux1:, 1.3424888993673623, 0.9130562870301872, 0.1745719293093601
flux1:, 1.3434712562379663, 0.8578526410855136, 0.17410477101511243
flux1:, 1.34445361310857, 1.1836177373050945, 0.18071592588871827
flux1:, 1.345435969979174, 1.1530131365476226, 0.18802389558910737
flux1:, 1.346418326849778, 0.9132847512823129, 0.18674605435500638
flux1:, 1.347400683720382, 1.2283240419031178, 0.19005637351041477
flux1:, 1.348383040590986, 1.4406164678237972, 0.20016396737698375
flux1:, 1.34936539746159, 1.0741434933146992, 0.2005455992938005
flux1:, 1.3503477543321938, 1.2091582143087565, 0.19914188300035426
flux1:, 1.3513301112027978, 1.72235344792053, 0.2100207558571196
flux1:, 1.3523124680734018, 1.4041573453719431, 0.21504775755302558
flux1:, 1.3532948249440058, 1.1793340304080073, 0.20924556269885175
flux1:, 1.3542771818146098, 1.9269728760864364, 0.21709817600146764
flux1:, 1.3552595386852135, 1.9539427216844536, 0.2291158318830335
flux1:, 1.3562418955558175, 1.264308024948836, 0.22202349645992606
flux1:, 1.3572242524264215, 1.9880477764152507, 0.22191292148301528
flux1:, 1.3582066092970255, 2.757335522464585, 0.24101760133237485
flux1:, 1.3591889661676295, 1.7117922120472941, 0.23949366285149631
flux1:, 1.3601713230382333, 1.8854301554661217, 0.22681016749723087
flux1:, 1.3611536799088373, 3.862243724638308, 0.24878412103728226
flux1:, 1.3621360367794413, 3.087324732174611, 0.2651268231279159
flux1:, 1.3631183936500453, 1.764574366269699, 0.23846563687051417
flux1:, 1.3641007505206493, 5.5031582148007585, 0.251366916808914
flux1:, 1.365083107391253, 7.443783826187161, 0.31404040104775877
flux1:, 1.366065464261857, 2.785392326074545, 0.2868515839900562
flux1:, 1.367047821132461, 9.6108915331507, 0.2651455673825545
flux1:, 1.368030178003065, 37.114954505699004, 0.7105520845587402
flux1:, 1.369012534873669, 52.65378273249643, 1.8174639746711265
flux1:, 1.3699948917442728, 29.614983499908096, 2.9866252937714237
flux1:, 1.3709772486148768, 1.9047069627465036, 3.313668700727068
flux1:, 1.3719596054854808, 14.156641863968023, 2.5512167176184737
flux1:, 1.3729419623560848, 46.8310469319925, 1.348303825914845
flux1:, 1.3739243192266888, 49.946630230166136, 0.5127372183150486
flux1:, 1.3749066760972926, 22.747378180381045, 0.2371790788907232
flux1:, 1.3758890329678966, 3.272869003693241, 0.1922220931005917
flux1:, 1.3768713898385005, 3.8002356581512635, 0.14819572553927102
flux1:, 1.3778537467091045, 6.399446183682685, 0.14486905461765584
flux1:, 1.3788361035797085, 3.2139021367860963, 0.18404491789798919
flux1:, 1.3798184604503125, 1.7129730280321611, 0.17898402319048218
flux1:, 1.3808008173209163, 3.23578113488427, 0.15220445632725474
flux1:, 1.3817831741915203, 2.9969396980976897, 0.16804077579272153
flux1:, 1.3827655310621243, 1.7074851904659816, 0.18189161851194593
flux1:, 1.3837478879327283, 2.1076484476748654, 0.15884464979586105
flux1:, 1.3847302448033323, 2.646866110169827, 0.15340195110693156
flux1:, 1.3857126016739363, 1.9694518536645285, 0.17028526686687806
flux1:, 1.38669495854454, 1.7332654140088741, 0.15923059168209192
flux1:, 1.387677315415144, 2.2786140654053013, 0.14135991861652353
flux1:, 1.388659672285748, 2.161184050911553, 0.1512365957717858
flux1:, 1.389642029156352, 1.7165697215011773, 0.15175194126122424
flux1:, 1.390624386026956, 1.9831947102452423, 0.13086939102117254
flux1:, 1.3916067428975598, 2.21375234268881, 0.12926291480297547
flux1:, 1.3925890997681638, 1.853525564471779, 0.13624969448806676
flux1:, 1.3935714566387678, 1.8119314370995483, 0.11971895199823297
flux1:, 1.3945538135093718, 2.1490876227478752, 0.1072353526067084
flux1:, 1.3955361703799758, 2.01486244575682, 0.11391762537789749
flux1:, 1.3965185272505796, 1.7732776309437668, 0.10539398310321667
flux1:, 1.3975008841211836, 2.0251350114424453, 0.08637134023989995
flux1:, 1.3984832409917876, 2.1232654645665625, 0.08696847316670653
flux1:, 1.3994655978623916, 1.8390921253503445, 0.08592536326331693
flux1:, 1.4004479547329955, 1.9052944428801073, 0.06628416807895116
flux1:, 1.4014303116035993, 2.1476484413527266, 0.0579624472151479
flux1:, 1.4024126684742033, 1.9584545059997371, 0.060537148649585475
flux1:, 1.4033950253448073, 1.8376061426153116, 0.045387505174299105
flux1:, 1.4043773822154113, 2.096039590754597, 0.02900712443411301
flux1:, 1.4053597390860153, 2.0753134522090253, 0.0298909538633461
flux1:, 1.406342095956619, 1.842842767477909, 0.02164269189012985
flux1:, 1.407324452827223, 2.003086964566623, 0.0011151452108067268
flux1:, 1.408306809697827, 2.1453599149119653, -0.004161652213935371
flux1:, 1.409289166568431, 1.9122414344321836, -0.006551753270928305
flux1:, 1.410271523439035, 1.9135584996005675, -0.026029542533302898
flux1:, 1.4112538803096388, 2.147815698796252, -0.03923820891347975
flux1:, 1.4122362371802428, 2.0142571596956387, -0.039617728879562795
flux1:, 1.4132185940508468, 1.865563219982904, -0.05377647573885908
flux1:, 1.4142009509214508, 2.0892181262422724, -0.07325461307619134
flux1:, 1.4151833077920548, 2.10773929542451, -0.07646560491193106
flux1:, 1.4161656646626586, 1.8778047657948114, -0.0837503364067339
flux1:, 1.4171480215332626, 1.9984689147430734, -0.10509342567494401
flux1:, 1.4181303784038666, 2.1573047059132278, -0.11469988095947711
flux1:, 1.4191127352744706, 1.9443128798886484, -0.11687434679411295
flux1:, 1.4200950921450746, 1.9149221162272891, -0.13480416120237243
flux1:, 1.4210774490156786, 2.1460357404310835, -0.15128253466976682
flux1:, 1.4220598058862823, 2.038057025558886, -0.15252182381964224
flux1:, 1.4230421627568863, 1.873464843190839, -0.16317258594526443
flux1:, 1.4240245196274903, 2.081348082307446, -0.18336671229903043
flux1:, 1.4250068764980943, 2.1221398725428013, -0.18811435981325364
flux1:, 1.4259892333686983, 1.8916921740148929, -0.19072099364367676
flux1:, 1.4269715902393023, 1.9919757480537137, -0.20888632696766402
flux1:, 1.427953947109906, 2.1646889396176086, -0.21931399643322286
flux1:, 1.42893630398051, 1.9638441533673052, -0.21642590487118932
flux1:, 1.429918660851114, 1.9170528810097627, -0.22650369510751348
flux1:, 1.430901017721718, 2.152044957894355, -0.24068835779782907
flux1:, 1.431883374592322, 2.064031867012606, -0.23657401781981854
flux1:, 1.4328657314629258, 1.8913186764223724, -0.23469689865769616
flux1:, 1.4338480883335298, 2.0951596296521884, -0.2464500195311631
flux1:, 1.4348304452041338, 2.1579268805223286, -0.24414372591523267
flux1:, 1.4358128020747378, 1.9323706133320018, -0.2300696226687101
flux1:, 1.4367951589453418, 2.0265082078913412, -0.230704971530496
flux1:, 1.4377775158159456, 2.2186387969327557, -0.2288882915465686
flux1:, 1.4387598726865496, 2.035642759291962, -0.2053065766178867
flux1:, 1.4397422295571536, 1.9887407578441045, -0.18670552877238494
flux1:, 1.4407245864277576, 2.240422371076854, -0.17798123291653425
flux1:, 1.4417069432983616, 2.1800219886640573, -0.1474884304540261
flux1:, 1.4426893001689653, 2.0203414364873313, -0.10498614186454756
flux1:, 1.4436716570395693, 2.244421951338875, -0.07684510087176753
flux1:, 1.4446540139101733, 2.342360592795711, -0.03769342176988463
flux1:, 1.4456363707807773, 2.145748642585872, 0.028949045237213214
flux1:, 1.4466187276513813, 2.2743008504931046, 0.09009396384382339
flux1:, 1.447601084521985, 2.5143086745559806, 0.14698517033166233
flux1:, 1.448583441392589, 2.3756507606583717, 0.23545676893563122
flux1:, 1.449565798263193, 2.3851264322809533, 0.33817133432335533
flux1:, 1.450548155133797, 2.71245034522411, 0.4276378465389517
flux1:, 1.451530512004401, 2.716339114224754, 0.5366490343360771
flux1:, 1.4525128688750049, 2.632738671026706, 0.6786675874274132
flux1:, 1.4534952257456089, 2.9754320908564766, 0.8127919469208211
flux1:, 1.4544775826162128, 3.1770585619308807, 0.9435531094267368
flux1:, 1.4554599394868168, 3.0674329940532905, 1.1093468855925634
flux1:, 1.4564422963574208, 3.3504059820521577, 1.2840628070428313
flux1:, 1.4574246532280246, 3.760621594239303, 1.4355593203187924
flux1:, 1.4584070100986286, 3.7232682212271455, 1.599890433647484
flux1:, 1.4593893669692326, 3.8796965301176414, 1.78650559251261
flux1:, 1.4603717238398366, 4.440447445963156, 1.946342878890174
flux1:, 1.4613540807104406, 4.588576058321664, 2.083847187007189
flux1:, 1.4623364375810444, 4.593408394411953, 2.238393768097143
flux1:, 1.4633187944516486, 5.159742131085798, 2.3798489636982265
flux1:, 1.4643011513222524, 5.572726364619105, 2.4754496708547222
flux1:, 1.4652835081928564, 5.495126924484319, 2.5644253130493544
flux1:, 1.4662658650634603, 5.87782244094085, 2.6576094711903746
flux1:, 1.4672482219340643, 6.523813662273972, 2.7091972906196733
flux1:, 1.4682305788046683, 6.532222199657412, 2.728639896646261
flux1:, 1.4692129356752721, 6.614255596080299, 2.7571891723535216
flux1:, 1.470195292545876, 7.314138960072331, 2.7690302370216497
flux1:, 1.47117764941648, 7.58037821432988, 2.739115274420337
flux1:, 1.472160006287084, 7.420442377521785, 2.707364904215486
flux1:, 1.473142363157688, 7.920153637042654, 2.6833301985638043
flux1:, 1.4741247200282919, 8.478636963320323, 2.62854985799517
flux1:, 1.4751070768988959, 8.297006785510948, 2.5557922184323476
flux1:, 1.4760894337694999, 8.419243912968652, 2.499249904131047
flux1:, 1.4770717906401039, 9.102529440138985, 2.4342108467977708
flux1:, 1.4780541475107078, 9.140596960059343, 2.3432560933703455
flux1:, 1.4790365043813116, 8.90672744260826, 2.260627189714638
flux1:, 1.4800188612519156, 9.423120498981522, 2.1887203805866697
flux1:, 1.4810012181225196, 9.771235314033486, 2.0965470810870572
flux1:, 1.4819835749931236, 9.397206686908357, 1.998710612159424
flux1:, 1.4829659318637276, 9.507023920994552, 1.91862963537662
flux1:, 1.4839482887343314, 10.024111045498678, 1.8329046040386123
flux1:, 1.4849306456049354, 9.781223039226056, 1.7327066677459444
flux1:, 1.4859130024755394, 9.452389553138126, 1.6452421047392094
flux1:, 1.4868953593461434, 9.84378553719725, 1.5664563562399532
flux1:, 1.4878777162167474, 9.874925121593431, 1.474555934681519
flux1:, 1.4888600730873511, 9.304212656503765, 1.3851759336837783
flux1:, 1.4898424299579551, 9.313248631158961, 1.3114526568745073
flux1:, 1.4908247868285591, 9.537926968543033, 1.2335633570379134
flux1:, 1.4918071436991631, 9.016737226161357, 1.1504724676698708
flux1:, 1.4927895005697671, 8.59409994895638, 1.0814678028290499
flux1:, 1.4937718574403709, 8.775598220045122, 1.0184013726079622
flux1:, 1.4947542143109749, 8.499144472827348, 0.9486715369111094
flux1:, 1.4957365711815789, 7.824916611047438, 0.8865449143919901
flux1:, 1.4967189280521829, 7.744900460932308, 0.836280773665788
flux1:, 1.4977012849227869, 7.707399644907307, 0.7831122530816957
flux1:, 1.4986836417933906, 7.059002962205775, 0.7310294311804615
flux1:, 1.4996659986639946, 6.661853085053403, 0.6910141274564874
flux1:, 1.5006483555345986, 6.701914299486355, 0.6535153457757
flux1:, 1.5016307124052026, 6.280620668345749, 0.6135981316057226
flux1:, 1.5026130692758066, 5.689288623373507, 0.5819973396717497
flux1:, 1.5035954261464104, 5.62631237487566, 0.5568108678662897
flux1:, 1.5045777830170146, 5.466207869333555, 0.5290752125143665
flux1:, 1.5055601398876184, 4.884296378976706, 0.504846741708971
flux1:, 1.5065424967582224, 4.634313141123021, 0.48809968148941063
flux1:, 1.5075248536288264, 4.630425993936197, 0.4706710055759655
flux1:, 1.5085072104994304, 4.219799366290291, 0.45305385191878705
flux1:, 1.5094895673700344, 3.824028129667043, 0.4415819943958632
flux1:, 1.5104719242406381, 3.828144597411529, 0.4316071297978711
flux1:, 1.5114542811112421, 3.6402525129255303, 0.41965027695966817
flux1:, 1.5124366379818461, 3.215886717891708, 0.41131779012612396
flux1:, 1.5134189948524501, 3.1252801798822323, 0.4058836952394916
flux1:, 1.5144013517230541, 3.1066496226948304, 0.3983010631540835
flux1:, 1.515383708593658, 2.77123903377369, 0.3917772185645806
flux1:, 1.516366065464262, 2.5668005602025525, 0.3884663259864022
flux1:, 1.5173484223348659, 2.6119412327994533, 0.3837778658916791
flux1:, 1.5183307792054699, 2.428006000273097, 0.3782082823332915
flux1:, 1.5193131360760739, 2.1606594352625605, 0.3752751767710941
flux1:, 1.5202954929466777, 2.1723702182571913, 0.37204720941779335
flux1:, 1.5212778498172816, 2.131671959422988, 0.366859861212921
flux1:, 1.5222602066878856, 1.8805431009295774, 0.3632053744606372
flux1:, 1.5232425635584896, 1.8093034069470169, 0.36023569520031135
flux1:, 1.5242249204290936, 1.8516279847602104, 0.3550819113007758
flux1:, 1.5252072772996974, 1.6807265004111143, 0.3501898306147846
flux1:, 1.5261896341703014, 1.5334684320340999, 0.34660102951333716
flux1:, 1.5271719910409054, 1.582768710816903, 0.3413154464472585
flux1:, 1.5281543479115094, 1.5144499455498528, 0.3351847222045086
flux1:, 1.5291367047821134, 1.3374739652187408, 0.33046835874287206
flux1:, 1.5301190616527172, 1.3368153700948506, 0.32498111995893775
flux1:, 1.5311014185233212, 1.3489278684286035, 0.3179887212268706
flux1:, 1.5320837753939252, 1.1977603721609498, 0.3120237934044508
flux1:, 1.5330661322645291, 1.1291841543084982, 0.3062697680622118
flux1:, 1.5340484891351331, 1.1724372179528233, 0.2989376686177328
flux1:, 1.535030846005737, 1.0838027768350602, 0.29194841998503057
flux1:, 1.536013202876341, 0.9674607687678013, 0.2858484299217658
flux1:, 1.536995559746945, 0.9919448718838724, 0.278600315258124
flux1:, 1.537977916617549, 0.9697967363008348, 0.27102008170919545
flux1:, 1.538960273488153, 0.8463000181060697, 0.26453406122135276
flux1:, 1.5399426303587567, 0.8236295852926502, 0.2575668514378765
flux1:, 1.5409249872293607, 0.843188220407425, 0.24984688311588185
flux1:, 1.5419073440999647, 0.7501745938848386, 0.24302427498338988
flux1:, 1.5428897009705687, 0.6816873301241231, 0.23633702896863615
flux1:, 1.5438720578411727, 0.7063558253982144, 0.22879704285973146
flux1:, 1.5448544147117764, 0.6612998736260219, 0.2217642968486536
flux1:, 1.5458367715823806, 0.5709263131229907, 0.21527357332707708
flux1:, 1.5468191284529844, 0.5715724346769414, 0.20806514907916365
flux1:, 1.5478014853235884, 0.5677778060010608, 0.20096587247323855
flux1:, 1.5487838421941924, 0.48587382369430904, 0.19460103974420825
flux1:, 1.5497661990647964, 0.4526955031822157, 0.1877710250888016
flux1:, 1.5507485559354004, 0.4676974678131276, 0.1807229010024562
flux1:, 1.5517309128060042, 0.4153799048076967, 0.17444921992979817
flux1:, 1.5527132696766082, 0.3580823275592718, 0.16802208553004278
flux1:, 1.5536956265472122, 0.3677518892910605, 0.16112977503751372
flux1:, 1.5546779834178162, 0.3491615011131258, 0.15492940147526452
flux1:, 1.5556603402884202, 0.28781725993059426, 0.1489380249965004
flux1:, 1.556642697159024, 0.278020028684047, 0.1423382364175737
flux1:, 1.557625054029628, 0.28247974036609896, 0.13620638505777435
flux1:, 1.558607410900232, 0.2355990221784546, 0.13066191635597635
flux1:, 1.559589767770836, 0.20625295061260765, 0.12454011950500135
flux1:, 1.56057212464144, 0.21692237378610058, 0.11852071037147642
flux1:, 1.5615544815120437, 0.19321045562606262, 0.11337352873491693
flux1:, 1.5625368383826477, 0.15460600022625257, 0.1079161103556131
flux1:, 1.5635191952532517, 0.15778045741454996, 0.10214459016286224
flux1:, 1.5645015521238557, 0.15465185321972694, 0.09729375275107945
flux1:, 1.5654839089944597, 0.11983676545553076, 0.09260036782990085
flux1:, 1.5664662658650634, 0.11021694897812022, 0.0872996150734748
flux1:, 1.5674486227356674, 0.11795253718387444, 0.08265945108478179
flux1:, 1.5684309796062714, 0.09593642372584342, 0.07868161529125069
flux1:, 1.5694133364768754, 0.07649816730149678, 0.07408953536458009
flux1:, 1.5703956933474794, 0.08445663875574697, 0.06966701215319528
flux1:, 1.5713780502180832, 0.07721001714866876, 0.06622511891772342
flux1:, 1.5723604070886872, 0.05535368637220633, 0.06248789384577016
flux1:, 1.5733427639592912, 0.0567454564664176, 0.05840926271328984
flux1:, 1.5743251208298952, 0.06022337543318915, 0.05528457614647933
flux1:, 1.5753074777004992, 0.04312063105879568, 0.05238084306478689
flux1:, 1.576289834571103, 0.0366512223544439, 0.04884101358436453
flux1:, 1.577272191441707, 0.04412556610315754, 0.04588730115688092
flux1:, 1.578254548312311, 0.03558294403730652, 0.04363174160965134
flux1:, 1.579236905182915, 0.02425444307006271, 0.04079373595634576
flux1:, 1.580219262053519, 0.02978527376091041, 0.03800233527748992
flux1:, 1.5812016189241227, 0.029487287566714197, 0.036127875887824235
flux1:, 1.5821839757947267, 0.0179780161073646, 0.034031873860842075
flux1:, 1.5831663326653307, 0.018532658833517495, 0.03151640304098864
flux1:, 1.5841486895359347, 0.02322937571623979, 0.029788651505555017
flux1:, 1.5851310464065387, 0.015376972170254003, 0.028321798135467386
flux1:, 1.5861134032771425, 0.011158927707539578, 0.02623799179631654
flux1:, 1.5870957601477467, 0.016722189559074827, 0.024541863855940982
flux1:, 1.5880781170183504, 0.014087787582087794, 0.023481967232989898
flux1:, 1.5890604738889544, 0.007482002348063708, 0.021931677611947243
flux1:, 1.5900428307595584, 0.0107597135227972, 0.020291427772568142
flux1:, 1.5910251876301624, 0.012525024683044736, 0.019397159328487994
flux1:, 1.5920075445007664, 0.0064677449741726, 0.018367368510349872
flux1:, 1.5929899013713702, 0.006263316392727503, 0.01689971130207706
flux1:, 1.5939722582419742, 0.010133794041571501, 0.01599974348756095
flux1:, 1.5949546151125782, 0.006699734390075359, 0.015362521206080065
flux1:, 1.5959369719831822, 0.003718942915343375, 0.014194849237243446
flux1:, 1.5969193288537862, 0.0072152025820964305, 0.013235341651105972
flux1:, 1.59790168572439, 0.006925010168519274, 0.012801119031450781
flux1:, 1.598884042594994, 0.002963028765791428, 0.011998038264399965
flux1:, 1.599866399465598, 0.004486083375288726, 0.01103330100479731
flux1:, 1.600848756336202, 0.006441686966789024, 0.01062580969442407
flux1:, 1.601831113206806, 0.003314566306682441, 0.010156195795819138
flux1:, 1.6028134700774097, 0.0025948641101030674, 0.009295563887566931
flux1:, 1.6037958269480137, 0.005200222835762249, 0.00881172328855691
flux1:, 1.6047781838186177, 0.003923608198304446, 0.008564662514207818
flux1:, 1.6057605406892217, 0.0017924511138079217, 0.007906069912225814
flux1:, 1.6067428975598257, 0.0036230154431423065, 0.0073367210283352465
flux1:, 1.6077252544304295, 0.004143276155248939, 0.007171253487328162
flux1:, 1.6087076113010335, 0.0018659996907458736, 0.006752782363753478
flux1:, 1.6096899681716375, 0.002263689462492077, 0.006161575970243834
flux1:, 1.6106723250422414, 0.0037493066924780467, 0.005962518795482054
flux1:, 1.6116546819128454, 0.0023170288890073565, 0.005749813900264176
flux1:, 1.6126370387834492, 0.001485927751632241, 0.005226645113227144
flux1:, 1.6136193956540532, 0.002922675631714569, 0.004940831070563579
flux1:, 1.6146017525246572, 0.002653204408839772, 0.004849047808621336
flux1:, 1.6155841093952612, 0.0013139529246623792, 0.0044628301286958934
flux1:, 1.6165664662658652, 0.002039717670869811, 0.004103562544452721
flux1:, 1.617548823136469, 0.00262007420129591, 0.0040372958720634585
flux1:, 1.618531180007073, 0.0015002656062337583, 0.0038083414577737952
flux1:, 1.619513536877677, 0.0014144498859104578, 0.00343250818613077
flux1:, 1.620495893748281, 0.0022544926795166984, 0.003322522054114112
flux1:, 1.621478250618885, 0.0017277090248244947, 0.0032217237973031746
flux1:, 1.6224606074894887, 0.0011466336349465359, 0.002895175079724695
flux1:, 1.6234429643600927, 0.0017656560007198298, 0.002717047902012394
flux1:, 1.6244253212306967, 0.001795518058751502, 0.0026856150931652205
flux1:, 1.6254076781013007, 0.0011383084610250417, 0.002453689502949316
flux1:, 1.6263900349719047, 0.0013572791779371592, 0.002225104154108763
flux1:, 1.6273723918425085, 0.0016798485162328831, 0.0022015449600653386
flux1:, 1.6283547487131127, 0.0012200049945313672, 0.002074895160318502
flux1:, 1.6293371055837165, 0.0011171159644107755, 0.0018380405632899208
flux1:, 1.6303194624543205, 0.0014696723963221559, 0.0017800364642422191
flux1:, 1.6313018193249245, 0.0012708984308348627, 0.0017369656790411055
flux1:, 1.6322841761955285, 0.0010196661949994075, 0.0015363816295779198
flux1:, 1.6332665330661325, 0.0012632036922528714, 0.0014308305706822112
flux1:, 1.6342488899367362, 0.0012582600340637026, 0.0014309893754259999
flux1:, 1.6352312468073402, 0.0009956208875434441, 0.0012957787770705405
flux1:, 1.6362136036779442, 0.0011075020312271704, 0.001156332228174474
flux1:, 1.6371959605485482, 0.00120471252089126, 0.001158251131043703
flux1:, 1.6381783174191522, 0.000993432026135917, 0.0010937516691919967
flux1:, 1.639160674289756, 0.0010012951646054865, 0.0009494412562999033
flux1:, 1.64014303116036, 0.0011386202235718543, 0.0009249729891374137
flux1:, 1.641125388030964, 0.0009956373303803654, 0.000914772970923611
flux1:, 1.642107744901568, 0.0009280912226750354, 0.0007954572344757671
flux1:, 1.643090101772172, 0.0010701413260470185, 0.0007366101786816115
flux1:, 1.6440724586427757, 0.0010016548672545616, 0.0007521849809406973
flux1:, 1.6450548155133797, 0.0008803329127728462, 0.0006766238592003434
flux1:, 1.6460371723839837, 0.000997099767062575, 0.0005937057025468097
flux1:, 1.6470195292545877, 0.0010075215137219707, 0.0006067242773420466
flux1:, 1.6480018861251917, 0.0008604649557128158, 0.0005772037408308527
flux1:, 1.6489842429957955, 0.0009207421387228451, 0.0004905828145113304
flux1:, 1.6499665998663995, 0.0010010836926500181, 0.0004827632965530147
flux1:, 1.6509489567370035, 0.0008688327443290017, 0.00048705741067418167
flux1:, 1.6519313136076075, 0.0008527121725297185, 0.0004168951702649027
flux1:, 1.6529136704782115, 0.0009709965702765037, 0.0003841402807943442
flux1:, 1.6538960273488152, 0.0008946364901649194, 0.0004026122296428887
flux1:, 1.6548783842194192, 0.00080894158094945, 0.00036089815402258306
flux1:, 1.6558607410900232, 0.000917319584875368, 0.00031129530028230223
flux1:, 1.6568430979606272, 0.0009181029520700887, 0.00032535931674895703
flux1:, 1.6578254548312312, 0.0007981110046479515, 0.0003128080561676766
flux1:, 1.658807811701835, 0.0008537296943882988, 0.00026055226056857295
flux1:, 1.659790168572439, 0.0009209135558337059, 0.0002589715592986424
flux1:, 1.660772525443043, 0.0008147770437516409, 0.00026690959292720637
flux1:, 1.661754882313647, 0.0008000592844302719, 0.00022534470905036762
flux1:, 1.662737239184251, 0.0008962530201336305, 0.00020643745284533414
flux1:, 1.6637195960548548, 0.0008419011732373046, 0.00022184889394309906
flux1:, 1.6647019529254587, 0.0007711280943139465, 0.000198454728589469
flux1:, 1.6656843097960627, 0.0008515756676184089, 0.00016828236892371294
flux1:, 1.6666666666666667, 0.0008602276672583817, 0.00017938318670267445
