flux1:, 1.1764705882352942, 0.0006013969302062439, 4.143675484933082e-06
flux1:, 1.1774529451058982, 0.0011080103979636, 2.6976758648947414e-06
flux1:, 1.1784353019765021, 0.0015578682794294093, 6.0997122109242945e-06
flux1:, 1.179417658847106, 0.0007445427419505246, 6.099749293674992e-06
flux1:, 1.18040001571771, 0.0008244032077219753, 4.000532018586885e-06
flux1:, 1.181382372588314, 0.0017400402371750838, 6.926878021605264e-06
flux1:, 1.182364729458918, 0.001111758677328688, 8.003369058101619e-06
flux1:, 1.183347086329522, 0.0005546514710393668, 5.69051243892181e-06
flux1:, 1.1843294432001257, 0.0016930555303534853, 8.496392112284013e-06
flux1:, 1.1853118000707297, 0.0016565266163205547, 1.0428081115754283e-05
flux1:, 1.1862941569413337, 0.0004749386088324557, 7.412981714563297e-06
flux1:, 1.1872765138119377, 0.001365832947107705, 1.0601811893831132e-05
flux1:, 1.1882588706825417, 0.002224411837381198, 1.4436494102957775e-05
flux1:, 1.1892412275531457, 0.0007682599367498143, 9.595286388558087e-06
flux1:, 1.1902235844237494, 0.0008377271841034526, 1.2310223902877454e-05
flux1:, 1.1912059412943534, 0.0025694305713750876, 2.0931985811906638e-05
flux1:, 1.1921882981649574, 0.001530746679743676, 1.4416116703519892e-05
flux1:, 1.1931706550355614, 0.00036685441424545934, 1.2720665624638282e-05
flux1:, 1.1941530119061654, 0.002438558031589364, 2.946050880956715e-05
flux1:, 1.1951353687767692, 0.0026517809479230966, 2.6477732901397985e-05
flux1:, 1.1961177256473732, 0.0003652673950865585, 1.3596681347535451e-05
flux1:, 1.1971000825179772, 0.001741531558665375, 3.709471838985054e-05
flux1:, 1.1980824393885812, 0.003729517905572261, 5.16967689629532e-05
flux1:, 1.1990647962591852, 0.0012273991329802886, 2.491448192136263e-05
flux1:, 1.200047153129789, 0.0007620344783880599, 4.044495967078369e-05
flux1:, 1.201029510000393, 0.004159556159976438, 9.097131868486849e-05
flux1:, 1.202011866870997, 0.002997578867361143, 6.952096225607544e-05
flux1:, 1.202994223741601, 0.00021915646218695806, 4.839563331212596e-05
flux1:, 1.203976580612205, 0.003521875517699859, 0.0001284016962342086
flux1:, 1.2049589374828087, 0.005121988397174017, 0.00016313996087370815
flux1:, 1.2059412943534127, 0.0009555570879252875, 9.91345325003413e-05
flux1:, 1.2069236512240167, 0.0020230642713421963, 0.00014278182748620792
flux1:, 1.2079060080946207, 0.006564802697735336, 0.0002586544007891128
flux1:, 1.2088883649652247, 0.003396477296376895, 0.00021641887079127466
flux1:, 1.2098707218358287, 0.0006702083747507716, 0.00016039344281162953
flux1:, 1.2108530787064324, 0.006135846451711493, 0.0002840463283269497
flux1:, 1.2118354355770364, 0.006704639969453465, 0.0003384191556099263
flux1:, 1.2128177924476404, 0.0010285093153990222, 0.00022706816967850508
flux1:, 1.2138001493182444, 0.0037998244534027258, 0.0002614765924753143
flux1:, 1.2147825061888484, 0.008674285397962972, 0.00039681276760860756
flux1:, 1.2157648630594522, 0.003579247314792283, 0.000330925040285353
flux1:, 1.2167472199300562, 0.0014601262120054503, 0.0002598854567382908
flux1:, 1.2177295768006602, 0.007950737037840647, 0.00039580012762833355
flux1:, 1.2187119336712642, 0.0068400839010132565, 0.00043032426479365515
flux1:, 1.2196942905418682, 0.0010202055541854286, 0.00031025768916431815
flux1:, 1.220676647412472, 0.0053324002052593765, 0.0003777297629138981
flux1:, 1.221659004283076, 0.00889421091941223, 0.0005006498945513024
flux1:, 1.22264136115368, 0.002753163411483274, 0.00040545824803777595
flux1:, 1.223623718024284, 0.0026624545691713436, 0.0003810476332353036
flux1:, 1.224606074894888, 0.00886786519223455, 0.0005409443377652339
flux1:, 1.2255884317654917, 0.0055986087915582345, 0.0005246219542881458
flux1:, 1.2265707886360957, 0.0014189908895719397, 0.0004281905932665991
flux1:, 1.2275531455066997, 0.007126257554387494, 0.0005652137187979971
flux1:, 1.2285355023773037, 0.008149826526275092, 0.0006479280308876143
flux1:, 1.2295178592479077, 0.0021185427701028835, 0.0005269872423422063
flux1:, 1.2305002161185117, 0.004771427328304229, 0.0005945321872102684
flux1:, 1.2314825729891155, 0.009397740338668555, 0.0007635512328637156
flux1:, 1.2324649298597194, 0.004361579859102883, 0.0006756764007596206
flux1:, 1.2334472867303234, 0.0030276975554804587, 0.0006517081328268417
flux1:, 1.2344296436009274, 0.009067336227711867, 0.0008718641154610943
flux1:, 1.2354120004715314, 0.007186921356490832, 0.0008734905212312737
flux1:, 1.2363943573421352, 0.0027515449712772933, 0.0007626510250310354
flux1:, 1.2373767142127392, 0.007616858621635728, 0.0009924284069989762
flux1:, 1.2383590710833432, 0.009521390259000931, 0.0011562624761462248
flux1:, 1.2393414279539472, 0.004137456612869698, 0.0010070648570541132
flux1:, 1.2403237848245512, 0.006018405742995291, 0.0012151419406440504
flux1:, 1.241306141695155, 0.010638534732246178, 0.0017329552508784738
flux1:, 1.242288498565759, 0.006567721003673753, 0.0018051693781675382
flux1:, 1.243270855436363, 0.005310709933144053, 0.0017726271310870632
flux1:, 1.244253212306967, 0.011020933910005908, 0.0021732721891198014
flux1:, 1.245235569177571, 0.009655418123714806, 0.0023259117783528075
flux1:, 1.2462179260481747, 0.00572942323357647, 0.0019989886330500257
flux1:, 1.2472002829187787, 0.01049857239797571, 0.0020316715467070504
flux1:, 1.2481826397893827, 0.012625107821544199, 0.0023335458338926917
flux1:, 1.2491649966599867, 0.007795566629045034, 0.0022305904348801082
flux1:, 1.2501473535305907, 0.009799412977568391, 0.0021728958398671955
flux1:, 1.2511297104011945, 0.014590203973195284, 0.0025103219141235397
flux1:, 1.2521120672717985, 0.011123816959152856, 0.002598921643869078
flux1:, 1.2530944241424025, 0.010012925541525122, 0.002497709462369377
flux1:, 1.2540767810130065, 0.015589521226642252, 0.002795715676501316
flux1:, 1.2550591378836105, 0.014949519825058055, 0.0030573864398246837
flux1:, 1.2560414947542144, 0.011734292171006681, 0.002970585461772473
flux1:, 1.2570238516248182, 0.016176441225179874, 0.0031751352381995
flux1:, 1.2580062084954222, 0.018563034013483373, 0.003577658719010504
flux1:, 1.2589885653660262, 0.01502164886367379, 0.0035844957975212344
flux1:, 1.2599709222366302, 0.017183720665116854, 0.0036734194338155475
flux1:, 1.2609532791072342, 0.02162751921658057, 0.004150726082637147
flux1:, 1.261935635977838, 0.019464976006383392, 0.004327450810926572
flux1:, 1.262917992848442, 0.01937443704590961, 0.004328617956042015
flux1:, 1.263900349719046, 0.024333987725952164, 0.0047909992459463325
flux1:, 1.26488270658965, 0.024458761098900942, 0.0051793001794714355
flux1:, 1.265865063460254, 0.023136626419258035, 0.005173611994691593
flux1:, 1.266847420330858, 0.027306699454702543, 0.005537858378105075
flux1:, 1.2678297772014617, 0.029566477959518316, 0.006121181996591449
flux1:, 1.2688121340720657, 0.028379567080019867, 0.006223364231470912
flux1:, 1.2697944909426697, 0.03129917241313787, 0.0064494837128533005
flux1:, 1.2707768478132737, 0.0347973941987541, 0.007149798301940842
flux1:, 1.2717592046838777, 0.03469426267799051, 0.0074705791903633845
flux1:, 1.2727415615544815, 0.03683077758795003, 0.007588982863455875
flux1:, 1.2737239184250855, 0.040642970542333866, 0.008289678026193074
flux1:, 1.2747062752956895, 0.04170795207283609, 0.008892026128767482
flux1:, 1.2756886321662935, 0.04396468059140074, 0.009006804177821117
flux1:, 1.2766709890368975, 0.04783541395460664, 0.0095970390349135
flux1:, 1.2776533459075012, 0.049445911309832995, 0.010464380254212289
flux1:, 1.2786357027781052, 0.052371169640636636, 0.010726294297267104
flux1:, 1.2796180596487092, 0.056940525078196545, 0.011151774985523624
flux1:, 1.2806004165193132, 0.0584840246066261, 0.01218430844375854
flux1:, 1.2815827733899172, 0.06168075393402498, 0.012739191615245829
flux1:, 1.282565130260521, 0.06801230451850256, 0.01303863405214115
flux1:, 1.283547487131125, 0.06975899024289856, 0.014084711971065237
flux1:, 1.284529844001729, 0.07196024858388103, 0.015014838351470494
flux1:, 1.285512200872333, 0.0805457322547498, 0.015323651317694448
flux1:, 1.286494557742937, 0.08407998464737673, 0.016239223105974313
flux1:, 1.2874769146135407, 0.08403297711392371, 0.01752160299170727
flux1:, 1.2884592714841447, 0.093839514748863, 0.018035097849610382
flux1:, 1.2894416283547487, 0.10157843179495103, 0.018750635847712537
flux1:, 1.2904239852253527, 0.09938626966291307, 0.020253279168080868
flux1:, 1.2914063420959567, 0.10765982007164711, 0.021157937909067594
flux1:, 1.2923886989665605, 0.12143748872960818, 0.021725214057491726
flux1:, 1.2933710558371645, 0.11958692640999477, 0.023249694788391537
flux1:, 1.2943534127077685, 0.12287823586826353, 0.02464646338592368
flux1:, 1.2953357695783725, 0.142178114230527, 0.025241279903726606
flux1:, 1.2963181264489765, 0.145400354587464, 0.026601223219078984
flux1:, 1.2973004833195805, 0.14166550028959518, 0.02845256148726299
flux1:, 1.2982828401901843, 0.1625328612757519, 0.029324487171141167
flux1:, 1.2992651970607882, 0.17605478350911394, 0.030432081891152957
flux1:, 1.3002475539313922, 0.16694544603805828, 0.03255972056114999
flux1:, 1.3012299108019962, 0.18259726857834613, 0.03394141833279303
flux1:, 1.3022122676726002, 0.20916146477966788, 0.03486560570267
flux1:, 1.303194624543204, 0.20114499678966893, 0.03700838804936962
flux1:, 1.304176981413808, 0.2046717845164015, 0.0390169107721103
flux1:, 1.305159338284412, 0.24160370115756555, 0.03998311093411243
flux1:, 1.306141695155016, 0.2447010749363557, 0.04189971936216095
flux1:, 1.30712405202562, 0.23317127860127623, 0.044471140124029314
flux1:, 1.308106408896224, 0.2712651518264501, 0.04579273805875286
flux1:, 1.3090887657668278, 0.29509409254856167, 0.04737179493123693
flux1:, 1.3100711226374318, 0.2732759693390931, 0.05026279751999962
flux1:, 1.3110534795080357, 0.2989440447852242, 0.05222289661387584
flux1:, 1.3120358363786397, 0.34716979825176747, 0.05355360216519051
flux1:, 1.3130181932492437, 0.3285802709098462, 0.05641982246686662
flux1:, 1.3140005501198475, 0.3294534721093682, 0.05914644339688438
flux1:, 1.3149829069904515, 0.39508510163989913, 0.060512625424559326
flux1:, 1.3159652638610555, 0.39864200585681697, 0.06304156800081986
flux1:, 1.3169476207316595, 0.370979363537111, 0.06642916284714809
flux1:, 1.3179299776022635, 0.43545833684115054, 0.06821719616088216
flux1:, 1.3189123344728673, 0.47772435866823476, 0.07026615986378783
flux1:, 1.3198946913434713, 0.4323582060929362, 0.07398421937497043
flux1:, 1.3208770482140753, 0.4705095639445553, 0.07653162475672379
flux1:, 1.3218594050846793, 0.5558703397472587, 0.07821162169294912
flux1:, 1.3228417619552832, 0.5189085747828842, 0.08180915800387331
flux1:, 1.323824118825887, 0.5095394361864085, 0.08525021829826883
flux1:, 1.324806475696491, 0.6226580289882544, 0.08691169828673413
flux1:, 1.325788832567095, 0.6284305330425262, 0.08998600730334605
flux1:, 1.326771189437699, 0.5673521133570507, 0.09416018806338015
flux1:, 1.327753546308303, 0.6727525160914667, 0.09627314310988724
flux1:, 1.3287359031789068, 0.7494876592048958, 0.09863910197391045
flux1:, 1.3297182600495108, 0.6592678129932324, 0.10310947806671279
flux1:, 1.3307006169201148, 0.7111723644593951, 0.1060752360282714
flux1:, 1.3316829737907188, 0.863717751633014, 0.10786316070265252
flux1:, 1.3326653306613228, 0.7939236208847342, 0.11205046337494551
flux1:, 1.3336476875319265, 0.7556168024285912, 0.11601649851854953
flux1:, 1.3346300444025305, 0.9526078393577587, 0.11764910985952894
flux1:, 1.3356124012731345, 0.9665380153495919, 0.12103795125620964
flux1:, 1.3365947581437385, 0.8337034826939288, 0.12579337104728036
flux1:, 1.3375771150143425, 1.0072786291897666, 0.12783930345579547
flux1:, 1.3385594718849465, 1.1560174468248112, 0.1301782053693925
flux1:, 1.3395418287555503, 0.9746007895536091, 0.1351802045687258
flux1:, 1.3405241856261543, 1.0380823029586064, 0.13813406624362023
flux1:, 1.3415065424967583, 1.3287240196645618, 0.13954756492891407
flux1:, 1.3424888993673623, 1.1968497873679196, 0.14407676194079017
flux1:, 1.3434712562379663, 1.080061305955504, 0.14815034987787834
flux1:, 1.34445361310857, 1.4499206669732152, 0.14911486205324317
flux1:, 1.345435969979174, 1.496312605812861, 0.15250166412005836
flux1:, 1.346418326849778, 1.1911299650823448, 0.15750893120660756
flux1:, 1.347400683720382, 1.5015375643663658, 0.15870303390461615
flux1:, 1.348383040590986, 1.8392600078388919, 0.16053494678456504
flux1:, 1.34936539746159, 1.4422798713537668, 0.16591063893607225
flux1:, 1.3503477543321938, 1.503263255355159, 0.16800909525554433
flux1:, 1.3513301112027978, 2.165163547404086, 0.1682389554150233
flux1:, 1.3523124680734018, 1.9026882429337766, 0.17316096920710666
flux1:, 1.3532948249440058, 1.5350372406482122, 0.17667277412388344
flux1:, 1.3542771818146098, 2.40237323002888, 0.17560554982792598
flux1:, 1.3552595386852135, 2.6268308997591068, 0.17911845341186164
flux1:, 1.3562418955558175, 1.7667637256736308, 0.18435361073330958
flux1:, 1.3572242524264215, 2.500497612339923, 0.1825861009895527
flux1:, 1.3582066092970255, 3.6569427732636473, 0.18356130109072963
flux1:, 1.3591889661676295, 2.5296362779565302, 0.19075153725872643
flux1:, 1.3601713230382333, 2.498163988157909, 0.18929517683688768
flux1:, 1.3611536799088373, 5.074475907687942, 0.18597559642870296
flux1:, 1.3621360367794413, 4.592318355296178, 0.19553614149696757
flux1:, 1.3631183936500453, 2.7502533729485883, 0.19684684862463028
flux1:, 1.3641007505206493, 7.260726305292203, 0.18539536605378015
flux1:, 1.365083107391253, 10.73299537118364, 0.19948826825141303
flux1:, 1.366065464261857, 5.525121307618416, 0.2150045558493287
flux1:, 1.367047821132461, 13.080581730298272, 0.18872730932549642
flux1:, 1.368030178003065, 47.18149300665705, 0.3079416724633035
flux1:, 1.369012534873669, 67.37305416013693, 0.9026078588319364
flux1:, 1.3699948917442728, 37.562628449257204, 1.89634485729079
flux1:, 1.3709772486148768, 2.048294861542668, 2.628619364301613
flux1:, 1.3719596054854808, 21.813773685933192, 2.508720356668574
flux1:, 1.3729419623560848, 69.38047419079926, 1.6758124420154001
flux1:, 1.3739243192266888, 73.7098689984236, 0.7878566667003707
flux1:, 1.3749066760972926, 34.13808174111538, 0.30353224247118044
flux1:, 1.3758890329678966, 5.956758801996501, 0.18397838124730112
flux1:, 1.3768713898385005, 6.4775036159555315, 0.18647180811546538
flux1:, 1.3778537467091045, 9.523803688201044, 0.18688084424246193
flux1:, 1.3788361035797085, 4.601443488036726, 0.18397786071999164
flux1:, 1.3798184604503125, 2.6589466375795494, 0.18260034547386125
flux1:, 1.3808008173209163, 4.721730772401675, 0.1782729381007323
flux1:, 1.3817831741915203, 4.031389599183366, 0.17784870962907814
flux1:, 1.3827655310621243, 2.3050384006338214, 0.17935198534202443
flux1:, 1.3837478879327283, 2.9935876100855188, 0.1741024743096803
flux1:, 1.3847302448033323, 3.492462575889268, 0.16974458801705944
flux1:, 1.3857126016739363, 2.4956461792484257, 0.17161095232713375
flux1:, 1.38669495854454, 2.359929622776221, 0.16846692678655142
flux1:, 1.387677315415144, 2.9943042040901453, 0.16093691747629613
flux1:, 1.388659672285748, 2.6829227466636763, 0.16043906174168118
flux1:, 1.389642029156352, 2.2338517096403816, 0.15992657190299575
flux1:, 1.390624386026956, 2.6072853451848723, 0.15156983546754463
flux1:, 1.3916067428975598, 2.7412979426727495, 0.14711126872724753
flux1:, 1.3925890997681638, 2.3331580521296957, 0.14792572742806812
flux1:, 1.3935714566387678, 2.3771072136167737, 0.14112241520251853
flux1:, 1.3945538135093718, 2.679379349796296, 0.13273531081895168
flux1:, 1.3955361703799758, 2.4887696652704014, 0.1325678350243586
flux1:, 1.3965185272505796, 2.3065920759989837, 0.12870473455559653
flux1:, 1.3975008841211836, 2.5566142113443937, 0.1179904499789667
flux1:, 1.3984832409917876, 2.602813333629664, 0.11457634504619282
flux1:, 1.3994655978623916, 2.359195174401811, 0.11344209806047303
flux1:, 1.4004479547329955, 2.4412473835949022, 0.10292718920899871
flux1:, 1.4014303116035993, 2.636192424949704, 0.09508180134812268
flux1:, 1.4024126684742033, 2.474560499242655, 0.09488909715227851
flux1:, 1.4033950253448073, 2.3837122752456468, 0.08696748774000419
flux1:, 1.4043773822154113, 2.59694793750966, 0.07523412484018976
flux1:, 1.4053597390860153, 2.5894494104603205, 0.07332527039243682
flux1:, 1.406342095956619, 2.4026257423113746, 0.06917028381360446
flux1:, 1.407324452827223, 2.5229991689815803, 0.05577274412571909
flux1:, 1.408306809697827, 2.657281687540439, 0.049794781734222936
flux1:, 1.409289166568431, 2.4836287052885755, 0.048708812531132496
flux1:, 1.410271523439035, 2.4610137357305932, 0.0367435459431129
flux1:, 1.4112538803096388, 2.660413952430327, 0.02583974929807213
flux1:, 1.4122362371802428, 2.5894926825148548, 0.025396885106663374
flux1:, 1.4132185940508468, 2.446539567447056, 0.017525741704283497
flux1:, 1.4142009509214508, 2.6117086704995143, 0.0030080466438520527
flux1:, 1.4151833077920548, 2.6771449732256793, 4.9320107417736634e-05
flux1:, 1.4161656646626586, 2.4909707045452008, -0.0027737133319175973
flux1:, 1.4171480215332626, 2.5454529077818773, -0.017660637499816296
flux1:, 1.4181303784038666, 2.7153404724755426, -0.025499291888287798
flux1:, 1.4191127352744706, 2.579029302089597, -0.024651811593897115
flux1:, 1.4200950921450746, 2.5012719380844737, -0.0359090284168063
flux1:, 1.4210774490156786, 2.6966321003632796, -0.04876192711223338
flux1:, 1.4220598058862823, 2.6770098509421043, -0.047497601513022986
flux1:, 1.4230421627568863, 2.507159442569545, -0.052082331910470375
flux1:, 1.4240245196274903, 2.639358252022191, -0.06721263428528228
flux1:, 1.4250068764980943, 2.748246163704882, -0.0691224733304601
flux1:, 1.4259892333686983, 2.5681454879048715, -0.0664318904660677
flux1:, 1.4269715902393023, 2.5790748132144774, -0.07883884928110016
flux1:, 1.427953947109906, 2.769533593403824, -0.08574404973529437
flux1:, 1.42893630398051, 2.6651004859540155, -0.07804756512031825
flux1:, 1.429918660851114, 2.5530026746143406, -0.08225461541502814
flux1:, 1.430901017721718, 2.741744039228954, -0.09243698246562874
flux1:, 1.431883374592322, 2.764261103466642, -0.08374679092435865
flux1:, 1.4328657314629258, 2.5840792775424446, -0.07607682780367857
flux1:, 1.4338480883335298, 2.6900717929518683, -0.0837956947063644
flux1:, 1.4348304452041338, 2.8336274342112575, -0.07731144239458063
flux1:, 1.4358128020747378, 2.6717453945670897, -0.057500450390400526
flux1:, 1.4367951589453418, 2.653676850498932, -0.054327585164004925
flux1:, 1.4377775158159456, 2.859215440149034, -0.04936014611702502
flux1:, 1.4387598726865496, 2.7941248311165907, -0.020349590785281552
flux1:, 1.4397422295571536, 2.66939675308753, 0.001957332355496776
flux1:, 1.4407245864277576, 2.8538170608847495, 0.012100475845225916
flux1:, 1.4417069432983616, 2.9213962905067286, 0.046742315640625746
flux1:, 1.4426893001689653, 2.7575713348892097, 0.09303151163682735
flux1:, 1.4436716570395693, 2.8540408107376547, 0.12064387555623733
flux1:, 1.4446540139101733, 3.0346759452555183, 0.16098888994204755
flux1:, 1.4456363707807773, 2.917908093078216, 0.23094580330292402
flux1:, 1.4466187276513813, 2.9071365899049924, 0.2900780834894332
flux1:, 1.447601084521985, 3.141015280241177, 0.34348000231299386
flux1:, 1.448583441392589, 3.1385969906680753, 0.4327003812639319
flux1:, 1.449565798263193, 3.0549403178477945, 0.5323034557401101
flux1:, 1.450548155133797, 3.27544324162276, 0.6126848118334937
flux1:, 1.451530512004401, 3.413007657942304, 0.7161765907277159
flux1:, 1.4525128688750049, 3.3241178007548595, 0.8525715398991855
flux1:, 1.4534952257456089, 3.4867187735970524, 0.9719447380116624
flux1:, 1.4544775826162128, 3.74891602168503, 1.0867581481630084
flux1:, 1.4554599394868168, 3.7253551225270685, 1.2398336939047965
flux1:, 1.4564422963574208, 3.8137247773673004, 1.3935170905214282
flux1:, 1.4574246532280246, 4.155533122827058, 1.5161070260807552
flux1:, 1.4584070100986286, 4.25089676801655, 1.6544720512607527
flux1:, 1.4593893669692326, 4.267786438821056, 1.8116863768402511
flux1:, 1.4603717238398366, 4.6168685556673825, 1.9309127944207087
flux1:, 1.4613540807104406, 4.858819164254902, 2.0270910526608805
flux1:, 1.4623364375810444, 4.830369708642043, 2.142980548355325
flux1:, 1.4633187944516486, 5.09056438971949, 2.238163851288044
flux1:, 1.4643011513222524, 5.463242870021845, 2.2836966828858443
flux1:, 1.4652835081928564, 5.457038114035482, 2.3291104040906867
flux1:, 1.4662658650634603, 5.547772670603024, 2.3792496963988223
flux1:, 1.4672482219340643, 5.969061812002634, 2.3843258417798894
flux1:, 1.4682305788046683, 6.078471288150812, 2.3637958411461457
flux1:, 1.4692129356752721, 6.000090684099559, 2.3597815248465963
flux1:, 1.470195292545876, 6.335497079456215, 2.338638280968598
flux1:, 1.47117764941648, 6.6120687728157455, 2.279738962499488
flux1:, 1.472160006287084, 6.469723405505009, 2.2287073291383326
flux1:, 1.473142363157688, 6.601439127337465, 2.1886295606438186
flux1:, 1.4741247200282919, 6.994299548293961, 2.1192173772228062
flux1:, 1.4751070768988959, 6.941790959460477, 2.039731006436847
flux1:, 1.4760894337694999, 6.847579552972864, 1.9822905602031013
flux1:, 1.4770717906401039, 7.2140921611769055, 1.9168432391054238
flux1:, 1.4780541475107078, 7.354658606562722, 1.8297814500227692
flux1:, 1.4790365043813116, 7.132565454255591, 1.7574513136622432
flux1:, 1.4800188612519156, 7.319138803169766, 1.6971050349679055
flux1:, 1.4810012181225196, 7.634174988035489, 1.6175983988524152
flux1:, 1.4819835749931236, 7.449916337948203, 1.5372826594001947
flux1:, 1.4829659318637276, 7.386666984090639, 1.4771942545548347
flux1:, 1.4839482887343314, 7.740232597337911, 1.4110074399371775
flux1:, 1.4849306456049354, 7.7287930923554145, 1.3323719262516993
flux1:, 1.4859130024755394, 7.474635542557851, 1.2691136048593321
flux1:, 1.4868953593461434, 7.69118858778752, 1.2140893496306524
flux1:, 1.4878777162167474, 7.874227822494904, 1.1453390574357971
flux1:, 1.4888600730873511, 7.58267252790712, 1.0802920811119796
flux1:, 1.4898424299579551, 7.54997524142725, 1.0309527243390928
flux1:, 1.4908247868285591, 7.8213645651897465, 0.9756238837340048
flux1:, 1.4918071436991631, 7.647977039120731, 0.9139648451098813
flux1:, 1.4927895005697671, 7.381414226484347, 0.8662166028060282
flux1:, 1.4937718574403709, 7.570855407502812, 0.8229260034229282
flux1:, 1.4947542143109749, 7.5808565683414075, 0.7702616666166194
flux1:, 1.4957365711815789, 7.209653664595857, 0.7237646042022163
flux1:, 1.4967189280521829, 7.184367686136137, 0.6885292510063621
flux1:, 1.4977012849227869, 7.318810627699545, 0.6478915175634463
flux1:, 1.4986836417933906, 7.005092945965176, 0.6054737935517058
flux1:, 1.4996659986639946, 6.745161336878568, 0.5747088042438802
flux1:, 1.5006483555345986, 6.864868931467572, 0.5456147120347203
flux1:, 1.5016307124052026, 6.709596823775351, 0.5108968952890727
flux1:, 1.5026130692758066, 6.311698081944692, 0.4832258509460026
flux1:, 1.5035954261464104, 6.286459144064492, 0.46279870764410996
flux1:, 1.5045777830170146, 6.281401665850874, 0.4378873386947928
flux1:, 1.5055601398876184, 5.894812987915444, 0.41407883214809593
flux1:, 1.5065424967582224, 5.67848102092266, 0.3990120985470132
flux1:, 1.5075248536288264, 5.728078263701868, 0.3835421784078382
flux1:, 1.5085072104994304, 5.469375807088676, 0.36517303026481734
flux1:, 1.5094895673700344, 5.1172484000708085, 0.35320714492270816
flux1:, 1.5104719242406381, 5.106965396564525, 0.34485944261166435
flux1:, 1.5114542811112421, 5.0063160754447855, 0.33285042239466683
flux1:, 1.5124366379818461, 4.633522046726946, 0.3231471950570853
flux1:, 1.5134189948524501, 4.4968624738657645, 0.3189187307457743
flux1:, 1.5144013517230541, 4.500179215374637, 0.3127900171261983
flux1:, 1.515383708593658, 4.215137125892502, 0.30540959251948613
flux1:, 1.516366065464262, 3.962151436480187, 0.3027691002261435
flux1:, 1.5173484223348659, 3.9760969901404226, 0.30079452905235327
flux1:, 1.5183307792054699, 3.829655052280895, 0.2958869292243777
flux1:, 1.5193131360760739, 3.530054639924821, 0.29332084288705884
flux1:, 1.5202954929466777, 3.476897167607252, 0.2932387236953279
flux1:, 1.5212778498172816, 3.4493942392609878, 0.2904899713896915
flux1:, 1.5222602066878856, 3.1889647158593935, 0.2874324336598122
flux1:, 1.5232425635584896, 3.0420536476596003, 0.2872172149023187
flux1:, 1.5242249204290936, 3.0659971221043554, 0.2857627314311662
flux1:, 1.5252072772996974, 2.903138509988689, 0.28220483014389114
flux1:, 1.5261896341703014, 2.6907417431669356, 0.2805538365189532
flux1:, 1.5271719910409054, 2.69107025281499, 0.2792526296683145
flux1:, 1.5281543479115094, 2.6335480407959273, 0.2753531177635431
flux1:, 1.5291367047821134, 2.415847753765378, 0.2718028951401817
flux1:, 1.5301190616527172, 2.3463519640086017, 0.2696200060339859
flux1:, 1.5311014185233212, 2.355299878874949, 0.26548001214197103
flux1:, 1.5320837753939252, 2.1898481168456514, 0.26025441710748815
flux1:, 1.5330661322645291, 2.049984649869426, 0.2565469086548247
flux1:, 1.5340484891351331, 2.0653015174149694, 0.2521387184215118
flux1:, 1.535030846005737, 1.978875480139546, 0.2458702582760364
flux1:, 1.536013202876341, 1.806016160262629, 0.2405064268150964
flux1:, 1.536995559746945, 1.7783547698225777, 0.23568889547392533
flux1:, 1.537977916617549, 1.7581189133412831, 0.2291062317546992
flux1:, 1.538960273488153, 1.6023445796041178, 0.2224358489083824
flux1:, 1.5399426303587567, 1.515127520133349, 0.21702878606332637
flux1:, 1.5409249872293607, 1.5211542592381349, 0.21067516678843592
flux1:, 1.5419073440999647, 1.4177522047572004, 0.2033758742426419
flux1:, 1.5428897009705687, 1.2893520714055562, 0.19728913821552022
flux1:, 1.5438720578411727, 1.2791322212150802, 0.19135556011320343
flux1:, 1.5448544147117764, 1.233448109984594, 0.18417947632408668
flux1:, 1.5458367715823806, 1.1013347687004607, 0.1775444696128032
flux1:, 1.5468191284529844, 1.051537829474493, 0.17189467827657393
flux1:, 1.5478014853235884, 1.0421592971687985, 0.1653879994630143
flux1:, 1.5487838421941924, 0.9403323633601806, 0.1585896722167598
flux1:, 1.5497661990647964, 0.8546911818818728, 0.15296662877012684
flux1:, 1.5507485559354004, 0.8499347826557813, 0.14729165750278161
flux1:, 1.5517309128060042, 0.7927791482605214, 0.14083810605984254
flux1:, 1.5527132696766082, 0.6944544185490334, 0.13511810327695875
flux1:, 1.5536956265472122, 0.670693721573461, 0.13008149364768967
flux1:, 1.5546779834178162, 0.6504571865966395, 0.12437259609292532
flux1:, 1.5556603402884202, 0.5660829334658817, 0.11869555213791884
flux1:, 1.556642697159024, 0.5177074244456029, 0.1139655671521415
flux1:, 1.557625054029628, 0.5138749409997554, 0.10911348157766701
flux1:, 1.558607410900232, 0.45957200562171285, 0.10380545141548501
flux1:, 1.559589767770836, 0.3971917723413907, 0.09917142778617752
flux1:, 1.56057212464144, 0.3899125547000496, 0.09499971507120529
flux1:, 1.5615544815120437, 0.3661495805509017, 0.09036070110729104
flux1:, 1.5625368383826477, 0.3069352334471953, 0.08586302806617896
flux1:, 1.5635191952532517, 0.2863777200660694, 0.08207800932062197
flux1:, 1.5645015521238557, 0.2820208630494875, 0.07820154879003866
flux1:, 1.5654839089944597, 0.23938041105026742, 0.07406469890227789
flux1:, 1.5664662658650634, 0.20729610874187832, 0.07046711860025513
flux1:, 1.5674486227356674, 0.20812649725777901, 0.06721643158024979
flux1:, 1.5684309796062714, 0.18625839873364272, 0.06366350381480253
flux1:, 1.5694133364768754, 0.15132708080384227, 0.06025385679511332
flux1:, 1.5703956933474794, 0.1473378158118144, 0.05738911730195444
flux1:, 1.5713780502180832, 0.14190554767061064, 0.054486542044336866
flux1:, 1.5723604070886872, 0.11322966789256118, 0.05141312580141674
flux1:, 1.5733427639592912, 0.10150236963541862, 0.04875755104873353
flux1:, 1.5743251208298952, 0.10407823134643752, 0.046390134554824054
flux1:, 1.5753074777004992, 0.08666285121439046, 0.04380642520182927
flux1:, 1.576289834571103, 0.06998854648059795, 0.04133305953391078
flux1:, 1.577272191441707, 0.07283992218359654, 0.03929969876731842
flux1:, 1.578254548312311, 0.06651430366651376, 0.03724522109037737
flux1:, 1.579236905182915, 0.04995817136538501, 0.03504510643172684
flux1:, 1.580219262053519, 0.04885244490295116, 0.03318691505893923
flux1:, 1.5812016189241227, 0.04987641041242282, 0.03156450588299245
flux1:, 1.5821839757947267, 0.03761627262492827, 0.02974427518350781
flux1:, 1.5831663326653307, 0.032140359210842406, 0.02801661712853267
flux1:, 1.5841486895359347, 0.0357849477536013, 0.026659264926833293
flux1:, 1.5851310464065387, 0.02950793714480959, 0.025249877100518448
flux1:, 1.5861134032771425, 0.021710608050858195, 0.023707404822590147
flux1:, 1.5870957601477467, 0.02434327948595543, 0.022473409667087264
flux1:, 1.5880781170183504, 0.023286048878643623, 0.02140420102448906
flux1:, 1.5890604738889544, 0.01584952328571733, 0.020129192884715274
flux1:, 1.5900428307595584, 0.01584918131397818, 0.01896273359419521
flux1:, 1.5910251876301624, 0.01783678248262274, 0.01810173623684324
flux1:, 1.5920075445007664, 0.012695220462785034, 0.017131756505864053
flux1:, 1.5929899013713702, 0.0102707561872504, 0.016062243004430883
flux1:, 1.5939722582419742, 0.012957805994948253, 0.01528485748088516
flux1:, 1.5949546151125782, 0.010734578507135401, 0.014581607380775678
flux1:, 1.5959369719831822, 0.007127163990041617, 0.013676464058585762
flux1:, 1.5969193288537862, 0.00887845760726952, 0.012918122269106715
flux1:, 1.59790168572439, 0.009047685085461164, 0.012385831003890353
flux1:, 1.598884042594994, 0.0056476326044928435, 0.011693013287430103
flux1:, 1.599866399465598, 0.005852724844059258, 0.01096091919230554
flux1:, 1.600848756336202, 0.007291788308795241, 0.010493906948875998
flux1:, 1.601831113206806, 0.0050291461332349, 0.01000705633783057
flux1:, 1.6028134700774097, 0.003936334705650871, 0.009353403993213619
flux1:, 1.6037958269480137, 0.005517780131646215, 0.008881892797758837
flux1:, 1.6047781838186177, 0.004650210482735463, 0.008541688931000246
flux1:, 1.6057605406892217, 0.002950271849721667, 0.008019921737195006
flux1:, 1.6067428975598257, 0.003937627871187404, 0.007530850416645894
flux1:, 1.6077252544304295, 0.004170611540535499, 0.007254754774916938
flux1:, 1.6087076113010335, 0.0025686272126369566, 0.006884345594672153
flux1:, 1.6096899681716375, 0.0027355627188740913, 0.006411346605862765
flux1:, 1.6106723250422414, 0.003513706874403118, 0.006131258109115195
flux1:, 1.6116546819128454, 0.0024502465942232445, 0.005887024156816603
flux1:, 1.6126370387834492, 0.001970261360240044, 0.0054802671007569154
flux1:, 1.6136193956540532, 0.0027701926934584164, 0.005167669175932586
flux1:, 1.6146017525246572, 0.002346426534566895, 0.0049942142855211365
flux1:, 1.6155841093952612, 0.0015709400520476314, 0.00468875388877423
flux1:, 1.6165664662658652, 0.0020792068008751658, 0.004357118375986745
flux1:, 1.617548823136469, 0.0021458270732789414, 0.004196295471772274
flux1:, 1.618531180007073, 0.0013968456719430941, 0.003994622322315523
flux1:, 1.619513536877677, 0.0015379829479439822, 0.003682198890166438
flux1:, 1.620495893748281, 0.0018527960888068387, 0.003497387937286606
flux1:, 1.621478250618885, 0.0013125389596983159, 0.0033715451532204737
flux1:, 1.6224606074894887, 0.0011685853315863417, 0.003116762282628081
flux1:, 1.6234429643600927, 0.001526449796223283, 0.0029028404349850387
flux1:, 1.6244253212306967, 0.001236017918833799, 0.0028106185567956087
flux1:, 1.6254076781013007, 0.000937389368034145, 0.002633159030906256
flux1:, 1.6263900349719047, 0.0012219175531482341, 0.002410663272191402
flux1:, 1.6273723918425085, 0.0011421575104303607, 0.002314937632014011
flux1:, 1.6283547487131127, 0.0007964834027219344, 0.002209540822737022
flux1:, 1.6293371055837165, 0.0009637865225938033, 0.002009394360228393
flux1:, 1.6303194624543205, 0.0010353703252450525, 0.0018912141911237058
flux1:, 1.6313018193249245, 0.0007127057655593568, 0.001833545889376784
flux1:, 1.6322841761955285, 0.0007534328565898396, 0.001681150768811226
flux1:, 1.6332665330661325, 0.0009211418188500771, 0.0015426897940972288
flux1:, 1.6342488899367362, 0.0006699985878630894, 0.001501712033690642
flux1:, 1.6352312468073402, 0.0005889528327707583, 0.0014068361683551756
flux1:, 1.6362136036779442, 0.0007968891998468169, 0.001265569585433812
flux1:, 1.6371959605485482, 0.0006554881695673948, 0.0012160245173311408
flux1:, 1.6381783174191522, 0.0004752386759625243, 0.0011708390768561735
flux1:, 1.639160674289756, 0.0006606429265893603, 0.0010491195573349888
flux1:, 1.64014303116036, 0.000649002155552702, 0.000979523597695288
flux1:, 1.641125388030964, 0.00041810601424888567, 0.0009637289673648032
flux1:, 1.642107744901568, 0.0005218987079286257, 0.0008784128580605239
flux1:, 1.643090101772172, 0.0006263668407749672, 0.0007925350069934362
flux1:, 1.6440724586427757, 0.000412463508144799, 0.0007824463387871813
flux1:, 1.6450548155133797, 0.0004017490911328022, 0.0007382929617317363
flux1:, 1.6460371723839837, 0.000571715633730499, 0.000650603917450123
flux1:, 1.6470195292545877, 0.0004375967078991357, 0.0006282719149818906
flux1:, 1.6480018861251917, 0.0003219076702792019, 0.0006170474371825511
flux1:, 1.6489842429957955, 0.0004869349780959097, 0.0005446639538810328
flux1:, 1.6499665998663995, 0.00046417087625358247, 0.0005035540322417048
flux1:, 1.6509489567370035, 0.0002918120434377481, 0.0005084920551525258
flux1:, 1.6519313136076075, 0.0003904984792067162, 0.00046319984455476165
flux1:, 1.6529136704782115, 0.0004674634988875515, 0.00040859774967104005
flux1:, 1.6538960273488152, 0.00030318720191851295, 0.00041181541022348875
flux1:, 1.6548783842194192, 0.0003070137536989684, 0.00039539194678234337
flux1:, 1.6558607410900232, 0.0004376192377919327, 0.00033999195279145103
flux1:, 1.6568430979606272, 0.0003347416865947681, 0.00032947469179068665
flux1:, 1.6578254548312312, 0.0002548812471509643, 0.0003338566677173714
flux1:, 1.658807811701835, 0.0003813016638875656, 0.0002909417970671341
flux1:, 1.659790168572439, 0.0003626962657919604, 0.0002642288120042101
flux1:, 1.660772525443043, 0.00023913271049910334, 0.0002758599615140094
flux1:, 1.661754882313647, 0.00031552195845178943, 0.0002532432763227964
flux1:, 1.662737239184251, 0.00037042047291560294, 0.00021665908667704365
flux1:, 1.6637195960548548, 0.0002518051906296043, 0.00022263369722105592
flux1:, 1.6647019529254587, 0.0002585817180310827, 0.00021983830824345765
flux1:, 1.6656843097960627, 0.00035283490309156405, 0.0001841680044187675
flux1:, 1.6666666666666667, 0.00027751573866389675, 0.00017729124291152623
