flux1:, 1.1764705882352942, 0.00045827034423930366, -1.16339599162694e-08
flux1:, 1.1774529451058982, 0.0001243241303217743, 0.00010103061843008305
flux1:, 1.1784353019765021, -6.313047331337046e-05, 0.00011220017335422544
flux1:, 1.179417658847106, 0.0004821473230662343, 9.50170803039538e-06
flux1:, 1.18040001571771, 0.00040051592230711474, 6.375959112619054e-05
flux1:, 1.181382372588314, -0.00012904591836665545, 0.00014998895620786597
flux1:, 1.182364729458918, 0.0003301847643871869, 5.458983430144868e-05
flux1:, 1.183347086329522, 0.0006966422867152355, 1.9707825408141358e-05
flux1:, 1.1843294432001257, 1.3229691825213943e-05, 0.00012812420292561394
flux1:, 1.1853118000707297, 6.059901401672513e-05, 9.883702431780556e-05
flux1:, 1.1862941569413337, 0.0008203764779719018, 5.991311063824146e-06
flux1:, 1.1872765138119377, 0.00034696546922831817, 7.14217434825455e-05
flux1:, 1.1882588706825417, -0.00014954862109559826, 0.00010329819183795234
flux1:, 1.1892412275531457, 0.0007155277263114642, 1.7788371009361426e-05
flux1:, 1.1902235844237494, 0.0007558016528374977, 3.211398806866776e-05
flux1:, 1.1912059412943534, -0.00017573254534642587, 7.61301550215048e-05
flux1:, 1.1921882981649574, 0.00043370818287606687, 2.1247707592333927e-05
flux1:, 1.1931706550355614, 0.0011521433195340622, 2.9714294916363964e-05
flux1:, 1.1941530119061654, 7.642152100635415e-05, 6.308866285824613e-05
flux1:, 1.1951353687767692, 3.275245669564127e-05, -1.510675410290633e-06
flux1:, 1.1961177256473732, 0.0014067098408286228, 4.0945174627378294e-05
flux1:, 1.1971000825179772, 0.0007352997880925882, 0.0001290854474936213
flux1:, 1.1980824393885812, -0.000313798631100875, 4.682822389460075e-06
flux1:, 1.1990647962591852, 0.001211642278798775, 1.6807800328588304e-05
flux1:, 1.200047153129789, 0.0016992471639664174, 0.0002889183322150099
flux1:, 1.201029510000393, -0.00013547911822219645, 0.0002073886569924158
flux1:, 1.202011866870997, 0.00040119081868694105, -1.407586279377798e-06
flux1:, 1.202994223741601, 0.00215517436635467, 0.00037291281010121965
flux1:, 1.203976580612205, 0.0007292240557643512, 0.000611155037927309
flux1:, 1.2049589374828087, -0.00031037487435312347, 0.00018692984298431773
flux1:, 1.2059412943534127, 0.0016415915439926927, 0.00027521729543628537
flux1:, 1.2069236512240167, 0.001544897134392797, 0.0008832977541006519
flux1:, 1.2079060080946207, -0.00034711057579800165, 0.0006123851806720779
flux1:, 1.2088883649652247, 0.0008563951267433702, 0.00021053485539116674
flux1:, 1.2098707218358287, 0.0019450220706763261, 0.0008859672001026585
flux1:, 1.2108530787064324, 4.3358970742587294e-05, 0.0011208436933541055
flux1:, 1.2118354355770364, 0.0002907287908357633, 0.00039413834930312336
flux1:, 1.2128177924476404, 0.00217568341927209, 0.0007312015078587281
flux1:, 1.2138001493182444, 0.0006595958531096731, 0.001577410790675126
flux1:, 1.2147825061888484, -6.355439655671118e-05, 0.0009464952438019987
flux1:, 1.2157648630594522, 0.0025494886039152407, 0.0006106756904379671
flux1:, 1.2167472199300562, 0.0018184299531381438, 0.0018479795947666433
flux1:, 1.2177295768006602, -0.0002725797316040838, 0.001909079011857323
flux1:, 1.2187119336712642, 0.0030215711850710113, 0.0008180591787646098
flux1:, 1.2196942905418682, 0.004492429633512947, 0.0016785185620279042
flux1:, 1.220676647412472, 0.0004801970345861488, 0.002829842952718216
flux1:, 1.221659004283076, 0.0023824468953390658, 0.0015561312351153396
flux1:, 1.22264136115368, 0.00793843923885229, 0.0008537059566893149
flux1:, 1.223623718024284, 0.004165930909953454, 0.002165393928169824
flux1:, 1.224606074894888, 0.00030475778742960243, 0.0018306042124469426
flux1:, 1.2255884317654917, 0.006754139690581449, 0.0001979530013707027
flux1:, 1.2265707886360957, 0.008060211008343934, 0.0006385608533262755
flux1:, 1.2275531455066997, 0.0004809823417726154, 0.0012121553600186838
flux1:, 1.2285355023773037, 0.0027886590665661334, 3.2758331149871224e-05
flux1:, 1.2295178592479077, 0.009566501638873043, -1.3397610763155826e-05
flux1:, 1.2305002161185117, 0.003596514056535996, 0.0007788605985540388
flux1:, 1.2314825729891155, 3.7785432147062606e-05, -0.00014811750160098977
flux1:, 1.2324649298597194, 0.009789663487902568, -0.00022857411422318353
flux1:, 1.2334472867303234, 0.01050946836246991, 0.0013270523734395959
flux1:, 1.2344296436009274, 0.0015589659310430558, 0.0005278648364290573
flux1:, 1.2354120004715314, 0.008083560001717399, -2.4273557577034937e-05
flux1:, 1.2363943573421352, 0.01919526618726157, 0.004263603358184013
flux1:, 1.2373767142127392, 0.011232091108095452, 0.006976693591755545
flux1:, 1.2383590710833432, 0.0020157556728130264, 0.003780600641048216
flux1:, 1.2393414279539472, 0.007069443696901718, 0.003110563953620473
flux1:, 1.2403237848245512, 0.007428404347452037, 0.006691052405088751
flux1:, 1.241306141695155, 0.0009156347213088946, 0.00565612329759958
flux1:, 1.242288498565759, 0.003479137863432227, 0.0025172265197625256
flux1:, 1.243270855436363, 0.005725290861783189, 0.005162469980249527
flux1:, 1.244253212306967, 0.0003176947797911093, 0.0071813584831793495
flux1:, 1.245235569177571, 0.0026958205937771206, 0.0038509882768547584
flux1:, 1.2462179260481747, 0.007404837629546999, 0.004546542148366352
flux1:, 1.2472002829187787, 0.0005685585757676236, 0.009402694088127663
flux1:, 1.2481826397893827, 0.0013251683868246108, 0.007976428577139469
flux1:, 1.2491649966599867, 0.014690544936899549, 0.005704551138722003
flux1:, 1.2501473535305907, 0.011853742645014313, 0.012698548861374575
flux1:, 1.2511297104011945, 0.003412661016688143, 0.017829595381558757
flux1:, 1.2521120672717985, 0.02228446430818108, 0.009869666963378453
flux1:, 1.2530944241424025, 0.03910727652070365, 0.0005037222867203367
flux1:, 1.2540767810130065, 0.01936171714805967, 0.0004690320424529606
flux1:, 1.2550591378836105, 0.0016345671248133946, 0.002570995414488785
flux1:, 1.2560414947542144, 0.012737019865720147, 0.0012061206066045743
flux1:, 1.2570238516248182, 0.015792498875846387, 0.0005873253127213582
flux1:, 1.2580062084954222, 0.002832316843938428, 0.001993113546254355
flux1:, 1.2589885653660262, 0.005492380872514327, 0.0027460798904058712
flux1:, 1.2599709222366302, 0.013691580861118744, 0.002725724222828777
flux1:, 1.2609532791072342, 0.005907120312917944, 0.0029042645218845093
flux1:, 1.261935635977838, 0.0030386450003155934, 0.003577498224308781
flux1:, 1.262917992848442, 0.011870093502128545, 0.004464257512045674
flux1:, 1.263900349719046, 0.009175208819600645, 0.0044985644830915
flux1:, 1.26488270658965, 0.0028420409052162922, 0.004437707560098281
flux1:, 1.265865063460254, 0.009869977539144387, 0.005746220517730117
flux1:, 1.266847420330858, 0.012091834152189711, 0.006460863016106536
flux1:, 1.2678297772014617, 0.0044707315704473945, 0.005774685923551424
flux1:, 1.2688121340720657, 0.007896609537728902, 0.0067578697271135765
flux1:, 1.2697944909426697, 0.014128219848255595, 0.008482900990899038
flux1:, 1.2707768478132737, 0.0076759750892852275, 0.007801884433300041
flux1:, 1.2717592046838777, 0.006561473895425883, 0.007846032190690735
flux1:, 1.2727415615544815, 0.014907285871460493, 0.010316685223062488
flux1:, 1.2737239184250855, 0.01194262193740522, 0.010487619983738579
flux1:, 1.2747062752956895, 0.006640662337526499, 0.00944501387852762
flux1:, 1.2756886321662935, 0.01443918847754101, 0.01189272987647882
flux1:, 1.2766709890368975, 0.016433303489199032, 0.013580698789844126
flux1:, 1.2776533459075012, 0.008764094467338496, 0.01194173988056177
flux1:, 1.2786357027781052, 0.013273493662573964, 0.01340504372401865
flux1:, 1.2796180596487092, 0.020176727634178805, 0.016717551415694518
flux1:, 1.2806004165193132, 0.013100334897957885, 0.015523666477768762
flux1:, 1.2815827733899172, 0.012461971095623265, 0.015305371616124264
flux1:, 1.282565130260521, 0.02241740342492255, 0.019599649991237113
flux1:, 1.283547487131125, 0.019161714595562363, 0.020077741678156548
flux1:, 1.284529844001729, 0.013290881697486772, 0.018183310557524385
flux1:, 1.285512200872333, 0.02299531749590199, 0.022185270478937133
flux1:, 1.286494557742937, 0.025847555189155835, 0.02520232715964419
flux1:, 1.2874769146135407, 0.016835476927935928, 0.022556275620541532
flux1:, 1.2884592714841447, 0.02258618499194874, 0.024814756740616988
flux1:, 1.2894416283547487, 0.031773432276282855, 0.030358378601531125
flux1:, 1.2904239852253527, 0.023485021949407246, 0.028641234312925083
flux1:, 1.2914063420959567, 0.022651773421505584, 0.028195368066375
flux1:, 1.2923886989665605, 0.03582071916161094, 0.03512943840820636
flux1:, 1.2933710558371645, 0.0326423610866477, 0.0362082973148437
flux1:, 1.2943534127077685, 0.025038931047263596, 0.03321479065772125
flux1:, 1.2953357695783725, 0.037723368874641415, 0.039501634657840456
flux1:, 1.2963181264489765, 0.04278198203001049, 0.044606841697669916
flux1:, 1.2973004833195805, 0.031307160031017904, 0.04062162093845732
flux1:, 1.2982828401901843, 0.03843973693065622, 0.04404040162194908
flux1:, 1.2992651970607882, 0.051941821121852694, 0.05300162749275226
flux1:, 1.3002475539313922, 0.04201040536118076, 0.050682822794324296
flux1:, 1.3012299108019962, 0.04008150891932116, 0.049852276779518416
flux1:, 1.3022122676726002, 0.05854948822817834, 0.0607707237360041
flux1:, 1.303194624543204, 0.05624547128083687, 0.06297077895798729
flux1:, 1.304176981413808, 0.04530682811561639, 0.05828626265136297
flux1:, 1.305159338284412, 0.06230210010053965, 0.06792822948952587
flux1:, 1.306141695155016, 0.07174934098925283, 0.07641787413781874
flux1:, 1.30712405202562, 0.0563023022830768, 0.07043560891752894
flux1:, 1.308106408896224, 0.0647109494003356, 0.07538194160768336
flux1:, 1.3090887657668278, 0.0856591904938969, 0.08969428493726195
flux1:, 1.3100711226374318, 0.07370604522509448, 0.08661192494525137
flux1:, 1.3110534795080357, 0.06896097598745993, 0.08485502540325196
flux1:, 1.3120358363786397, 0.09577509394560699, 0.10183160038545999
flux1:, 1.3130181932492437, 0.09595777339196705, 0.10602901283641711
flux1:, 1.3140005501198475, 0.07894957116140505, 0.0984044427820974
flux1:, 1.3149829069904515, 0.10188147059641754, 0.11287675407002049
flux1:, 1.3159652638610555, 0.11950907470387892, 0.12690940683684798
flux1:, 1.3169476207316595, 0.09771450835620998, 0.1176358359486914
flux1:, 1.3179299776022635, 0.1065206922897875, 0.12428044322899223
flux1:, 1.3189123344728673, 0.14005304657404877, 0.14709609620599406
flux1:, 1.3198946913434713, 0.12581442071772475, 0.1428864250935857
flux1:, 1.3208770482140753, 0.11468739740258223, 0.13875674771554958
flux1:, 1.3218594050846793, 0.15449831637953917, 0.16504383813676235
flux1:, 1.3228417619552832, 0.16041991806311748, 0.17274566633671673
flux1:, 1.323824118825887, 0.13226311324728404, 0.15951460448476357
flux1:, 1.324806475696491, 0.16297713706663747, 0.18085287396472505
flux1:, 1.325788832567095, 0.19576734838359397, 0.20424107597555494
flux1:, 1.326771189437699, 0.16355324602232485, 0.18901876161208833
flux1:, 1.327753546308303, 0.16994948494757517, 0.19688927034217032
flux1:, 1.3287359031789068, 0.22518289957318546, 0.23381472863363897
flux1:, 1.3297182600495108, 0.2088187295102791, 0.2276956352050126
flux1:, 1.3307006169201148, 0.18361176330219267, 0.21758886442034686
flux1:, 1.3316829737907188, 0.2442190289128939, 0.25890506688030707
flux1:, 1.3326653306613228, 0.26296041382044044, 0.27314307409558997
flux1:, 1.3336476875319265, 0.2133707940328287, 0.2482837300340114
flux1:, 1.3346300444025305, 0.2538113999992577, 0.2796410526481723
flux1:, 1.3356124012731345, 0.3163278977089105, 0.3203448528397001
flux1:, 1.3365947581437385, 0.26594774860806014, 0.2932574282950348
flux1:, 1.3375771150143425, 0.2620592084362662, 0.2999848134580894
flux1:, 1.3385594718849465, 0.35796943798340203, 0.3631174715396039
flux1:, 1.3395418287555503, 0.3414313615885256, 0.3535975755604551
flux1:, 1.3405241856261543, 0.28346291351267683, 0.3277222731932663
flux1:, 1.3415065424967583, 0.3807132433713659, 0.39660998804343256
flux1:, 1.3424888993673623, 0.4309720957918086, 0.42562399469312234
flux1:, 1.3434712562379663, 0.335231716511197, 0.37301374128547743
flux1:, 1.34445361310857, 0.38663788914305536, 0.42029677503162655
flux1:, 1.345435969979174, 0.5175813755575416, 0.5006249689531858
flux1:, 1.346418326849778, 0.43138421828478607, 0.4456977375793638
flux1:, 1.347400683720382, 0.39118131105281645, 0.44075423359673355
flux1:, 1.348383040590986, 0.5806902561915478, 0.5663261701344903
flux1:, 1.34936539746159, 0.5764426899828653, 0.5520471884469977
flux1:, 1.3503477543321938, 0.4248129068150243, 0.473871381761206
flux1:, 1.3513301112027978, 0.6040643056037655, 0.6100733502611586
flux1:, 1.3523124680734018, 0.761197969751912, 0.6920701659732543
flux1:, 1.3532948249440058, 0.533755641461508, 0.5477265451142694
flux1:, 1.3542771818146098, 0.5862862355290137, 0.6235482931272986
flux1:, 1.3552595386852135, 0.9631853195147839, 0.858746775579184
flux1:, 1.3562418955558175, 0.7902820178931581, 0.7139357470585026
flux1:, 1.3572242524264215, 0.5573311725909943, 0.61123824631721
flux1:, 1.3582066092970255, 1.1552528770934714, 1.041726460103609
flux1:, 1.3591889661676295, 1.3789097782448407, 1.1199719166628692
flux1:, 1.3601713230382333, 0.6578187444260065, 0.6399309114137198
flux1:, 1.3611536799088373, 1.3414498695774, 1.2521128354561446
flux1:, 1.3621360367794413, 3.8428247568522433, 3.0592959349580986
flux1:, 1.3631183936500453, 4.559816730271808, 3.6703535583375073
flux1:, 1.3641007505206493, 2.4029745379860135, 2.5610712945740968
flux1:, 1.365083107391253, 0.815294333852425, 1.819968573258924
flux1:, 1.366065464261857, 1.0983334941794887, 1.816663846136541
flux1:, 1.367047821132461, 1.0492850718124342, 1.1810705165801656
flux1:, 1.368030178003065, 0.39154782895847173, 0.44517360582778576
flux1:, 1.369012534873669, 0.5854423596543038, 0.8054722269057337
flux1:, 1.3699948917442728, 1.0558819023068662, 1.2350679873828712
flux1:, 1.3709772486148768, 0.9020992140019997, 0.8049475399817259
flux1:, 1.3719596054854808, 0.8941249747146545, 0.6786832648943564
flux1:, 1.3729419623560848, 1.1421254407743133, 1.1921310717835671
flux1:, 1.3739243192266888, 1.1969899016937455, 1.0790838769562323
flux1:, 1.3749066760972926, 2.0277838356141618, 0.7757733965896452
flux1:, 1.3758890329678966, 3.522995276887906, 1.9518403162530131
flux1:, 1.3768713898385005, 3.3103802090683945, 3.767937771277581
flux1:, 1.3778537467091045, 1.3735251000570905, 3.914519700485223
flux1:, 1.3788361035797085, 0.559745951075369, 2.535337229507057
flux1:, 1.3798184604503125, 1.1503528336825797, 1.5812175415773628
flux1:, 1.3808008173209163, 1.096180978071619, 1.5942051870525378
flux1:, 1.3817831741915203, 0.6763953946151808, 1.73595452213402
flux1:, 1.3827655310621243, 1.0895208286462317, 1.649700781957518
flux1:, 1.3837478879327283, 1.3748359096378486, 1.5887413743488217
flux1:, 1.3847302448033323, 0.9643992787312345, 1.6432906971984544
flux1:, 1.3857126016739363, 1.0289616019574803, 1.6935280212039674
flux1:, 1.38669495854454, 1.4753830704026147, 1.6808259558957965
flux1:, 1.387677315415144, 1.2674874346528444, 1.6690519192912951
flux1:, 1.388659672285748, 1.0433822612094625, 1.718992861139422
flux1:, 1.389642029156352, 1.4415188065804265, 1.7599034015324895
flux1:, 1.390624386026956, 1.5137576449853942, 1.7352756293477793
flux1:, 1.3916067428975598, 1.158083442639192, 1.7419524959218908
flux1:, 1.3925890997681638, 1.3415573506768919, 1.803009159972242
flux1:, 1.3935714566387678, 1.6416966464384986, 1.802613438456031
flux1:, 1.3945538135093718, 1.347001274272838, 1.770399906720842
flux1:, 1.3955361703799758, 1.2538156311798412, 1.8123946498427346
flux1:, 1.3965185272505796, 1.6281826139525568, 1.8441346178814804
flux1:, 1.3975008841211836, 1.5431417983143885, 1.800145620051306
flux1:, 1.3984832409917876, 1.237706295106112, 1.7994170765570692
flux1:, 1.3994655978623916, 1.4998777959461524, 1.8452863546905232
flux1:, 1.4004479547329955, 1.6654158840334787, 1.8167328116403128
flux1:, 1.4014303116035993, 1.3081095057478132, 1.7735917606539364
flux1:, 1.4024126684742033, 1.3222453314098628, 1.8036146266163071
flux1:, 1.4033950253448073, 1.6516560376637768, 1.8011724089141334
flux1:, 1.4043773822154113, 1.4260621151734767, 1.7349858762952783
flux1:, 1.4053597390860153, 1.17074712736767, 1.7240847611254326
flux1:, 1.406342095956619, 1.4841892181195429, 1.7360733791044947
flux1:, 1.407324452827223, 1.5100987650695292, 1.6710485943081999
flux1:, 1.408306809697827, 1.0954552152426624, 1.6108171846643538
flux1:, 1.409289166568431, 1.1978138423574776, 1.6088277483702702
flux1:, 1.410271523439035, 1.4640059897539468, 1.5576113016618185
flux1:, 1.4112538803096388, 1.0916185822281053, 1.45781932438963
flux1:, 1.4122362371802428, 0.8673741711906302, 1.4100249287943598
flux1:, 1.4132185940508468, 1.212569669175425, 1.3625340533601542
flux1:, 1.4142009509214508, 1.0857954930166847, 1.241831345129157
flux1:, 1.4151833077920548, 0.5794335221398059, 1.1281865028477533
flux1:, 1.4161656646626586, 0.7406972023066618, 1.0520617239264705
flux1:, 1.4171480215332626, 0.9467353895896315, 0.9230764222524713
flux1:, 1.4181303784038666, 0.3978903478820499, 0.7489528488227079
flux1:, 1.4191127352744706, 0.14603410526189392, 0.6103194227641691
flux1:, 1.4200950921450746, 0.550442035060473, 0.47489261429201585
flux1:, 1.4210774490156786, 0.3415724511092001, 0.2892155566702502
flux1:, 1.4220598058862823, -0.2720108983281811, 0.11298191953995466
flux1:, 1.4230421627568863, -0.008613911727357114, 0.0038516811167542495
flux1:, 1.4240245196274903, 0.41804951607578994, -0.06791398977892797
flux1:, 1.4250068764980943, 0.004601509821151085, -0.11033798851006771
flux1:, 1.4259892333686983, -0.09087987508025759, -0.055896409687809914
flux1:, 1.4269715902393023, 0.7390665328833413, 0.1325449915480921
flux1:, 1.427953947109906, 1.1223376755834804, 0.39834694395109294
flux1:, 1.42893630398051, 0.9168534300929525, 0.6891354401732741
flux1:, 1.429918660851114, 1.4253743271458001, 1.0325065048334492
flux1:, 1.430901017721718, 2.264729273113647, 1.4277989073590784
flux1:, 1.431883374592322, 2.317214476858691, 1.782461914671705
flux1:, 1.4328657314629258, 2.290538011882101, 2.0678034154917135
flux1:, 1.4338480883335298, 2.902858642647595, 2.3607813209459345
flux1:, 1.4348304452041338, 3.252996646631466, 2.651246585588996
flux1:, 1.4358128020747378, 3.065874130806257, 2.8569060867241687
flux1:, 1.4367951589453418, 3.2500098432059583, 3.0249990020297064
flux1:, 1.4377775158159456, 3.684623748116868, 3.2309251157786694
flux1:, 1.4387598726865496, 3.6397390713575417, 3.403585701872986
flux1:, 1.4397422295571536, 3.5452301515842133, 3.507426043928399
flux1:, 1.4407245864277576, 3.859834750135301, 3.6402163137171613
flux1:, 1.4417069432983616, 4.009043054020129, 3.799094953491503
flux1:, 1.4426893001689653, 3.8552955716151467, 3.892984642571095
flux1:, 1.4436716570395693, 3.97249168182778, 3.9749217209233416
flux1:, 1.4446540139101733, 4.2192293129738365, 4.113626577398537
flux1:, 1.4456363707807773, 4.15520386568154, 4.22395170365127
flux1:, 1.4466187276513813, 4.115582109297476, 4.283311957981848
flux1:, 1.447601084521985, 4.334223717327494, 4.390106363368127
flux1:, 1.448583441392589, 4.40033928366264, 4.516240169870998
flux1:, 1.449565798263193, 4.302131853770468, 4.57896061137913
flux1:, 1.450548155133797, 4.412802161028798, 4.650269808495811
flux1:, 1.451530512004401, 4.561243669740089, 4.773777985987559
flux1:, 1.4525128688750049, 4.494468863618461, 4.853880975974165
flux1:, 1.4534952257456089, 4.4878308201138095, 4.897719163998159
flux1:, 1.4544775826162128, 4.6323127389235985, 4.995233302040254
flux1:, 1.4554599394868168, 4.634593121093809, 5.089459496942601
flux1:, 1.4564422963574208, 4.554772970118107, 5.120638759433476
flux1:, 1.4574246532280246, 4.623625733330744, 5.1761274984381185
flux1:, 1.4584070100986286, 4.672171521790332, 5.2662790096451575
flux1:, 1.4593893669692326, 4.576368570110876, 5.297725598455672
flux1:, 1.4603717238398366, 4.545459440475828, 5.309734448947981
flux1:, 1.4613540807104406, 4.583984495051629, 5.3721804337683405
flux1:, 1.4623364375810444, 4.504971074980605, 5.407573439490831
flux1:, 1.4633187944516486, 4.397513520761579, 5.388515602178357
flux1:, 1.4643011513222524, 4.379210590353382, 5.405828859862228
flux1:, 1.4652835081928564, 4.314226377487109, 5.436973838517215
flux1:, 1.4662658650634603, 4.173708413408955, 5.404630638511334
flux1:, 1.4672482219340643, 4.091056456557852, 5.372491861039885
flux1:, 1.4682305788046683, 4.022181596573572, 5.381618093043364
flux1:, 1.4692129356752721, 3.8828988672733966, 5.34685901371871
flux1:, 1.470195292545876, 3.7634592321846903, 5.272993141837502
flux1:, 1.47117764941648, 3.6865991436476215, 5.239627854623046
flux1:, 1.472160006287084, 3.56552736766542, 5.198587811342903
flux1:, 1.473142363157688, 3.441598214239143, 5.097536910337088
flux1:, 1.4741247200282919, 3.3698418809478237, 5.010848169704102
flux1:, 1.4751070768988959, 3.2768149363922885, 4.950109495512043
flux1:, 1.4760894337694999, 3.1633443525882137, 4.838983458105354
flux1:, 1.4770717906401039, 3.103630136975698, 4.7092247744811155
flux1:, 1.4780541475107078, 3.045675977846808, 4.62020274683109
flux1:, 1.4790365043813116, 2.9470732097914953, 4.513840805616551
flux1:, 1.4800188612519156, 2.8891399454935667, 4.368720505685716
flux1:, 1.4810012181225196, 2.8629106138238734, 4.255609615921971
flux1:, 1.4819835749931236, 2.7872301720973276, 4.16089206415519
flux1:, 1.4829659318637276, 2.7194591436302287, 4.028637341923581
flux1:, 1.4839482887343314, 2.7084104831932216, 3.905098489221201
flux1:, 1.4849306456049354, 2.66517533453845, 3.820596728852143
flux1:, 1.4859130024755394, 2.590386802990444, 3.7170935338564353
flux1:, 1.4868953593461434, 2.5739088234331184, 3.5993714714009064
flux1:, 1.4878777162167474, 2.5635324629296523, 3.520689056852606
flux1:, 1.4888600730873511, 2.4975737165832506, 3.4478838856040137
flux1:, 1.4898424299579551, 2.463217346677677, 3.3494759841241053
flux1:, 1.4908247868285591, 2.4733726231215063, 3.274493599903069
flux1:, 1.4918071436991631, 2.433286393115625, 3.2252914839512283
flux1:, 1.4927895005697671, 2.3828164265406477, 3.15382955463557
flux1:, 1.4937718574403709, 2.394135830476042, 3.0844520988407074
flux1:, 1.4947542143109749, 2.3870889984473447, 3.048593077716155
flux1:, 1.4957365711815789, 2.3340207268480575, 3.004648416305673
flux1:, 1.4967189280521829, 2.32951341200284, 2.9453129989501927
flux1:, 1.4977012849227869, 2.348063925753637, 2.9135629028093146
flux1:, 1.4986836417933906, 2.3091102791677254, 2.8909701481568626
flux1:, 1.4996659986639946, 2.281401041325236, 2.845407082110963
flux1:, 1.5006483555345986, 2.305773010067314, 2.8112843568309187
flux1:, 1.5016307124052026, 2.290308783434805, 2.7983990925265383
flux1:, 1.5026130692758066, 2.243127655215326, 2.7659839976037426
flux1:, 1.5035954261464104, 2.248605410587628, 2.725195411156765
flux1:, 1.5045777830170146, 2.2506299450759326, 2.7066708971981206
flux1:, 1.5055601398876184, 2.1937986815514736, 2.67956774255484
flux1:, 1.5065424967582224, 2.160280225715621, 2.6281201290323377
flux1:, 1.5075248536288264, 2.157514181036016, 2.5876659742486416
flux1:, 1.5085072104994304, 2.098233020761606, 2.5507062816700734
flux1:, 1.5094895673700344, 2.0188012890832803, 2.483767788995926
flux1:, 1.5104719242406381, 1.9826840343143646, 2.4093987301730677
flux1:, 1.5114542811112421, 1.9198054860958378, 2.3456446721166175
flux1:, 1.5124366379818461, 1.8051415906760166, 2.2597338280719055
flux1:, 1.5134189948524501, 1.7197581376746216, 2.151450886623414
flux1:, 1.5144013517230541, 1.6472446361145912, 2.0534725653745958
flux1:, 1.515383708593658, 1.5220981182664242, 1.95126604696719
flux1:, 1.516366065464262, 1.3981706161463487, 1.8247536544271985
flux1:, 1.5173484223348659, 1.31411537029943, 1.7025631875333036
flux1:, 1.5183307792054699, 1.2043997950026404, 1.5938966742698795
flux1:, 1.5193131360760739, 1.0724368532775566, 1.472202915774569
flux1:, 1.5202954929466777, 0.9823924171965172, 1.3473931733493774
flux1:, 1.5212778498172816, 0.901232607207504, 1.2435400431735537
flux1:, 1.5222602066878856, 0.7902183194689948, 1.1426878524100497
flux1:, 1.5232425635584896, 0.7030157841046291, 1.0345176988172642
flux1:, 1.5242249204290936, 0.6479387511814283, 0.9428476341771515
flux1:, 1.5252072772996974, 0.571432303068906, 0.8660139292188881
flux1:, 1.5261896341703014, 0.49498179454152663, 0.783418921133045
flux1:, 1.5271719910409054, 0.4557107863347308, 0.7071952896720858
flux1:, 1.5281543479115094, 0.4122810674894708, 0.6493924436379844
flux1:, 1.5291367047821134, 0.3521421080267469, 0.5918031244092115
flux1:, 1.5301190616527172, 0.3192845424446002, 0.5319985450723794
flux1:, 1.5311014185233212, 0.299278926847345, 0.4868462482110769
flux1:, 1.5320837753939252, 0.25813225300742787, 0.4485333361711339
flux1:, 1.5330661322645291, 0.22725991145843186, 0.40468679689298415
flux1:, 1.5340484891351331, 0.21918029633457836, 0.3680002877373552
flux1:, 1.535030846005737, 0.19639332664749568, 0.34201922160218273
flux1:, 1.536013202876341, 0.16781005533268187, 0.31228075433259583
flux1:, 1.536995559746945, 0.16241831798366918, 0.2824606022816051
flux1:, 1.537977916617549, 0.15429016584504815, 0.2630817881726822
flux1:, 1.538960273488153, 0.1306859693204255, 0.24436756260207423
flux1:, 1.5399426303587567, 0.12280062651697968, 0.22127880502261701
flux1:, 1.5409249872293607, 0.1237667493705734, 0.2049864368703743
flux1:, 1.5419073440999647, 0.10775382606449786, 0.19355673390326658
flux1:, 1.5428897009705687, 0.09616113739400163, 0.17723080190797424
flux1:, 1.5438720578411727, 0.10042805451901789, 0.16267755720543606
flux1:, 1.5448544147117764, 0.09306681884915904, 0.1549435214238476
flux1:, 1.5458367715823806, 0.07933705331386237, 0.14473479082273544
flux1:, 1.5468191284529844, 0.08220487505779277, 0.13207843199063302
flux1:, 1.5478014853235884, 0.082623696278453, 0.12533535047532654
flux1:, 1.5487838421941924, 0.06969961734799825, 0.1196887421789323
flux1:, 1.5497661990647964, 0.06828761751702206, 0.10968417883459716
flux1:, 1.5507485559354004, 0.07391840123517686, 0.10255106211692351
flux1:, 1.5517309128060042, 0.0649114912065837, 0.09931235795570545
flux1:, 1.5527132696766082, 0.05850629949222308, 0.09246596929079283
flux1:, 1.5536956265472122, 0.06559422850924412, 0.08490727689475731
flux1:, 1.5546779834178162, 0.06268212709535845, 0.08199319943203319
flux1:, 1.5556603402884202, 0.05286469157503047, 0.07804248066679177
flux1:, 1.556642697159024, 0.0574024257140403, 0.07094195722250467
flux1:, 1.557625054029628, 0.06074486797124354, 0.06705957549220576
flux1:, 1.558607410900232, 0.050927759042826766, 0.06496087494409912
flux1:, 1.559589767770836, 0.05015251144015931, 0.05938386294354468
flux1:, 1.56057212464144, 0.05737706486541553, 0.05440206031952961
flux1:, 1.5615544815120437, 0.051324315535029766, 0.05279519097334622
flux1:, 1.5625368383826477, 0.04511831681569278, 0.04928455202645252
flux1:, 1.5635191952532517, 0.05214982688163006, 0.04401722106732494
flux1:, 1.5645015521238557, 0.05197087412282406, 0.04185968307185256
flux1:, 1.5654839089944597, 0.04300187862929209, 0.04014149334858598
flux1:, 1.5664662658650634, 0.04607177102207569, 0.03569663064010815
flux1:, 1.5674486227356674, 0.0510220425188173, 0.03267369342459113
flux1:, 1.5684309796062714, 0.04326660574775096, 0.03187972683924569
flux1:, 1.5694133364768754, 0.04082125251919071, 0.029001140457328736
flux1:, 1.5703956933474794, 0.04776964139647478, 0.02551598728960235
flux1:, 1.5713780502180832, 0.04436668882067175, 0.02469511033613045
flux1:, 1.5723604070886872, 0.037662324872735825, 0.023437310630890124
flux1:, 1.5733427639592912, 0.04282363292163022, 0.02026381853827958
flux1:, 1.5743251208298952, 0.04458293006202204, 0.018845700741488967
flux1:, 1.5753074777004992, 0.03678386795738703, 0.018652478190169075
flux1:, 1.576289834571103, 0.037591513337782094, 0.016479110766542397
flux1:, 1.577272191441707, 0.04283945449105643, 0.014470504335048045
flux1:, 1.578254548312311, 0.0373135940967072, 0.014524809952614265
flux1:, 1.579236905182915, 0.03348427314348682, 0.013611361572561369
flux1:, 1.580219262053519, 0.0390968932734343, 0.011483140377135428
flux1:, 1.5812016189241227, 0.037828290015691185, 0.011121501215382933
flux1:, 1.5821839757947267, 0.03125810927193735, 0.011203728289969517
flux1:, 1.5831663326653307, 0.03424180169962392, 0.00956663849363636
flux1:, 1.5841486895359347, 0.03704132132682056, 0.008564250964061325
flux1:, 1.5851310464065387, 0.030724661905545753, 0.009024468121375102
flux1:, 1.5861134032771425, 0.02959294815583066, 0.008271087517063645
flux1:, 1.5870957601477467, 0.03436964584263172, 0.006877263952358162
flux1:, 1.5880781170183504, 0.030899134033634177, 0.007079248437974014
flux1:, 1.5890604738889544, 0.026250834756102646, 0.007175499856065389
flux1:, 1.5900428307595584, 0.030155275749651024, 0.005900760967221607
flux1:, 1.5910251876301624, 0.030507365831651936, 0.005506952138030565
flux1:, 1.5920075445007664, 0.02457307131947105, 0.006035948049232326
flux1:, 1.5929899013713702, 0.025442461971923208, 0.005321326994168986
flux1:, 1.5939722582419742, 0.02862365413656799, 0.0044200846653968395
flux1:, 1.5949546151125782, 0.0240302207063445, 0.00483878398655028
flux1:, 1.5959369719831822, 0.02140895159221232, 0.0048028188664862095
flux1:, 1.5969193288537862, 0.025122259050668637, 0.0037864001014570863
flux1:, 1.59790168572439, 0.02353223849991656, 0.0037296816579226702
flux1:, 1.598884042594994, 0.018747561478288866, 0.004135170605783143
flux1:, 1.599866399465598, 0.020695453122224157, 0.003424129334213226
flux1:, 1.600848756336202, 0.022056935612875875, 0.002869975370948336
flux1:, 1.601831113206806, 0.0173498154752236, 0.0033049462060428985
flux1:, 1.6028134700774097, 0.016429836663748847, 0.0031036305473667427
flux1:, 1.6037958269480137, 0.019216742720278467, 0.0023187292122463254
flux1:, 1.6047781838186177, 0.01647194751335646, 0.002449156571929968
flux1:, 1.6057605406892217, 0.013201790404794288, 0.0026722422007293464
flux1:, 1.6067428975598257, 0.015425351646105836, 0.0020086569937185876
flux1:, 1.6077252544304295, 0.015253563794372895, 0.0017381582433299927
flux1:, 1.6087076113010335, 0.011260383881969755, 0.002113617670330627
flux1:, 1.6096899681716375, 0.011585211598586389, 0.001805233812392047
flux1:, 1.6106723250422414, 0.013233288568603676, 0.0012718552323376033
flux1:, 1.6116546819128454, 0.010224954846322036, 0.0015185231219586501
flux1:, 1.6126370387834492, 0.008538277802239367, 0.001587667502494911
flux1:, 1.6136193956540532, 0.010543373303817561, 0.0010422940186430075
flux1:, 1.6146017525246572, 0.00943322539525946, 0.0010092336677658825
flux1:, 1.6155841093952612, 0.006652301435289681, 0.0013009485478892586
flux1:, 1.6165664662658652, 0.007727529137585903, 0.0009605685876856392
flux1:, 1.617548823136469, 0.008361855903307479, 0.0006708321168868375
flux1:, 1.618531180007073, 0.005755756070647943, 0.0009637263293272603
flux1:, 1.619513536877677, 0.005376885445884075, 0.0009148559033789668
flux1:, 1.620495893748281, 0.006860944701578238, 0.0005178118281294823
flux1:, 1.621478250618885, 0.0053634169539082495, 0.0006409722000876364
flux1:, 1.6224606074894887, 0.003832337332121969, 0.0008243911696564093
flux1:, 1.6234429643600927, 0.005128473140316814, 0.0004994766729302788
flux1:, 1.6244253212306967, 0.004986373043965167, 0.00040114188790662484
flux1:, 1.6254076781013007, 0.003085782886074824, 0.0006666354186089707
flux1:, 1.6263900349719047, 0.003518299663026607, 0.0005324820461879855
flux1:, 1.6273723918425085, 0.0043479556234728035, 0.0002798146335656665
flux1:, 1.6283547487131127, 0.002866770204142779, 0.0004719201605415126
flux1:, 1.6293371055837165, 0.0023278588207220063, 0.0005412482003362997
flux1:, 1.6303194624543205, 0.0034376355882838397, 0.00026532268629954293
flux1:, 1.6313018193249245, 0.0028187315600230202, 0.00029515655358383256
flux1:, 1.6322841761955285, 0.001669916652037912, 0.0004873453804073903
flux1:, 1.6332665330661325, 0.002432408600233111, 0.00030925254566583276
flux1:, 1.6342488899367362, 0.0026625009922409773, 0.00018230604619430478
flux1:, 1.6352312468073402, 0.00145961372609814, 0.000377019965797106
flux1:, 1.6362136036779442, 0.0015607865636855262, 0.00035263378779219995
flux1:, 1.6371959605485482, 0.002283570724082489, 0.0001480336684086459
flux1:, 1.6381783174191522, 0.0014894624469452438, 0.00024758118674376967
flux1:, 1.639160674289756, 0.0009828997136986678, 0.0003529473095643596
flux1:, 1.64014303116036, 0.0017293484774973025, 0.00017264308210863775
flux1:, 1.641125388030964, 0.0015376316865262484, 0.00014264711845566336
flux1:, 1.642107744901568, 0.0007314375410766719, 0.00029929974409346035
flux1:, 1.643090101772172, 0.001141633534803428, 0.00021608759534064872
flux1:, 1.6440724586427757, 0.001456730535587278, 8.946830116167653e-05
flux1:, 1.6450548155133797, 0.0007217020942223596, 0.0002107093839809891
flux1:, 1.6460371723839837, 0.0006681096184573124, 0.0002394479722644461
flux1:, 1.6470195292545877, 0.0012115352450384042, 8.83336931722562e-05
flux1:, 1.6480018861251917, 0.0008093751594307299, 0.00012106054723827982
flux1:, 1.6489842429957955, 0.0003940657948653567, 0.00022245319628519646
flux1:, 1.6499665998663995, 0.0008622867531631537, 0.00011687444376211236
flux1:, 1.6509489567370035, 0.000860450579587228, 5.9935920732498424e-05
flux1:, 1.6519313136076075, 0.0003174886559524119, 0.00016929321523356865
flux1:, 1.6529136704782115, 0.0005132763409991197, 0.00014465276575465939
flux1:, 1.6538960273488152, 0.000801220286940495, 3.911384155768442e-05
flux1:, 1.6548783842194192, 0.0003673143436238285, 0.00010176078784358987
flux1:, 1.6558607410900232, 0.00025616126051164126, 0.0001491483454889853
flux1:, 1.6568430979606272, 0.0006321458174411049, 5.0322424077477186e-05
flux1:, 1.6578254548312312, 0.0004467876384884307, 4.5174230114916195e-05
flux1:, 1.658807811701835, 0.0001325692806736934, 0.0001248795444726606
flux1:, 1.659790168572439, 0.0004082948210189412, 7.33306593599275e-05
flux1:, 1.660772525443043, 0.0004778957625753785, 1.5413210851724145e-05
flux1:, 1.661754882313647, 0.00012670778908194206, 8.225961805548238e-05
flux1:, 1.662737239184251, 0.00020205356626675722, 8.822471100060696e-05
flux1:, 1.6637195960548548, 0.00042812105765972704, 1.3424962533720553e-05
flux1:, 1.6647019529254587, 0.0001840114524064867, 3.887823134972577e-05
flux1:, 1.6656843097960627, 6.746763536390137e-05, 8.466569785303822e-05
flux1:, 1.6666666666666667, 0.000312207775386243, 2.830243156592364e-05
