flux1:, 1.1764705882352942, 5.608733646786313e-06, 0.00023398286941653693
flux1:, 1.1774529451058982, 0.0002703002425445385, 5.4011235883407196e-05
flux1:, 1.1784353019765021, 8.946167178346462e-05, 0.00023567115697273924
flux1:, 1.179417658847106, -7.682480704556e-05, 0.0003635174435386622
flux1:, 1.18040001571771, 0.00023959505814661553, 9.180488666385878e-05
flux1:, 1.181382372588314, 0.0002467057856436549, 0.00010489529173605406
flux1:, 1.182364729458918, -8.78698696439959e-05, 0.0004314425816634011
flux1:, 1.183347086329522, 0.00012874056013161383, 0.00026206562757925307
flux1:, 1.1843294432001257, 0.0003909732895619015, -3.2811632762718465e-06
flux1:, 1.1853118000707297, 1.9007556947360382e-05, 0.00034348123539326437
flux1:, 1.1862941569413337, -2.281621465805561e-05, 0.0004821875407428742
flux1:, 1.1872765138119377, 0.00044008006272129634, 5.01698489760439e-05
flux1:, 1.1882588706825417, 0.00024629213940791594, 0.00013487241823594172
flux1:, 1.1892412275531457, -0.00011778725247106173, 0.0005738678777927849
flux1:, 1.1902235844237494, 0.0003279078615783661, 0.000282334268049009
flux1:, 1.1912059412943534, 0.0004942485446108615, -1.4980339583188547e-05
flux1:, 1.1921882981649574, -4.8608177553409807e-05, 0.0004494086673574823
flux1:, 1.1931706550355614, 0.00010400398850032385, 0.0005295752870660392
flux1:, 1.1941530119061654, 0.0006075518320077327, 3.041780241242585e-05
flux1:, 1.1951353687767692, 0.00018219137458189366, 0.00022085269073463112
flux1:, 1.1961177256473732, -7.9632648805325e-05, 0.0006266220553869522
flux1:, 1.1971000825179772, 0.0005249058687779973, 0.00022875780190446243
flux1:, 1.1980824393885812, 0.00045774057687568073, 5.601760781041486e-05
flux1:, 1.1990647962591852, -0.0001078185394008132, 0.0005539815735229359
flux1:, 1.200047153129789, 0.00031224944676947467, 0.0004521290638239577
flux1:, 1.201029510000393, 0.0006570006305109204, 3.262616556967919e-05
flux1:, 1.202011866870997, 3.540617348130903e-05, 0.00039016530823002624
flux1:, 1.202994223741601, 8.222016978078246e-05, 0.000604688468039652
flux1:, 1.203976580612205, 0.0007181970148143687, 0.00013848461713417858
flux1:, 1.2049589374828087, 0.00030017052913034544, 0.00022607395280394891
flux1:, 1.2059412943534127, -6.676652071287545e-05, 0.0006502594869297022
flux1:, 1.2069236512240167, 0.0006372795640311179, 0.0003190991809283238
flux1:, 1.2079060080946207, 0.000613140405396033, 0.0001275102166950398
flux1:, 1.2088883649652247, -6.674660783415787e-05, 0.0005997116720703175
flux1:, 1.2098707218358287, 0.0004507901383116529, 0.0005107424662041299
flux1:, 1.2108530787064324, 0.0008996716119877994, 0.00012512954519128513
flux1:, 1.2118354355770364, 0.00012218183553381034, 0.0004948382662781355
flux1:, 1.2128177924476404, 0.0002262199999986641, 0.0006619568255624263
flux1:, 1.2138001493182444, 0.0010928106228775744, 0.00021232099205650333
flux1:, 1.2147825061888484, 0.0005155628052733223, 0.00039019544348554665
flux1:, 1.2157648630594522, 6.38129258165274e-05, 0.0007527523024200961
flux1:, 1.2167472199300562, 0.0011407089205997746, 0.00035211183754577563
flux1:, 1.2177295768006602, 0.0011023773729799795, 0.00032734151945282037
flux1:, 1.2187119336712642, 0.00010968769718922239, 0.0008100469091429011
flux1:, 1.2196942905418682, 0.0010256368900183578, 0.0005053158873893213
flux1:, 1.220676647412472, 0.0018327417944219823, 0.0003029590801352375
flux1:, 1.221659004283076, 0.0005790342444137973, 0.0009074814527189783
flux1:, 1.22264136115368, 0.0008181849450218832, 0.0007042955765516028
flux1:, 1.223623718024284, 0.002587870679186703, 0.0002560459344679306
flux1:, 1.224606074894888, 0.0017694387898087422, 0.0011201542664218413
flux1:, 1.2255884317654917, 0.0008181948434986332, 0.0012256563467236083
flux1:, 1.2265707886360957, 0.0031082403269994527, 0.0002193364555832943
flux1:, 1.2275531455066997, 0.0038638624205449322, 0.0013652424667711651
flux1:, 1.2285355023773037, 0.0017597282656357026, 0.0028098061488533725
flux1:, 1.2295178592479077, 0.00291696370116316, 0.001208946432517515
flux1:, 1.2305002161185117, 0.005642997509042814, 0.0013516685831300346
flux1:, 1.2314825729891155, 0.003818101873525877, 0.005298246808242902
flux1:, 1.2324649298597194, 0.002075638023860373, 0.00548118599856674
flux1:, 1.2334472867303234, 0.004731755193053091, 0.002458387327654265
flux1:, 1.2344296436009274, 0.005047566643742268, 0.005369568865626947
flux1:, 1.2354120004715314, 0.0022084320208591397, 0.009941350342162755
flux1:, 1.2363943573421352, 0.0040141600919080195, 0.0070079101471274136
flux1:, 1.2373767142127392, 0.0074175382088965324, 0.004337005585123927
flux1:, 1.2383590710833432, 0.005378391909228344, 0.008904549804529425
flux1:, 1.2393414279539472, 0.00427749547283842, 0.010207165612691763
flux1:, 1.2403237848245512, 0.008367107310830606, 0.004707042861919294
flux1:, 1.241306141695155, 0.008669704775492823, 0.0035651247255049324
flux1:, 1.242288498565759, 0.0042860350676274415, 0.006489336338782289
flux1:, 1.243270855436363, 0.0047092282687270694, 0.004539672541980125
flux1:, 1.244253212306967, 0.00746911308771374, 0.0019568316529383384
flux1:, 1.245235569177571, 0.0049660782822745645, 0.004041590536981118
flux1:, 1.2462179260481747, 0.002785150944549278, 0.00441244899703004
flux1:, 1.2472002829187787, 0.005399547192614413, 0.002143601507039866
flux1:, 1.2481826397893827, 0.005640369056867316, 0.003267216907291921
flux1:, 1.2491649966599867, 0.002822010422625343, 0.004696080973274574
flux1:, 1.2501473535305907, 0.00384849915778327, 0.0028419472460190004
flux1:, 1.2511297104011945, 0.0058605893930590135, 0.0030370264878257706
flux1:, 1.2521120672717985, 0.003872387731614205, 0.005135996163217483
flux1:, 1.2530944241424025, 0.003146397516084392, 0.003928597975550797
flux1:, 1.2540767810130065, 0.005617780031037248, 0.0031089361392925355
flux1:, 1.2550591378836105, 0.005245410114820785, 0.005477222111132696
flux1:, 1.2560414947542144, 0.003404053656054222, 0.005333545885196967
flux1:, 1.2570238516248182, 0.005170423303442142, 0.0036115974199244236
flux1:, 1.2580062084954222, 0.006460131511758294, 0.0056245102164327425
flux1:, 1.2589885653660262, 0.004545632610804504, 0.006858826419412453
flux1:, 1.2599709222366302, 0.004920899797183198, 0.0047316665017472035
flux1:, 1.2609532791072342, 0.007261018676354869, 0.005694256166707733
flux1:, 1.261935635977838, 0.0063025428841090945, 0.008234759451665649
flux1:, 1.262917992848442, 0.00527638741347849, 0.0065377167061706045
flux1:, 1.263900349719046, 0.007662270943745454, 0.005992112008546598
flux1:, 1.26488270658965, 0.008280631795567154, 0.009249264763919955
flux1:, 1.265865063460254, 0.006504239956076359, 0.00889357577024154
flux1:, 1.266847420330858, 0.007943093082002944, 0.006911157698433174
flux1:, 1.2678297772014617, 0.01009528668089618, 0.009880909437201966
flux1:, 1.2688121340720657, 0.00862808542901575, 0.011472596545953884
flux1:, 1.2697944909426697, 0.008561177842577834, 0.00877781298784923
flux1:, 1.2707768478132737, 0.01152918302751654, 0.010375878217840593
flux1:, 1.2717592046838777, 0.011408112211761409, 0.013871367114149546
flux1:, 1.2727415615544815, 0.00999304460444858, 0.011696332894303909
flux1:, 1.2737239184250855, 0.012651806319669718, 0.011221092868497115
flux1:, 1.2747062752956895, 0.014429851277223953, 0.01579183311270751
flux1:, 1.2756886321662935, 0.012550406668476384, 0.015463645042574057
flux1:, 1.2766709890368975, 0.013842557412212249, 0.013003616715705907
flux1:, 1.2776533459075012, 0.017282516511921885, 0.017222439588519725
flux1:, 1.2786357027781052, 0.01624275106789741, 0.01960692651408952
flux1:, 1.2796180596487092, 0.0156900030444961, 0.016193167346797023
flux1:, 1.2806004165193132, 0.019768373591334733, 0.018536124424162984
flux1:, 1.2815827733899172, 0.0207527682348968, 0.02355641636664932
flux1:, 1.282565130260521, 0.018787002959354024, 0.02092848583111989
flux1:, 1.283547487131125, 0.022058680002579382, 0.020440524451030524
flux1:, 1.284529844001729, 0.025556769145966267, 0.02690742824347753
flux1:, 1.285512200872333, 0.023490994298364706, 0.026905982604395865
flux1:, 1.286494557742937, 0.024717253011624394, 0.023767207099070306
flux1:, 1.2874769146135407, 0.03016586922095653, 0.029673682645800194
flux1:, 1.2884592714841447, 0.029749016227146517, 0.03344668458181384
flux1:, 1.2894416283547487, 0.028553999010984887, 0.02915707763515194
flux1:, 1.2904239852253527, 0.03440488502387892, 0.032413634926918566
flux1:, 1.2914063420959567, 0.03708028124137916, 0.03975451477750745
flux1:, 1.2923886989665605, 0.03433839354188783, 0.03676115884888309
flux1:, 1.2933710558371645, 0.03861016764532224, 0.036140227776354755
flux1:, 1.2943534127077685, 0.04475907690146054, 0.04529364210852902
flux1:, 1.2953357695783725, 0.04247317915291466, 0.046098878915895314
flux1:, 1.2963181264489765, 0.04363680792157166, 0.04200237335482458
flux1:, 1.2973004833195805, 0.05215925085361385, 0.05013869597652199
flux1:, 1.2982828401901843, 0.05277049176985256, 0.05617841874678904
flux1:, 1.2992651970607882, 0.0506271858711334, 0.05083035220709438
flux1:, 1.3002475539313922, 0.0591373813141678, 0.05512713709415707
flux1:, 1.3012299108019962, 0.06445921496490273, 0.06588654860796136
flux1:, 1.3022122676726002, 0.06059169735932654, 0.06272435485230342
flux1:, 1.303194624543204, 0.06628368037086517, 0.06169317101691441
flux1:, 1.304176981413808, 0.07647675134453183, 0.07453008283181825
flux1:, 1.305159338284412, 0.07395364368399307, 0.07689077580628446
flux1:, 1.306141695155016, 0.07488886220503527, 0.07138367759940031
flux1:, 1.30712405202562, 0.08797668112855037, 0.08230841426287717
flux1:, 1.308106408896224, 0.09026404147718042, 0.09186283461396716
flux1:, 1.3090887657668278, 0.08657076382352061, 0.08520851916113574
flux1:, 1.3100711226374318, 0.09886538244579235, 0.09047532040263329
flux1:, 1.3110534795080357, 0.10826512261540268, 0.10609212370277206
flux1:, 1.3120358363786397, 0.10265202368541063, 0.10309470711583552
flux1:, 1.3130181932492437, 0.11011898923892954, 0.10103813797203917
flux1:, 1.3140005501198475, 0.12636033074042607, 0.11871570118358776
flux1:, 1.3149829069904515, 0.12352100458819572, 0.12372916004410196
flux1:, 1.3159652638610555, 0.1236734881741395, 0.11602904857607609
flux1:, 1.3169476207316595, 0.14337073955722657, 0.13017217620902083
flux1:, 1.3179299776022635, 0.14827496039152732, 0.14495486712377803
flux1:, 1.3189123344728673, 0.14183111153122654, 0.13659779668633001
flux1:, 1.3198946913434713, 0.15929250192819172, 0.1423371039016614
flux1:, 1.3208770482140753, 0.1748860393653017, 0.1646569585400106
flux1:, 1.3218594050846793, 0.16634037888736836, 0.1623185324986074
flux1:, 1.3228417619552832, 0.17569920556064073, 0.15800484830321232
flux1:, 1.323824118825887, 0.20094489158969023, 0.18182603844524559
flux1:, 1.324806475696491, 0.19749863029803988, 0.1910882694305676
flux1:, 1.325788832567095, 0.19551267851765752, 0.17981900262028702
flux1:, 1.326771189437699, 0.22478228739968498, 0.19733395946113164
flux1:, 1.327753546308303, 0.23369960597684947, 0.2197944721469605
flux1:, 1.3287359031789068, 0.2220916372757932, 0.20903767500755743
flux1:, 1.3297182600495108, 0.2465498154429733, 0.2139964528284662
flux1:, 1.3307006169201148, 0.27174521866633383, 0.24560396078647834
flux1:, 1.3316829737907188, 0.257885954880951, 0.2446772932155322
flux1:, 1.3326653306613228, 0.26876480048484824, 0.23574566940682573
flux1:, 1.3336476875319265, 0.30797239830049444, 0.26740736153954736
flux1:, 1.3346300444025305, 0.30315364234540393, 0.28351066185194196
flux1:, 1.3356124012731345, 0.29595352263958674, 0.26611330087081736
flux1:, 1.3365947581437385, 0.33990353757812397, 0.286795192327193
flux1:, 1.3375771150143425, 0.35531879746760403, 0.32109586093449866
flux1:, 1.3385594718849465, 0.3333393649865876, 0.30657590178932626
flux1:, 1.3395418287555503, 0.3678512373771672, 0.30804345704301733
flux1:, 1.3405241856261543, 0.4093999997845251, 0.35358565537416703
flux1:, 1.3415065424967583, 0.3849133665761833, 0.3554723868130798
flux1:, 1.3424888993673623, 0.3958268905820593, 0.3369413086402303
flux1:, 1.3434712562379663, 0.45959197699241533, 0.37969187006800303
flux1:, 1.34445361310857, 0.45153974682160347, 0.40807159724837494
flux1:, 1.345435969979174, 0.4312856228730504, 0.3787772986167663
flux1:, 1.346418326849778, 0.5016654121016748, 0.40203748671356604
flux1:, 1.347400683720382, 0.5298478053343958, 0.4579685544956085
flux1:, 1.348383040590986, 0.48365931970442705, 0.43621992010270577
flux1:, 1.34936539746159, 0.5355486680917421, 0.42733248956125097
flux1:, 1.3503477543321938, 0.6124780018467804, 0.49947265619405623
flux1:, 1.3513301112027978, 0.5621773200045503, 0.5080015384581967
flux1:, 1.3523124680734018, 0.5674879857669712, 0.4653670200013073
flux1:, 1.3532948249440058, 0.6898300340092819, 0.5302561028158609
flux1:, 1.3542771818146098, 0.6740441072133404, 0.5891717929318016
flux1:, 1.3552595386852135, 0.6118634303869499, 0.5277333033549314
flux1:, 1.3562418955558175, 0.7529807564132229, 0.5535430873352153
flux1:, 1.3572242524264215, 0.8247628387220837, 0.6733677033150275
flux1:, 1.3582066092970255, 0.6951101080274004, 0.6290089130727917
flux1:, 1.3591889661676295, 0.7973168525961868, 0.5800947020128946
flux1:, 1.3601713230382333, 1.0246400481330076, 0.7577388317666337
flux1:, 1.3611536799088373, 0.8746516469196326, 0.8004918524595714
flux1:, 1.3621360367794413, 0.8287325823483339, 0.6354640530874297
flux1:, 1.3631183936500453, 1.3200313983103145, 0.8561641136550954
flux1:, 1.3641007505206493, 1.3685633367757433, 1.1894155879381618
flux1:, 1.365083107391253, 0.9093609739961614, 0.832902027348773
flux1:, 1.366065464261857, 2.0649639501413617, 1.1131861645472068
flux1:, 1.367047821132461, 5.184249474827355, 4.244482209196643
flux1:, 1.368030178003065, 7.016515941629217, 8.457888200400603
flux1:, 1.369012534873669, 5.536943051283263, 8.852840605613402
flux1:, 1.3699948917442728, 2.851149607664875, 4.655886539991654
flux1:, 1.3709772486148768, 1.5617132643355365, 1.1167065940802208
flux1:, 1.3719596054854808, 1.989561246344081, 2.2264431218255765
flux1:, 1.3729419623560848, 3.4372207911773165, 5.547483118634378
flux1:, 1.3739243192266888, 4.769677496594378, 6.443001798404486
flux1:, 1.3749066760972926, 4.447378892322332, 4.223331729285518
flux1:, 1.3758890329678966, 2.5668804113897723, 1.7096868949309847
flux1:, 1.3768713898385005, 1.1780619947417341, 0.8093943307723545
flux1:, 1.3778537467091045, 1.1790348548909342, 0.9420377718679002
flux1:, 1.3788361035797085, 1.4060632694495552, 1.006607346188481
flux1:, 1.3798184604503125, 1.2152456004727918, 0.8867467498825248
flux1:, 1.3808008173209163, 1.1604529377487642, 0.8845356229065005
flux1:, 1.3817831741915203, 1.3168474552209752, 0.9550693906264806
flux1:, 1.3827655310621243, 1.291801327237608, 0.9465684060295211
flux1:, 1.3837478879327283, 1.2320840733861953, 0.925773575294004
flux1:, 1.3847302448033323, 1.336320186873617, 0.9630261912825276
flux1:, 1.3857126016739363, 1.3766439339834535, 0.9898450406538637
flux1:, 1.38669495854454, 1.3238317470381686, 0.9801291274776592
flux1:, 1.387677315415144, 1.3808591662947476, 0.9900873728795181
flux1:, 1.388659672285748, 1.4543462711984416, 1.019696648032147
flux1:, 1.389642029156352, 1.4230971482718977, 1.0275670828611028
flux1:, 1.390624386026956, 1.4372339176630953, 1.0255975252679812
flux1:, 1.3916067428975598, 1.5178673436276502, 1.041730212836082
flux1:, 1.3925890997681638, 1.5191314627070345, 1.0598066244960291
flux1:, 1.3935714566387678, 1.5034646231825775, 1.0603170194894787
flux1:, 1.3945538135093718, 1.5674842260255055, 1.060639680014068
flux1:, 1.3955361703799758, 1.6009306017994975, 1.075510513089978
flux1:, 1.3965185272505796, 1.57592268053812, 1.0847072717616761
flux1:, 1.3975008841211836, 1.6082515338394183, 1.0771686601138164
flux1:, 1.3984832409917876, 1.6606887923415912, 1.0781234213778212
flux1:, 1.3994655978623916, 1.6463955726012707, 1.0917107421902064
flux1:, 1.4004479547329955, 1.6458367432923704, 1.0872393403457443
flux1:, 1.4014303116035993, 1.6965415695907948, 1.072501063235781
flux1:, 1.4024126684742033, 1.70392857097854, 1.0793695315066143
flux1:, 1.4033950253448073, 1.6824361386668423, 1.0838791234800855
flux1:, 1.4043773822154113, 1.712535774293922, 1.0612600130217864
flux1:, 1.4053597390860153, 1.738992291011252, 1.0511364678396575
flux1:, 1.406342095956619, 1.714794905653948, 1.061065436140725
flux1:, 1.407324452827223, 1.715744811978484, 1.0427464658616459
flux1:, 1.408306809697827, 1.7473864210257282, 1.0134417346852072
flux1:, 1.409289166568431, 1.7354058226929328, 1.0174315201868556
flux1:, 1.410271523439035, 1.712097755228248, 1.0118911910801305
flux1:, 1.4112538803096388, 1.7316759746220665, 0.9717895409758605
flux1:, 1.4122362371802428, 1.7362710784165034, 0.9576806602791877
flux1:, 1.4132185940508468, 1.7032467383429628, 0.9636229269345374
flux1:, 1.4142009509214508, 1.699380184414299, 0.9276579288165728
flux1:, 1.4151833077920548, 1.7131595392747063, 0.8907487369956822
flux1:, 1.4161656646626586, 1.6862033335826485, 0.8969231024282249
flux1:, 1.4171480215332626, 1.6589779114930332, 0.8781259926371376
flux1:, 1.4181303784038666, 1.6679974866789862, 0.8256356673070161
flux1:, 1.4191127352744706, 1.655842084989988, 0.817061866155292
flux1:, 1.4200950921450746, 1.6159928198659006, 0.8185739434174042
flux1:, 1.4210774490156786, 1.6081249927949572, 0.7672626319607451
flux1:, 1.4220598058862823, 1.6086964984584904, 0.7345001837135046
flux1:, 1.4230421627568863, 1.5712512889580525, 0.7469251087281471
flux1:, 1.4240245196274903, 1.5429602410126313, 0.7147735443813811
flux1:, 1.4250068764980943, 1.5457997021216703, 0.660860351378603
flux1:, 1.4259892333686983, 1.522021453679778, 0.6668995647187235
flux1:, 1.4269715902393023, 1.4800094544830544, 0.6633150259796201
flux1:, 1.427953947109906, 1.4730119321339814, 0.6041044390759994
flux1:, 1.42893630398051, 1.4650671277258218, 0.5882615211271973
flux1:, 1.429918660851114, 1.4223386127432422, 0.6083316934393538
flux1:, 1.430901017721718, 1.3988003339304391, 0.5655456110332098
flux1:, 1.431883374592322, 1.3996999931677228, 0.5237135446257574
flux1:, 1.4328657314629258, 1.3686088190983339, 0.5500088941684599
flux1:, 1.4338480883335298, 1.3308141031160847, 0.540376133396018
flux1:, 1.4348304452041338, 1.3291416357556731, 0.48396919179595405
flux1:, 1.4358128020747378, 1.3153089579281667, 0.49540861691539145
flux1:, 1.4367951589453418, 1.273082657588212, 0.5215293407058211
flux1:, 1.4377775158159456, 1.2595961348264193, 0.4735285700193516
flux1:, 1.4387598726865496, 1.2597448281536656, 0.45705894159881383
flux1:, 1.4397422295571536, 1.225140529736163, 0.5050109547154
flux1:, 1.4407245864277576, 1.1976727482134355, 0.489397974478012
flux1:, 1.4417069432983616, 1.202145015060153, 0.4485541521776842
flux1:, 1.4426893001689653, 1.1832886501079896, 0.494081029766791
flux1:, 1.4436716570395693, 1.1475441120771956, 0.5236166042014595
flux1:, 1.4446540139101733, 1.1458454521124812, 0.47922022299922984
flux1:, 1.4456363707807773, 1.1431481179596787, 0.5001406974322593
flux1:, 1.4466187276513813, 1.1092327471385022, 0.5686736669461204
flux1:, 1.447601084521985, 1.095513123406246, 0.5504580102176341
flux1:, 1.448583441392589, 1.102095021011535, 0.5395998331245884
flux1:, 1.449565798263193, 1.0788138182419427, 0.6234653970763827
flux1:, 1.450548155133797, 1.0543200361596692, 0.6558001969393368
flux1:, 1.451530512004401, 1.0602482450283832, 0.6277937729911093
flux1:, 1.4525128688750049, 1.0504218942599857, 0.6969081750259934
flux1:, 1.4534952257456089, 1.021591009389548, 0.7852225495614912
flux1:, 1.4544775826162128, 1.019396213191323, 0.7725508828470884
flux1:, 1.4554599394868168, 1.0190862248097168, 0.8069678372474461
flux1:, 1.4564422963574208, 0.9925622938478617, 0.9323250173652078
flux1:, 1.4574246532280246, 0.9805217400129765, 0.9707528388796159
flux1:, 1.4584070100986286, 0.9829454182206432, 0.9747173133053766
flux1:, 1.4593893669692326, 0.9613255437204313, 1.1013202120782317
flux1:, 1.4603717238398366, 0.9422096075632198, 1.21071016744071
flux1:, 1.4613540807104406, 0.943824293001256, 1.2157808555012952
flux1:, 1.4623364375810444, 0.92660393029758, 1.310186892160646
flux1:, 1.4633187944516486, 0.9033950331986939, 1.4809815356682394
flux1:, 1.4643011513222524, 0.9070803189377674, 1.5339795702640708
flux1:, 1.4652835081928564, 0.8980708485442257, 1.5875464448880252
flux1:, 1.4662658650634603, 0.8728555295092101, 1.7823669679163938
flux1:, 1.4672482219340643, 0.8846634468081566, 1.9215270655366203
flux1:, 1.4682305788046683, 0.9001462453637746, 1.9628895520255032
flux1:, 1.4692129356752721, 0.8827989694636871, 2.1349843737092353
flux1:, 1.470195292545876, 0.9061177321468972, 2.363781685530528
flux1:, 1.47117764941648, 0.9721244160932868, 2.448561559414032
flux1:, 1.472160006287084, 0.9950624996700937, 2.567064805734495
flux1:, 1.473142363157688, 1.0330832322960593, 2.8353245510373855
flux1:, 1.4741247200282919, 1.1634877068101088, 3.004720206464977
flux1:, 1.4751070768988959, 1.2773307727661511, 3.067331485624271
flux1:, 1.4760894337694999, 1.344936654260078, 3.2704358382779195
flux1:, 1.4770717906401039, 1.509406499569736, 3.487599424658874
flux1:, 1.4780541475107078, 1.72625685189744, 3.5057945106198867
flux1:, 1.4790365043813116, 1.8424828897678298, 3.5310216730027184
flux1:, 1.4800188612519156, 1.9647325256555428, 3.665190484686781
flux1:, 1.4810012181225196, 2.1914370530352643, 3.6436073846660917
flux1:, 1.4819835749931236, 2.340232130149148, 3.4775171046475
flux1:, 1.4829659318637276, 2.3695445808534967, 3.422873286065953
flux1:, 1.4839482887343314, 2.4743513245338646, 3.3663393700640007
flux1:, 1.4849306456049354, 2.601409165566649, 3.129886018739707
flux1:, 1.4859130024755394, 2.5741272140116056, 2.920190084971249
flux1:, 1.4868953593461434, 2.528691301890423, 2.8325262970521754
flux1:, 1.4878777162167474, 2.585161514367161, 2.6489469209800216
flux1:, 1.4888600730873511, 2.5636926132754154, 2.395627766738609
flux1:, 1.4898424299579551, 2.440707357366625, 2.273580807961225
flux1:, 1.4908247868285591, 2.410445037847783, 2.1721772248219917
flux1:, 1.4918071436991631, 2.4110986721656076, 1.96343575973
flux1:, 1.4927895005697671, 2.293416353997878, 1.8130216198416236
flux1:, 1.4937718574403709, 2.1949924768320184, 1.7589157669217315
flux1:, 1.4947542143109749, 2.194220186543368, 1.6294739485860208
flux1:, 1.4957365711815789, 2.124293596445587, 1.4735047714356337
flux1:, 1.4967189280521829, 1.9974632946579052, 1.4232785598389461
flux1:, 1.4977012849227869, 1.9676045545666234, 1.3652294336212332
flux1:, 1.4986836417933906, 1.9450791116859862, 1.2326688857398023
flux1:, 1.4996659986639946, 1.8309887816524433, 1.163022281938317
flux1:, 1.5006483555345986, 1.7625971806574634, 1.1459309103355286
flux1:, 1.5016307124052026, 1.7620297419991224, 1.0572599802873663
flux1:, 1.5026130692758066, 1.6870724581460146, 0.9694219496729354
flux1:, 1.5035954261464104, 1.592131433524245, 0.9593384883738825
flux1:, 1.5045777830170146, 1.5835810237642993, 0.9179979033717766
flux1:, 1.5055601398876184, 1.5523888919493307, 0.8291887025632724
flux1:, 1.5065424967582224, 1.4553887609771352, 0.8027091862011909
flux1:, 1.5075248536288264, 1.4198139340424318, 0.7953884145555471
flux1:, 1.5085072104994304, 1.4179757413430791, 0.7258073117171948
flux1:, 1.5094895673700344, 1.3428638601128315, 0.6767357501513543
flux1:, 1.5104719242406381, 1.2788666705072513, 0.6808985204574733
flux1:, 1.5114542811112421, 1.2825457300221503, 0.6424187739777792
flux1:, 1.5124366379818461, 1.2419807257889006, 0.5803022251007396
flux1:, 1.5134189948524501, 1.163652940401371, 0.5748778273029457
flux1:, 1.5144013517230541, 1.1514372434714215, 0.565626965317322
flux1:, 1.515383708593658, 1.142354695297203, 0.5079067494322972
flux1:, 1.516366065464262, 1.070706392862811, 0.48223123187296163
flux1:, 1.5173484223348659, 1.032821770196925, 0.4885513080298926
flux1:, 1.5183307792054699, 1.039366276951491, 0.45033038738679426
flux1:, 1.5193131360760739, 0.9916715448003597, 0.4074309045325253
flux1:, 1.5202954929466777, 0.9330903244501304, 0.41155016754628104
flux1:, 1.5212778498172816, 0.9350242144517494, 0.39783334421276967
flux1:, 1.5222602066878856, 0.9168304369245157, 0.3508535360056591
flux1:, 1.5232425635584896, 0.8534014461674123, 0.34005508915998056
flux1:, 1.5242249204290936, 0.8359443799858908, 0.3440329686864428
flux1:, 1.5252072772996974, 0.8391878001130265, 0.3079851947393613
flux1:, 1.5261896341703014, 0.7888944423703165, 0.280435400020859
flux1:, 1.5271719910409054, 0.749358265812737, 0.2882461571991443
flux1:, 1.5281543479115094, 0.757253760139712, 0.2716738534169107
flux1:, 1.5291367047821134, 0.730960950975501, 0.23597127998415046
flux1:, 1.5301190616527172, 0.6790034967360162, 0.23487906485800933
flux1:, 1.5311014185233212, 0.6750749549259153, 0.23594551808448633
flux1:, 1.5320837753939252, 0.6714648091337649, 0.20505636893136955
flux1:, 1.5330661322645291, 0.6229929106077313, 0.19017303307071196
flux1:, 1.5340484891351331, 0.5993890583020787, 0.1989794835599771
flux1:, 1.535030846005737, 0.606625620824608, 0.18245966865674107
flux1:, 1.536013202876341, 0.5748488026274967, 0.1582658718705406
flux1:, 1.536995559746945, 0.5354660295590153, 0.16341556208950606
flux1:, 1.537977916617549, 0.5383449024879543, 0.1625761637314794
flux1:, 1.538960273488153, 0.5270681356350029, 0.1389266283993496
flux1:, 1.5399426303587567, 0.4840912755642646, 0.13397908782393908
flux1:, 1.5409249872293607, 0.47229900219628507, 0.1424196776880578
flux1:, 1.5419073440999647, 0.47501051002004757, 0.12810581563368031
flux1:, 1.5428897009705687, 0.4414087441269853, 0.11416449965943308
flux1:, 1.5438720578411727, 0.4141760173923312, 0.12253664107650739
flux1:, 1.5448544147117764, 0.4188006744877264, 0.12053146698846746
flux1:, 1.5458367715823806, 0.40143028379592305, 0.10411797600963786
flux1:, 1.5468191284529844, 0.36646788522461277, 0.10563583940117477
flux1:, 1.5478014853235884, 0.36239404589409324, 0.11243997417392405
flux1:, 1.5487838421941924, 0.35939548118507775, 0.10075961898733371
flux1:, 1.5497661990647964, 0.32756126543052133, 0.09420551501287233
flux1:, 1.5507485559354004, 0.3107809882642423, 0.1028519560668733
flux1:, 1.5517309128060042, 0.3139533417875335, 0.09963114901956414
flux1:, 1.5527132696766082, 0.2932169474952493, 0.08872748030662354
flux1:, 1.5536956265472122, 0.2671956411852205, 0.09303867386251238
flux1:, 1.5546779834178162, 0.26720421318709026, 0.0970923127014726
flux1:, 1.5556603402884202, 0.2591730555630212, 0.0873730162133242
flux1:, 1.556642697159024, 0.231796195210989, 0.08492956895714522
flux1:, 1.557625054029628, 0.22300762131153706, 0.09164847814707598
flux1:, 1.558607410900232, 0.22328823151828595, 0.0870392503377684
flux1:, 1.559589767770836, 0.20217944933330745, 0.07957979579809497
flux1:, 1.56057212464144, 0.18476388886657844, 0.08394807631844554
flux1:, 1.5615544815120437, 0.18623172120328144, 0.08491888866582598
flux1:, 1.5625368383826477, 0.17508317261172052, 0.07650122084848889
flux1:, 1.5635191952532517, 0.15386611680294204, 0.07575748223741878
flux1:, 1.5645015521238557, 0.15066129340611695, 0.07970013714401347
flux1:, 1.5654839089944597, 0.14818530989880388, 0.0740344131198525
flux1:, 1.5664662658650634, 0.1294351720029081, 0.06865000907799937
flux1:, 1.5674486227356674, 0.11957650263320592, 0.07184784168174382
flux1:, 1.5684309796062714, 0.1210852714059672, 0.07036579776947767
flux1:, 1.5694133364768754, 0.10920550918533159, 0.06313816540261108
flux1:, 1.5703956933474794, 0.09480235028687098, 0.06297271115868185
flux1:, 1.5713780502180832, 0.09513079362818172, 0.06451850688277151
flux1:, 1.5723604070886872, 0.09089459765545653, 0.05861385796248056
flux1:, 1.5733427639592912, 0.07631694551713451, 0.054768732755615265
flux1:, 1.5743251208298952, 0.07239059741765876, 0.056763441329499724
flux1:, 1.5753074777004992, 0.07327830820201187, 0.05396021759159022
flux1:, 1.576289834571103, 0.06258570666276106, 0.04815193211490196
flux1:, 1.577272191441707, 0.05444612639929709, 0.048305654173650854
flux1:, 1.578254548312311, 0.056495436231283426, 0.048349520526626444
flux1:, 1.579236905182915, 0.051532550375063095, 0.04301405447650648
flux1:, 1.580219262053519, 0.041637659083967445, 0.04053473907970241
flux1:, 1.5812016189241227, 0.04159179229931202, 0.041727865729396144
flux1:, 1.5821839757947267, 0.041538769005794604, 0.038585296198682104
flux1:, 1.5831663326653307, 0.03304477286736597, 0.034321829592591405
flux1:, 1.5841486895359347, 0.029696816958021375, 0.03476647396942752
flux1:, 1.5851310464065387, 0.031981267753372185, 0.03406719051252787
flux1:, 1.5861134032771425, 0.027058564141879283, 0.02972853889166721
flux1:, 1.5870957601477467, 0.021324314908953108, 0.02840901286043507
flux1:, 1.5880781170183504, 0.023160942304271955, 0.029124143683605632
flux1:, 1.5890604738889544, 0.022146190801228538, 0.02619281807520829
flux1:, 1.5900428307595584, 0.01611779356648395, 0.023345238868663097
flux1:, 1.5910251876301624, 0.015804585155398426, 0.02399616555138392
flux1:, 1.5920075445007664, 0.017406570175891357, 0.0229872295807566
flux1:, 1.5929899013713702, 0.013070103366349818, 0.019712594085511757
flux1:, 1.5939722582419742, 0.010485760018274363, 0.019257778240803092
flux1:, 1.5949546151125782, 0.012708691136952135, 0.019647223497993832
flux1:, 1.5959369719831822, 0.011009906162422096, 0.017139813979468475
flux1:, 1.5969193288537862, 0.007265086317760526, 0.015434418921913365
flux1:, 1.59790168572439, 0.008450103983979334, 0.016152192630493827
flux1:, 1.598884042594994, 0.009066279662823827, 0.015039329030490904
flux1:, 1.599866399465598, 0.005671726927592432, 0.01271693509639446
flux1:, 1.600848756336202, 0.005142361834120834, 0.01282212661991348
flux1:, 1.601831113206806, 0.006899345695609026, 0.012943530671515959
flux1:, 1.6028134700774097, 0.004954127935700714, 0.010908925450934455
flux1:, 1.6037958269480137, 0.003060518978431386, 0.010050958665520311
flux1:, 1.6047781838186177, 0.004645048697885695, 0.01070086221023092
flux1:, 1.6057605406892217, 0.004416108365236067, 0.009587682362482378
flux1:, 1.6067428975598257, 0.0021042013488379884, 0.008056714211667086
flux1:, 1.6077252544304295, 0.0026690820726492366, 0.00846116430039505
flux1:, 1.6087076113010335, 0.0036584232125844414, 0.008349356484962968
flux1:, 1.6096899681716375, 0.0018803035630302171, 0.0067793677921084705
flux1:, 1.6106723250422414, 0.0012906643385543865, 0.00650599284519416
flux1:, 1.6116546819128454, 0.002635511100099506, 0.0069914964835293605
flux1:, 1.6126370387834492, 0.0019102658887087392, 0.005949346318298217
flux1:, 1.6136193956540532, 0.0006095955100048003, 0.0050492004180031835
flux1:, 1.6146017525246572, 0.001547045065910902, 0.00555100411187475
flux1:, 1.6155841093952612, 0.0018320662620949682, 0.005252912455444026
flux1:, 1.6165664662658652, 0.0004868928212208666, 0.004120652093229906
flux1:, 1.617548823136469, 0.0006555204204250916, 0.004210576511911875
flux1:, 1.618531180007073, 0.0015043702774310173, 0.004484946839568712
flux1:, 1.619513536877677, 0.0006452859077403729, 0.0035755294412063232
flux1:, 1.620495893748281, 0.00013067329301729588, 0.003153896229076788
flux1:, 1.621478250618885, 0.0009902622685825009, 0.0036114410927550423
flux1:, 1.6224606074894887, 0.0008106922052561413, 0.003194138391384985
flux1:, 1.6234429643600927, -1.7710902140692144e-05, 0.002458090583940101
flux1:, 1.6244253212306967, 0.00045874681395852596, 0.002731030806251863
flux1:, 1.6254076781013007, 0.0008188412003438166, 0.0027970896649929778
flux1:, 1.6263900349719047, 8.691277711358741e-05, 0.002069781274157525
flux1:, 1.6273723918425085, 6.922436563219741e-05, 0.0019815235415348337
flux1:, 1.6283547487131127, 0.000647203998857304, 0.0023121101668158303
flux1:, 1.6293371055837165, 0.00027041294871056094, 0.0018542736027071932
flux1:, 1.6303194624543205, -0.00010497853340940443, 0.0014538267392122798
flux1:, 1.6313018193249245, 0.00037686423360807915, 0.0017719332352667413
flux1:, 1.6322841761955285, 0.00039286209606214306, 0.0016723122042305984
flux1:, 1.6332665330661325, -9.020734428344289e-05, 0.0011535903804272588
flux1:, 1.6342488899367362, 0.00012040728286129712, 0.001264123279728959
flux1:, 1.6352312468073402, 0.00039518766857075434, 0.0014388384786310111
flux1:, 1.6362136036779442, 2.49215985962571e-05, 0.0010145363522974962
flux1:, 1.6371959605485482, -4.141195609168516e-05, 0.0008707415023062283
flux1:, 1.6381783174191522, 0.0002963790537380941, 0.0011415371943863846
flux1:, 1.639160674289756, 0.00014493286899242038, 0.0009415715734804892
flux1:, 1.64014303116036, -8.760300376683954e-05, 0.000628169687883026
flux1:, 1.641125388030964, 0.00015733162236026283, 0.0008227589921453238
flux1:, 1.642107744901568, 0.00020901019331207962, 0.0008555305824031313
flux1:, 1.643090101772172, -4.8019457003500075e-05, 0.0005186159982382067
flux1:, 1.6440724586427757, 3.871601106719368e-05, 0.0005433039069418279
flux1:, 1.6450548155133797, 0.00020367577735841988, 0.0007197547048852883
flux1:, 1.6460371723839837, 2.5662565916784567e-05, 0.0004877557685416022
flux1:, 1.6470195292545877, -2.5890590310312487e-05, 0.00034837360973488955
flux1:, 1.6480018861251917, 0.00015064972680140868, 0.000542235289787914
flux1:, 1.6489842429957955, 8.859026531559065e-05, 0.0004738928523833791
flux1:, 1.6499665998663995, -3.5036111294479507e-05, 0.00024927865038880045
flux1:, 1.6509489567370035, 8.418478422232044e-05, 0.0003588602728813725
flux1:, 1.6519313136076075, 0.00011818108327979636, 0.0004334475587644578
flux1:, 1.6529136704782115, -8.495375680861863e-06, 0.00022435986365375302
flux1:, 1.6538960273488152, 3.1757388110101885e-05, 0.0002094437735762496
flux1:, 1.6548783842194192, 0.00011440727426518259, 0.00035304256005834256
flux1:, 1.6558607410900232, 2.8663158446373555e-05, 0.0002338871957882144
flux1:, 1.6568430979606272, 5.245818014328859e-06, 0.00011821358847706616
flux1:, 1.6578254548312312, 9.054632908425892e-05, 0.00024642040829209877
flux1:, 1.658807811701835, 5.8082096309550074e-05, 0.00023931570998799446
flux1:, 1.659790168572439, 2.325351961329016e-06, 8.571183159318619e-05
flux1:, 1.660772525443043, 6.212960624743656e-05, 0.00014106258573430132
flux1:, 1.661754882313647, 7.245107727427936e-05, 0.0002178485540787257
flux1:, 1.662737239184251, 1.3374692731717137e-05, 9.270930057201083e-05
flux1:, 1.6637195960548548, 3.9645961459595984e-05, 6.242291682781214e-05
flux1:, 1.6647019529254587, 7.333291785293753e-05, 0.00016735134321099808
flux1:, 1.6656843097960627, 2.854568814254105e-05, 0.00011168784196486128
flux1:, 1.6666666666666667, 2.6699453191717416e-05, 2.279359041441106e-05
