flux1:, 1.1764705882352942, 0.00019490805390586804, 1.6024963303796676e-05
flux1:, 1.1774529451058982, 0.0005784800417422345, 9.536546765872251e-06
flux1:, 1.1784353019765021, 0.00029187172545415787, 2.00810640443135e-06
flux1:, 1.179417658847106, 9.734177133883258e-05, 1.4803690874951305e-05
flux1:, 1.18040001571771, 0.0005950280069392709, 1.6774719689334738e-05
flux1:, 1.181382372588314, 0.0005865518494090184, 2.1115635213906723e-06
flux1:, 1.182364729458918, 0.00011675299304838354, 9.66381282219605e-06
flux1:, 1.183347086329522, 0.00047840492708844506, 2.319853689504919e-05
flux1:, 1.1843294432001257, 0.0008632828595123253, 8.06865068609468e-06
flux1:, 1.1853118000707297, 0.0003288442511408907, 2.9569456617428377e-06
flux1:, 1.1862941569413337, 0.00030859843688529285, 2.4812827527462996e-05
flux1:, 1.1872765138119377, 0.0009925246961290596, 1.981976214458323e-05
flux1:, 1.1882588706825417, 0.0007125590162989455, -3.0077818846807895e-07
flux1:, 1.1892412275531457, 0.00023358711634748693, 1.9108002549188488e-05
flux1:, 1.1902235844237494, 0.0009125770415870253, 3.349683658241923e-05
flux1:, 1.1912059412943534, 0.0011363485535618829, 5.693208834152375e-06
flux1:, 1.1921882981649574, 0.00038430868816838597, 7.713515496837786e-06
flux1:, 1.1931706550355614, 0.0006880287002726311, 4.192210945388912e-05
flux1:, 1.1941530119061654, 0.0014220913977494596, 2.4252036910380972e-05
flux1:, 1.1951353687767692, 0.0007837646237852503, -1.765773349761637e-06
flux1:, 1.1961177256473732, 0.000489650165996782, 3.7330316226197155e-05
flux1:, 1.1971000825179772, 0.0014519060967297845, 5.192496579317684e-05
flux1:, 1.1980824393885812, 0.001317837113440988, 4.1920876489613385e-06
flux1:, 1.1990647962591852, 0.000501965723174881, 1.7538581855324627e-05
flux1:, 1.200047153129789, 0.0012462959146004732, 7.360689321359697e-05
flux1:, 1.201029510000393, 0.0017933758741435918, 3.8822257921135826e-05
flux1:, 1.202011866870997, 0.0008199802273000995, -2.149724668654536e-06
flux1:, 1.202994223741601, 0.0009612871734760221, 6.438388669978275e-05
flux1:, 1.203976580612205, 0.00204498290109379, 9.18167446413977e-05
flux1:, 1.2049589374828087, 0.0014030273163308541, 1.5471615214964274e-05
flux1:, 1.2059412943534127, 0.0008103740126168217, 2.3654200999191985e-05
flux1:, 1.2069236512240167, 0.002010705523644037, 0.0001103181428905896
flux1:, 1.2079060080946207, 0.002093160079424501, 7.71568498877989e-05
flux1:, 1.2088883649652247, 0.0009706869911259562, 7.987714660924342e-06
flux1:, 1.2098707218358287, 0.0017526246669363943, 7.369789214402835e-05
flux1:, 1.2108530787064324, 0.0026619565343352614, 0.00012279504699917187
flux1:, 1.2118354355770364, 0.0015060371236180637, 4.630324984056805e-05
flux1:, 1.2128177924476404, 0.001467148185506171, 3.769874748483163e-05
flux1:, 1.2138001493182444, 0.0029237068043723113, 0.00012219637051714096
flux1:, 1.2147825061888484, 0.0023197282574846977, 0.00010222839577640243
flux1:, 1.2157648630594522, 0.0014108376941001017, 4.091824597083127e-05
flux1:, 1.2167472199300562, 0.002848763627346484, 9.938672554292317e-05
flux1:, 1.2177295768006602, 0.0031926506107998486, 0.00014230816369350152
flux1:, 1.2187119336712642, 0.0017697999859162007, 7.942488264922128e-05
flux1:, 1.2196942905418682, 0.0025802886163816137, 8.467563398860384e-05
flux1:, 1.220676647412472, 0.0038838500160795616, 0.0001588634333378184
flux1:, 1.221659004283076, 0.0025767563018502045, 0.0001338284151880446
flux1:, 1.22264136115368, 0.0023776763316846203, 9.52328274875966e-05
flux1:, 1.223623718024284, 0.004238125744667771, 0.00016128353213597452
flux1:, 1.224606074894888, 0.0036981554693349536, 0.00018610011980374933
flux1:, 1.2255884317654917, 0.0025183866017460966, 0.000133758275064416
flux1:, 1.2265707886360957, 0.004260927784623619, 0.00016604552991227405
flux1:, 1.2275531455066997, 0.004887632456121409, 0.00022720982475081948
flux1:, 1.2285355023773037, 0.003191251253729593, 0.00019168575708018582
flux1:, 1.2295178592479077, 0.004132822741812319, 0.00018773123714459035
flux1:, 1.2305002161185117, 0.005886720450815601, 0.00026031689402545986
flux1:, 1.2314825729891155, 0.004420480599452155, 0.00025578272644684937
flux1:, 1.2324649298597194, 0.004155997774057998, 0.0002305405069337873
flux1:, 1.2334472867303234, 0.006536433027204782, 0.0002987663898707664
flux1:, 1.2344296436009274, 0.006050330519615729, 0.00031894201029198743
flux1:, 1.2354120004715314, 0.004649721184845929, 0.0002817298349040506
flux1:, 1.2363943573421352, 0.006857227547471112, 0.0003549894189922666
flux1:, 1.2373767142127392, 0.007796828920343263, 0.000398722811385747
flux1:, 1.2383590710833432, 0.005827645793572971, 0.0003147002178867955
flux1:, 1.2393414279539472, 0.0070649800761756155, 0.00040062326789786304
flux1:, 1.2403237848245512, 0.00934866581683973, 0.0005779164124847558
flux1:, 1.241306141695155, 0.007689734369608669, 0.0004358410686187771
flux1:, 1.242288498565759, 0.007548235629562781, 0.0003289653382133518
flux1:, 1.243270855436363, 0.010665400352462448, 0.0007151013521541707
flux1:, 1.244253212306967, 0.010209983319304939, 0.0009519547554159463
flux1:, 1.245235569177571, 0.008741297090820917, 0.0006411107313744883
flux1:, 1.2462179260481747, 0.011790252076688343, 0.0006087052428287381
flux1:, 1.2472002829187787, 0.01309450911853965, 0.001021282099471021
flux1:, 1.2481826397893827, 0.01083753499796241, 0.0010018726846572517
flux1:, 1.2491649966599867, 0.012789049369834958, 0.0007407114687695195
flux1:, 1.2501473535305907, 0.015901433445555196, 0.0010117447557472664
flux1:, 1.2511297104011945, 0.013965163935248737, 0.0012675677386670432
flux1:, 1.2521120672717985, 0.014176586014229154, 0.0010190365776519906
flux1:, 1.2530944241424025, 0.018451376392614894, 0.0010627336815924025
flux1:, 1.2540767810130065, 0.01799558610479721, 0.0014648352057444656
flux1:, 1.2550591378836105, 0.016469595985022276, 0.0013850628407396147
flux1:, 1.2560414947542144, 0.02077836140245801, 0.0012226023255453528
flux1:, 1.2570238516248182, 0.02261192670360125, 0.0016137048890791453
flux1:, 1.2580062084954222, 0.020082060718360065, 0.001785768378457622
flux1:, 1.2589885653660262, 0.023187526672966027, 0.0015247969247952538
flux1:, 1.2599709222366302, 0.027440770754423235, 0.0017579348135459728
flux1:, 1.2609532791072342, 0.02521072352494815, 0.0021687180643227707
flux1:, 1.261935635977838, 0.026219287487607896, 0.001973240514748042
flux1:, 1.262917992848442, 0.03221371563250003, 0.0019656279021383646
flux1:, 1.263900349719046, 0.031776428838121894, 0.002501506096344596
flux1:, 1.26488270658965, 0.03052979122700674, 0.0025335565389985938
flux1:, 1.265865063460254, 0.03691547308704905, 0.0023103236457352187
flux1:, 1.266847420330858, 0.03945454530501473, 0.0027920480188494937
flux1:, 1.2678297772014617, 0.03672230985267694, 0.0031414936892938017
flux1:, 1.2688121340720657, 0.04187182520588634, 0.002842910565546563
flux1:, 1.2697944909426697, 0.04779592287434537, 0.003096329092647981
flux1:, 1.2707768478132737, 0.04517836747704803, 0.003728293505921678
flux1:, 1.2717592046838777, 0.04774431812434304, 0.0035670097864643523
flux1:, 1.2727415615544815, 0.05641283851872744, 0.003505962976396767
flux1:, 1.2737239184250855, 0.05594029959480413, 0.004254622000684858
flux1:, 1.2747062752956895, 0.05542081324165124, 0.0044308692251853665
flux1:, 1.2756886321662935, 0.06518435639517585, 0.0041164187533111124
flux1:, 1.2766709890368975, 0.06868972719087472, 0.004738653500561129
flux1:, 1.2776533459075012, 0.06581748919774323, 0.005343591613094852
flux1:, 1.2786357027781052, 0.07442318651344224, 0.004986399272010341
flux1:, 1.2796180596487092, 0.08284820007432153, 0.005263406836839281
flux1:, 1.2806004165193132, 0.07963461903926755, 0.0062136323371363555
flux1:, 1.2815827733899172, 0.08494438708517175, 0.006105641389214024
flux1:, 1.282565130260521, 0.09779870902651605, 0.0059548904402236015
flux1:, 1.283547487131125, 0.09713219059835289, 0.0069962257104249775
flux1:, 1.284529844001729, 0.0979879930924719, 0.00738841545699637
flux1:, 1.285512200872333, 0.1131906788399936, 0.0069346819348899
flux1:, 1.286494557742937, 0.11800642251876535, 0.007728924988747686
flux1:, 1.2874769146135407, 0.11497744529181497, 0.008701653870299286
flux1:, 1.2884592714841447, 0.12925113274127947, 0.008263757512735307
flux1:, 1.2894416283547487, 0.14144454094046682, 0.008535307322557702
flux1:, 1.2904239852253527, 0.1371448327676053, 0.009921987369312959
flux1:, 1.2914063420959567, 0.14699232356731304, 0.009902504644104937
flux1:, 1.2923886989665605, 0.16640222915876118, 0.009587603376222765
flux1:, 1.2933710558371645, 0.1651158453708837, 0.011000639323460147
flux1:, 1.2943534127077685, 0.168199553566903, 0.011709800411547127
flux1:, 1.2953357695783725, 0.19208135487916386, 0.011036733208586945
flux1:, 1.2963181264489765, 0.19860282649420405, 0.012006440790899625
flux1:, 1.2973004833195805, 0.19512099456368634, 0.01349040310611835
flux1:, 1.2982828401901843, 0.21849510600149705, 0.01293594883406556
flux1:, 1.2992651970607882, 0.23637412812662953, 0.013120942528976868
flux1:, 1.3002475539313922, 0.22987193325131633, 0.015078630266758023
flux1:, 1.3012299108019962, 0.24692284098162856, 0.015193408013538088
flux1:, 1.3022122676726002, 0.2766230990805487, 0.014576796039880867
flux1:, 1.303194624543204, 0.27369350323382324, 0.016425942123126713
flux1:, 1.304176981413808, 0.2800208514196868, 0.01758310318103031
flux1:, 1.305159338284412, 0.3177398019986998, 0.016556015837660955
flux1:, 1.306141695155016, 0.3263298656167787, 0.017650734013949287
flux1:, 1.30712405202562, 0.3214099988358362, 0.019822082226167298
flux1:, 1.308106408896224, 0.3593136970616892, 0.019087970004740745
flux1:, 1.3090887657668278, 0.3858444670169401, 0.019017394189106876
flux1:, 1.3100711226374318, 0.37471936959809116, 0.021691645329533393
flux1:, 1.3110534795080357, 0.4030243965613686, 0.021996143582638104
flux1:, 1.3120358363786397, 0.449132944206675, 0.02083834938752171
flux1:, 1.3130181932492437, 0.44230158630051647, 0.02315395018545355
flux1:, 1.3140005501198475, 0.4529939715987726, 0.024930373313063015
flux1:, 1.3149829069904515, 0.5131849890200848, 0.023328522946826608
flux1:, 1.3159652638610555, 0.5240681150893471, 0.024406715185465295
flux1:, 1.3169476207316595, 0.5152497770781767, 0.027488472881779694
flux1:, 1.3179299776022635, 0.5768398969701602, 0.026471120153708477
flux1:, 1.3189123344728673, 0.6170169692590561, 0.025835551754925332
flux1:, 1.3198946913434713, 0.5962098397940997, 0.02938929971379363
flux1:, 1.3208770482140753, 0.6424717240717831, 0.029961439935745137
flux1:, 1.3218594050846793, 0.7159443327699001, 0.027863317982828536
flux1:, 1.3228417619552832, 0.7005046936172417, 0.030626443523264147
flux1:, 1.323824118825887, 0.7168679898062786, 0.033273143945630496
flux1:, 1.324806475696491, 0.8155103997322991, 0.030744594034570135
flux1:, 1.325788832567095, 0.8288637768467172, 0.03152535059035533
flux1:, 1.326771189437699, 0.8106541785192825, 0.03584344716481894
flux1:, 1.327753546308303, 0.9133274936982558, 0.03438973399450205
flux1:, 1.3287359031789068, 0.977049959125842, 0.03265523930929163
flux1:, 1.3297182600495108, 0.9360157608723894, 0.037317377799013084
flux1:, 1.3307006169201148, 1.0132124844129797, 0.0383073873341213
flux1:, 1.3316829737907188, 1.1367694430458528, 0.03460414542138622
flux1:, 1.3326653306613228, 1.1031164915268952, 0.037751197065586946
flux1:, 1.3336476875319265, 1.1274109934850487, 0.04171867539882787
flux1:, 1.3346300444025305, 1.299053471383184, 0.03768990695329973
flux1:, 1.3356124012731345, 1.316327185270897, 0.0376727895315455
flux1:, 1.3365947581437385, 1.276658589981518, 0.043829314923234934
flux1:, 1.3375771150143425, 1.4598849860254353, 0.04172377533103238
flux1:, 1.3385594718849465, 1.571919565003996, 0.037940136538421695
flux1:, 1.3395418287555503, 1.4874978123961062, 0.04417257719627601
flux1:, 1.3405241856261543, 1.62706441798527, 0.04594310948243963
flux1:, 1.3415065424967583, 1.8590349047800814, 0.03941620281820991
flux1:, 1.3424888993673623, 1.7872722335107156, 0.04288781763519849
flux1:, 1.3434712562379663, 1.8268271518543122, 0.04917802038770207
flux1:, 1.34445361310857, 2.165457775288521, 0.04256091371209967
flux1:, 1.345435969979174, 2.1984839577129014, 0.040801635107290006
flux1:, 1.346418326849778, 2.1089421187595634, 0.05022810550888072
flux1:, 1.347400683720382, 2.489268528569932, 0.047092792857410755
flux1:, 1.348383040590986, 2.7355257870118006, 0.03923858287955023
flux1:, 1.34936539746159, 2.550365957809617, 0.04833213881696376
flux1:, 1.3503477543321938, 2.857601968713445, 0.05186591728354796
flux1:, 1.3513301112027978, 3.4082730342954015, 0.03958896769141895
flux1:, 1.3523124680734018, 3.2606628988465327, 0.043554719513827535
flux1:, 1.3532948249440058, 3.3564343987908014, 0.05503265169058667
flux1:, 1.3542771818146098, 4.239822589742859, 0.04276801312339449
flux1:, 1.3552595386852135, 4.399192200355571, 0.03692081982530582
flux1:, 1.3562418955558175, 4.185982042048999, 0.054428958137193895
flux1:, 1.3572242524264215, 5.3147531964671755, 0.048777959473145116
flux1:, 1.3582066092970255, 6.231325554762341, 0.030221148662418002
flux1:, 1.3591889661676295, 5.794129322444457, 0.0479349286519032
flux1:, 1.3601713230382333, 6.9100875981546235, 0.05664293423505269
flux1:, 1.3611536799088373, 9.30559847074194, 0.025662962085228294
flux1:, 1.3621360367794413, 9.28974790075427, 0.03327165202557267
flux1:, 1.3631183936500453, 9.922788176558281, 0.06537056724953694
flux1:, 1.3641007505206493, 15.03096734445112, 0.026868557056211727
flux1:, 1.365083107391253, 18.037592418815365, 0.006362699525005611
flux1:, 1.366065464261857, 17.65886713778097, 0.08210552683681285
flux1:, 1.367047821132461, 27.202703099677024, 0.06125048507255034
flux1:, 1.368030178003065, 43.82563947870032, -0.021931904445724664
flux1:, 1.369012534873669, 41.080532686360286, 0.3154242659620242
flux1:, 1.3699948917442728, 19.347437885578646, 1.0424161991201664
flux1:, 1.3709772486148768, 17.64993297209181, 1.2729316091860023
flux1:, 1.3719596054854808, 46.885583186131576, 0.6337059590843444
flux1:, 1.3729419623560848, 65.8703760713396, -0.05708468837805785
flux1:, 1.3739243192266888, 49.8399324402166, -0.13718626103016743
flux1:, 1.3749066760972926, 25.501706779825735, 0.02663098579699444
flux1:, 1.3758890329678966, 17.854158357155665, 0.0026603458076334646
flux1:, 1.3768713898385005, 17.119001981582166, -0.04513704011995237
flux1:, 1.3778537467091045, 11.817309813656177, 0.01940163290060895
flux1:, 1.3788361035797085, 7.790531360675439, 0.034473521146627606
flux1:, 1.3798184604503125, 7.954616799439132, -0.009529311061731814
flux1:, 1.3808008173209163, 7.039709908316819, 0.01125235627154374
flux1:, 1.3817831741915203, 4.993203027534036, 0.03994249158623267
flux1:, 1.3827655310621243, 4.839574438755829, 0.009472172787177534
flux1:, 1.3837478879327283, 4.9580446712370145, 0.0037095482353506786
flux1:, 1.3847302448033323, 3.9908082770631883, 0.033608878215523254
flux1:, 1.3857126016739363, 3.6710580833394624, 0.02116842547144667
flux1:, 1.38669495854454, 3.953539172017691, 0.00014420162384104273
flux1:, 1.387677315415144, 3.570312809462593, 0.021319787707371553
flux1:, 1.388659672285748, 3.250064963953682, 0.02617887642689525
flux1:, 1.389642029156352, 3.4812659746170733, 0.0011283730224929183
flux1:, 1.390624386026956, 3.3952364255033785, 0.007579438121276983
flux1:, 1.3916067428975598, 3.1440304134832435, 0.023946404841050612
flux1:, 1.3925890997681638, 3.3011977338924097, 0.004955916011506878
flux1:, 1.3935714566387678, 3.3582045792643385, -0.003801517248208898
flux1:, 1.3945538135093718, 3.182464566731428, 0.015083563155448667
flux1:, 1.3955361703799758, 3.284905105228849, 0.008533506470445111
flux1:, 1.3965185272505796, 3.414751205346293, -0.010434448034666404
flux1:, 1.3975008841211836, 3.3004153742304987, 0.001938884821249184
flux1:, 1.3984832409917876, 3.3599749240033145, 0.008647970191923465
flux1:, 1.3994655978623916, 3.534781659142625, -0.012030629233373672
flux1:, 1.4004479547329955, 3.475075490500715, -0.011914325193508423
flux1:, 1.4014303116035993, 3.4904579673186027, 0.003292516836883962
flux1:, 1.4024126684742033, 3.691912604774524, -0.010444154481930156
flux1:, 1.4033950253448073, 3.6951173724215756, -0.022861013894020104
flux1:, 1.4043773822154113, 3.6648326826385818, -0.007418276941540207
flux1:, 1.4053597390860153, 3.8661750119380622, -0.008907265541462978
flux1:, 1.406342095956619, 3.946823573738737, -0.02858271856405413
flux1:, 1.407324452827223, 3.8839837552053984, -0.02113305485697157
flux1:, 1.408306809697827, 4.049101502541981, -0.010656265909849968
flux1:, 1.409289166568431, 4.21161024290645, -0.028973027631668556
flux1:, 1.410271523439035, 4.149450589005741, -0.03406193197347205
flux1:, 1.4112538803096388, 4.245354908008552, -0.017442177852702037
flux1:, 1.4122362371802428, 4.470932898531341, -0.026179572751512923
flux1:, 1.4132185940508468, 4.454910761536069, -0.04243420521890952
flux1:, 1.4142009509214508, 4.468774911862176, -0.02853576172072698
flux1:, 1.4151833077920548, 4.713893483620521, -0.023643494742923335
flux1:, 1.4161656646626586, 4.783624122658294, -0.0440442468624688
flux1:, 1.4171480215332626, 4.73404211416736, -0.04070143425475765
flux1:, 1.4181303784038666, 4.9427741222006585, -0.024424805962427604
flux1:, 1.4191127352744706, 5.112486983684061, -0.039194305358186146
flux1:, 1.4200950921450746, 5.047520129215244, -0.04924843251307728
flux1:, 1.4210774490156786, 5.17310490745027, -0.029452023300422726
flux1:, 1.4220598058862823, 5.420648440885127, -0.030504556364751998
flux1:, 1.4230421627568863, 5.401506250529453, -0.0497918524792279
flux1:, 1.4240245196274903, 5.427526687979686, -0.036451308936200244
flux1:, 1.4250068764980943, 5.698609521417648, -0.021478857971467914
flux1:, 1.4259892333686983, 5.774856140490566, -0.03996149332905254
flux1:, 1.4269715902393023, 5.725690404841543, -0.04010086531688377
flux1:, 1.427953947109906, 5.953343610837827, -0.01424486088626058
flux1:, 1.42893630398051, 6.140243523352872, -0.02016946947556084
flux1:, 1.429918660851114, 6.074524690412021, -0.033454520495319426
flux1:, 1.430901017721718, 6.206544685618925, -0.007309928136016273
flux1:, 1.431883374592322, 6.475288073837295, 0.007211714513489996
flux1:, 1.4328657314629258, 6.463446952593327, -0.010052822854262247
flux1:, 1.4338480883335298, 6.4860839441102796, 0.005718744270289841
flux1:, 1.4348304452041338, 6.772757004860378, 0.04034392152165279
flux1:, 1.4358128020747378, 6.867244540807385, 0.03435789823903506
flux1:, 1.4367951589453418, 6.813915777474284, 0.03580917659580859
flux1:, 1.4377775158159456, 7.044993981781042, 0.08146299807757727
flux1:, 1.4387598726865496, 7.256044208609179, 0.10170198030255531
flux1:, 1.4397422295571536, 7.195588540024772, 0.09657783206760873
flux1:, 1.4407245864277576, 7.319808452150043, 0.1402015717839199
flux1:, 1.4417069432983616, 7.608317855952078, 0.1938268958860798
flux1:, 1.4426893001689653, 7.616136997655187, 0.20147347687504785
flux1:, 1.4436716570395693, 7.628441502749372, 0.23499761754229334
flux1:, 1.4446540139101733, 7.9206620043431135, 0.31681542546285796
flux1:, 1.4456363707807773, 8.04428731097795, 0.36112797682788006
flux1:, 1.4466187276513813, 7.989408473483621, 0.39054104076232804
flux1:, 1.447601084521985, 8.208093957197816, 0.48503560114521616
flux1:, 1.448583441392589, 8.442498683350847, 0.5813702289367039
flux1:, 1.449565798263193, 8.39367929839059, 0.6288035843588109
flux1:, 1.450548155133797, 8.491284758075517, 0.7194594853857804
flux1:, 1.451530512004401, 8.776500157756995, 0.8605720673093842
flux1:, 1.4525128688750049, 8.796965984731912, 0.9518721831125446
flux1:, 1.4534952257456089, 8.773601615855974, 1.0322644899550935
flux1:, 1.4544775826162128, 9.018384739463231, 1.1831608819275794
flux1:, 1.4554599394868168, 9.125942333643717, 1.3215405638857756
flux1:, 1.4564422963574208, 9.022933131652845, 1.397098714075668
flux1:, 1.4574246532280246, 9.145968375445609, 1.5099976851216927
flux1:, 1.4584070100986286, 9.305617874267666, 1.6574045192623752
flux1:, 1.4593893669692326, 9.182817008651803, 1.7329400425614718
flux1:, 1.4603717238398366, 9.150870720691037, 1.7800246099367987
flux1:, 1.4613540807104406, 9.300981477712076, 1.877816292081147
flux1:, 1.4623364375810444, 9.214051743455467, 1.944737298382798
flux1:, 1.4633187944516486, 9.0536661586179, 1.9384513917562844
flux1:, 1.4643011513222524, 9.138110980184942, 1.9557646452239328
flux1:, 1.4652835081928564, 9.120051535577629, 1.9955347937487793
flux1:, 1.4662658650634603, 8.898489605349836, 1.9699600698963053
flux1:, 1.4672482219340643, 8.881567657722446, 1.9235013405409749
flux1:, 1.4682305788046683, 8.928397957404522, 1.922469844838459
flux1:, 1.4692129356752721, 8.72267727507066, 1.900093128760636
flux1:, 1.470195292545876, 8.596089235264474, 1.8300787096826279
flux1:, 1.47117764941648, 8.666171952457036, 1.789972814618511
flux1:, 1.472160006287084, 8.535242474223596, 1.7713542029853442
flux1:, 1.473142363157688, 8.32447106415643, 1.710229073555349
flux1:, 1.4741247200282919, 8.35713868219776, 1.6468796227616607
flux1:, 1.4751070768988959, 8.321678061954136, 1.6223517533268597
flux1:, 1.4760894337694999, 8.081942281038053, 1.581931430542613
flux1:, 1.4770717906401039, 8.02723501917968, 1.515854765902926
flux1:, 1.4780541475107078, 8.062925201676432, 1.4792543663948359
flux1:, 1.4790365043813116, 7.859045268714024, 1.454718876607315
flux1:, 1.4800188612519156, 7.702907143196818, 1.4013185973398876
flux1:, 1.4810012181225196, 7.752238057332833, 1.3551396861371936
flux1:, 1.4819835749931236, 7.630720575710666, 1.3354228096849055
flux1:, 1.4829659318637276, 7.402589630361632, 1.300122400949
flux1:, 1.4839482887343314, 7.401608303363815, 1.2527820101169473
flux1:, 1.4849306456049354, 7.369899126082292, 1.22939772800746
flux1:, 1.4859130024755394, 7.12906710795981, 1.2086439276313428
flux1:, 1.4868953593461434, 7.036875733369626, 1.168729755788917
flux1:, 1.4878777162167474, 7.060989330310787, 1.1396043176179953
flux1:, 1.4888600730873511, 6.86897051520498, 1.1255447483626027
flux1:, 1.4898424299579551, 6.68585574900113, 1.0973799470229342
flux1:, 1.4908247868285591, 6.707613066742196, 1.0658649229440642
flux1:, 1.4918071436991631, 6.600480074698707, 1.051453576926725
flux1:, 1.4927895005697671, 6.366350427395153, 1.033990395112597
flux1:, 1.4937718574403709, 6.331335692368844, 1.0053040261603063
flux1:, 1.4947542143109749, 6.305327814917296, 0.9873315556981137
flux1:, 1.4957365711815789, 6.080116795416167, 0.9760108000706486
flux1:, 1.4967189280521829, 5.962496006992319, 0.9537738801666074
flux1:, 1.4977012849227869, 5.978899056256961, 0.9330179426112978
flux1:, 1.4986836417933906, 5.815226144755825, 0.9228144023798466
flux1:, 1.4996659986639946, 5.627959459324358, 0.9074335074042448
flux1:, 1.5006483555345986, 5.63348981632225, 0.8867510414749705
flux1:, 1.5016307124052026, 5.55473463419606, 0.8745240102731034
flux1:, 1.5026130692758066, 5.341612061611743, 0.8636945270001924
flux1:, 1.5035954261464104, 5.293537161889398, 0.8456569591882551
flux1:, 1.5045777830170146, 5.286634404718853, 0.8308233626741428
flux1:, 1.5055601398876184, 5.1013501109226365, 0.8212477699605616
flux1:, 1.5065424967582224, 4.985576668383821, 0.8066704375527559
flux1:, 1.5075248536288264, 5.010058128035287, 0.7903789360220473
flux1:, 1.5085072104994304, 4.892708833768622, 0.7794426553565277
flux1:, 1.5094895673700344, 4.727677284470618, 0.7672857536282094
flux1:, 1.5104719242406381, 4.7352113761250685, 0.7510023103783172
flux1:, 1.5114542811112421, 4.696323609971747, 0.7375735204392491
flux1:, 1.5124366379818461, 4.522547100459537, 0.72583550874734
flux1:, 1.5134189948524501, 4.477723982965006, 0.7102793393779135
flux1:, 1.5144013517230541, 4.495513027905047, 0.6945392934531153
flux1:, 1.515383708593658, 4.35639954844946, 0.6813810323747359
flux1:, 1.516366065464262, 4.250329869140523, 0.6662658507430643
flux1:, 1.5173484223348659, 4.281214628155555, 0.6490231098997687
flux1:, 1.5183307792054699, 4.203526022100204, 0.6335076426914626
flux1:, 1.5193131360760739, 4.055437077271119, 0.6179685627262842
flux1:, 1.5202954929466777, 4.053077700834244, 0.6000145783184275
flux1:, 1.5212778498172816, 4.035026876528274, 0.5822583910489946
flux1:, 1.5222602066878856, 3.8816881973954978, 0.5655238449334111
flux1:, 1.5232425635584896, 3.8167965721445234, 0.5473379299353095
flux1:, 1.5242249204290936, 3.828949062459531, 0.5282160310774642
flux1:, 1.5252072772996974, 3.7064461494203735, 0.5101042770962092
flux1:, 1.5261896341703014, 3.578843313856256, 0.4918939083533525
flux1:, 1.5271719910409054, 3.577960559409798, 0.4725634672824436
flux1:, 1.5281543479115094, 3.5040364949189127, 0.45360546770224025
flux1:, 1.5291367047821134, 3.341008985180553, 0.43550248291189897
flux1:, 1.5301190616527172, 3.290765775939729, 0.41696460051718043
flux1:, 1.5311014185233212, 3.256592582360184, 0.3981802928457139
flux1:, 1.5320837753939252, 3.097932508740511, 0.38042796993685507
flux1:, 1.5330661322645291, 2.9861341940107176, 0.363265236582372
flux1:, 1.5340484891351331, 2.9621307818343015, 0.3457505613921578
flux1:, 1.535030846005737, 2.839659387652247, 0.3287940997717021
flux1:, 1.536013202876341, 2.6828028820843115, 0.3131489607072571
flux1:, 1.536995559746945, 2.635341551691919, 0.29766838201724244
flux1:, 1.537977916617549, 2.5581512844509655, 0.28210876495939086
flux1:, 1.538960273488153, 2.3912273287263845, 0.2678749193340613
flux1:, 1.5399426303587567, 2.3006693079484566, 0.25463517558701243
flux1:, 1.5409249872293607, 2.25378209112652, 0.24105007098504583
flux1:, 1.5419073440999647, 2.111699993101423, 0.22814064421486974
flux1:, 1.5428897009705687, 1.9817347411944868, 0.21683655840830893
flux1:, 1.5438720578411727, 1.9376569859856674, 0.20554277289348546
flux1:, 1.5448544147117764, 1.8389252310081157, 0.1940566960288211
flux1:, 1.5458367715823806, 1.69284763877269, 0.18414614644950403
flux1:, 1.5468191284529844, 1.628244670729096, 0.17503801311008318
flux1:, 1.5478014853235884, 1.5692056915873147, 0.16522091012628112
flux1:, 1.5487838421941924, 1.4365001120962233, 0.1562654851369003
flux1:, 1.5497661990647964, 1.3442905909946747, 0.14884281473424146
flux1:, 1.5507485559354004, 1.3054422553391976, 0.140885581648323
flux1:, 1.5517309128060042, 1.2069883066207612, 0.1327653923359672
flux1:, 1.5527132696766082, 1.0979896030888574, 0.1263567519663786
flux1:, 1.5536956265472122, 1.0571976645996723, 0.12018578075310589
flux1:, 1.5546779834178162, 0.9970742377001489, 0.11308305890970705
flux1:, 1.5556603402884202, 0.8919133049975215, 0.10714803812502399
flux1:, 1.556642697159024, 0.8363947460994064, 0.10236042846091321
flux1:, 1.557625054029628, 0.8035187729414947, 0.09654970249872173
flux1:, 1.558607410900232, 0.720754792613563, 0.0908938906008656
flux1:, 1.559589767770836, 0.651713251912707, 0.08688920546972968
flux1:, 1.56057212464144, 0.6286784632000929, 0.08248058374708574
flux1:, 1.5615544815120437, 0.5761715033658188, 0.07727055877339732
flux1:, 1.5625368383826477, 0.5050805916699962, 0.07350328501365193
flux1:, 1.5635191952532517, 0.4780994932308767, 0.07029855068401135
flux1:, 1.5645015521238557, 0.45156723487670275, 0.06588231157625345
flux1:, 1.5654839089944597, 0.39189968000680414, 0.06208727160167192
flux1:, 1.5664662658650634, 0.35637946098871287, 0.05962837298079223
flux1:, 1.5674486227356674, 0.34430008775694765, 0.056274797382127636
flux1:, 1.5684309796062714, 0.3041912868285484, 0.0525389444672824
flux1:, 1.5694133364768754, 0.2641206801428936, 0.050310080686900106
flux1:, 1.5703956933474794, 0.25484605497658064, 0.04801764824000855
flux1:, 1.5713780502180832, 0.23433184592946746, 0.04466579410221011
flux1:, 1.5723604070886872, 0.19751233553777617, 0.04232425380825413
flux1:, 1.5733427639592912, 0.1843326562530408, 0.04079857352220762
flux1:, 1.5743251208298952, 0.17732064211393062, 0.038167706556200665
flux1:, 1.5753074777004992, 0.15015378187578074, 0.03567139177763642
flux1:, 1.576289834571103, 0.13239429166254876, 0.034467766189508496
flux1:, 1.577272191441707, 0.1309395919440258, 0.03270126112383534
flux1:, 1.578254548312311, 0.11556387407382335, 0.030270894043850596
flux1:, 1.579236905182915, 0.09649465710885868, 0.02900646604022114
flux1:, 1.580219262053519, 0.09453193024755857, 0.027975856676317083
flux1:, 1.5812016189241227, 0.08893505924532438, 0.025928875134047766
flux1:, 1.5821839757947267, 0.07263585141287703, 0.02444124819149776
flux1:, 1.5831663326653307, 0.06759149385609338, 0.023820553103600848
flux1:, 1.5841486895359347, 0.06759007441450059, 0.022380380750356185
flux1:, 1.5851310464065387, 0.05663598257812925, 0.020755679367339956
flux1:, 1.5861134032771425, 0.04896987077944072, 0.02018714069324481
flux1:, 1.5870957601477467, 0.05045312256025763, 0.019370069851174
flux1:, 1.5880781170183504, 0.04516229530305858, 0.017845711512502454
flux1:, 1.5890604738889544, 0.03684498421798625, 0.01709712046723685
flux1:, 1.5900428307595584, 0.03718624712723608, 0.01672113009512444
flux1:, 1.5910251876301624, 0.03614320366710344, 0.015533671411700211
flux1:, 1.5920075445007664, 0.02914698513989191, 0.014569986100790255
flux1:, 1.5929899013713702, 0.027507846872616842, 0.014358716919227051
flux1:, 1.5939722582419742, 0.02862233461579564, 0.013621744851215919
flux1:, 1.5949546151125782, 0.024046014540060417, 0.012572496105590192
flux1:, 1.5959369719831822, 0.020892529548612898, 0.012285339851518702
flux1:, 1.5969193288537862, 0.022333893189184603, 0.011949737165892494
flux1:, 1.59790168572439, 0.02024794526582754, 0.01100892997395107
flux1:, 1.598884042594994, 0.016593045699064356, 0.010530463963626205
flux1:, 1.599866399465598, 0.017273332905187223, 0.010428037710388756
flux1:, 1.600848756336202, 0.01703781171212743, 0.009747243425145623
flux1:, 1.601831113206806, 0.013815381871864478, 0.00910370807491502
flux1:, 1.6028134700774097, 0.013418999223342542, 0.009035848559990943
flux1:, 1.6037958269480137, 0.014143657435770078, 0.008660145628286705
flux1:, 1.6047781838186177, 0.011891717404438241, 0.007971875710795901
flux1:, 1.6057605406892217, 0.010632650671889874, 0.007793507462913832
flux1:, 1.6067428975598257, 0.011537998188397859, 0.007658608626864156
flux1:, 1.6077252544304295, 0.010368045329089182, 0.007063914672670397
flux1:, 1.6087076113010335, 0.008684632967497222, 0.006727235821930195
flux1:, 1.6096899681716375, 0.009271881792600406, 0.0067046209902425725
flux1:, 1.6106723250422414, 0.008998429562767746, 0.006294372538163925
flux1:, 1.6116546819128454, 0.007324468015151517, 0.0058432052820322185
flux1:, 1.6126370387834492, 0.007384055176876188, 0.005802631908614638
flux1:, 1.6136193956540532, 0.007684919318862418, 0.005590318221375048
flux1:, 1.6146017525246572, 0.006336367932542484, 0.005119236092073961
flux1:, 1.6155841093952612, 0.0058773413087881985, 0.004978445751711437
flux1:, 1.6165664662658652, 0.006411885578359506, 0.004909230036050309
flux1:, 1.617548823136469, 0.005557938778764107, 0.0045126028024387145
flux1:, 1.618531180007073, 0.00472731296065691, 0.004257152717523454
flux1:, 1.619513536877677, 0.005203886315272869, 0.004242539613807239
flux1:, 1.620495893748281, 0.004873997352757707, 0.003976067634157879
flux1:, 1.621478250618885, 0.003891148209816065, 0.003648689235865519
flux1:, 1.6224606074894887, 0.004106871669672519, 0.003606814621256023
flux1:, 1.6234429643600927, 0.004208625141352858, 0.003473209620460593
flux1:, 1.6244253212306967, 0.0033066921577665303, 0.0031440394955388868
flux1:, 1.6254076781013007, 0.0031753829460935863, 0.0030287587814776364
flux1:, 1.6263900349719047, 0.003526723745199879, 0.002987074775652585
flux1:, 1.6273723918425085, 0.002891999553756456, 0.0027202759660370462
flux1:, 1.6283547487131127, 0.0024530468588349385, 0.0025306822006233246
flux1:, 1.6293371055837165, 0.002837646196757526, 0.002520378460182318
flux1:, 1.6303194624543205, 0.002557798529687592, 0.0023502003599896615
flux1:, 1.6313018193249245, 0.0019505799385553834, 0.002121189353923498
flux1:, 1.6322841761955285, 0.002186954322506903, 0.002088845214323948
flux1:, 1.6332665330661325, 0.0022315382443461877, 0.002011994422766663
flux1:, 1.6342488899367362, 0.001635813943061581, 0.0017931121637446675
flux1:, 1.6352312468073402, 0.0016325170726674055, 0.0017111964296085231
flux1:, 1.6362136036779442, 0.0018784729196866948, 0.0016952184689223552
flux1:, 1.6371959605485482, 0.001444402282247309, 0.001527988746708068
flux1:, 1.6381783174191522, 0.0012158423958091133, 0.0013998955022777862
flux1:, 1.639160674289756, 0.001505752355442941, 0.0014013214167212756
flux1:, 1.64014303116036, 0.0013052611946714123, 0.0013041544681863392
flux1:, 1.641125388030964, 0.0009443098238102652, 0.0011560109378019232
flux1:, 1.642107744901568, 0.001147754259859318, 0.001139222820756362
flux1:, 1.643090101772172, 0.0011655264596992312, 0.0011045085528426143
flux1:, 1.6440724586427757, 0.0007920592660255896, 0.0009695505249947438
flux1:, 1.6450548155133797, 0.0008429874156715716, 0.0009185882608126527
flux1:, 1.6460371723839837, 0.0010024824929203658, 0.000920769297041709
flux1:, 1.6470195292545877, 0.0007151670735344679, 0.0008241498866252815
flux1:, 1.6480018861251917, 0.0006157691671452255, 0.000744090809455989
flux1:, 1.6489842429957955, 0.0008200681131132301, 0.0007531482715919562
flux1:, 1.6499665998663995, 0.0006700008723463443, 0.0007033252884331233
flux1:, 1.6509489567370035, 0.0004698285938329251, 0.0006129520405612035
flux1:, 1.6519313136076075, 0.0006364654260209389, 0.000606626487505593
flux1:, 1.6529136704782115, 0.0006253288225753195, 0.0005953877227450606
flux1:, 1.6538960273488152, 0.0003924597640868749, 0.000516135963414649
flux1:, 1.6548783842194192, 0.00047167136810955776, 0.0004862404579041496
flux1:, 1.6558607410900232, 0.0005653205512753808, 0.000495347743836776
flux1:, 1.6568430979606272, 0.00036291200401194107, 0.0004418893024742387
flux1:, 1.6578254548312312, 0.00034042892443858567, 0.00039361580404427814
flux1:, 1.658807811701835, 0.0004864659742029282, 0.0004038129552871522
flux1:, 1.659790168572439, 0.0003592110071653592, 0.00037963585749275624
flux1:, 1.660772525443043, 0.00025055765704493863, 0.0003258726028459237
flux1:, 1.661754882313647, 0.00039328161449687064, 0.0003241113831759822
flux1:, 1.662737239184251, 0.0003614450759253762, 0.0003225884144143465
flux1:, 1.6637195960548548, 0.00020351296044921366, 0.0002767410511501355
flux1:, 1.6647019529254587, 0.00029563174258426765, 0.0002592503055789259
flux1:, 1.6656843097960627, 0.00035314812070583494, 0.0002683807156279305
flux1:, 1.6666666666666667, 0.00019437413589183186, 0.00023887150186207456
