flux1:, 1.1764705882352942, 9.377105957023425e-05, 0.00018535304002032977, 0.025410111075876315, -0.015533419736480638, 0.019869648182188622
flux1:, 1.1774529451058982, 5.6256523927337256e-05, -2.164206765193656e-05, 0.0317375284627991, -0.012749631258422886, 0.019688783988659513
flux1:, 1.1784353019765021, 0.00010453085204059471, 0.00021229651673911106, 0.02580172076674361, -0.016413805679205373, 0.020699887165275883
flux1:, 1.179417658847106, 7.535174244249249e-05, -2.2334850315399618e-05, 0.03262222240316577, -0.013274781815705499, 0.020385444154921245
flux1:, 1.18040001571771, 0.00011699252092116198, 0.0002443533416668678, 0.026198227119760654, -0.017430314954674533, 0.02165881934106553
flux1:, 1.181382372588314, 0.00010711377897348591, -1.9477248666013717e-05, 0.03355651642782935, -0.013899250510795965, 0.021196225417961508
flux1:, 1.182364729458918, 0.000129954035154743, 0.00027979408285461584, 0.02660140524773246, -0.018606482806180828, 0.022767991257525218
flux1:, 1.183347086329522, 0.00015711991072608973, -1.1201758246590363e-05, 0.03455297473605425, -0.014646897006001419, 0.02215546729354185
flux1:, 1.1843294432001257, 0.00014038880134702452, 0.00031402183593390965, 0.027016194648994594, -0.01996189515689358, 0.02404266938814197
flux1:, 1.1853118000707297, 0.00022891777072889325, 3.205273324221909e-06, 0.03563049756123187, -0.015535983325170201, 0.02330189139818523
flux1:, 1.1862941569413337, 0.00014315456860665573, 0.0003407083570771775, 0.027450756987240102, -0.02150449949185803, 0.025482143102951074
flux1:, 1.1872765138119377, 0.00031884445831878205, 2.1328369573103826e-05, 0.03681091351491428, -0.016562481421795207, 0.024667770582225843
flux1:, 1.1882588706825417, 0.00013266045214539092, 0.0003576815337103971, 0.027912564576797402, -0.023233046487533677, 0.02706840928543686
flux1:, 1.1892412275531457, 0.0004127562188358261, 3.797683684754412e-05, 0.03810757409309034, -0.017691565226848317, 0.026271902293347284
flux1:, 1.1902235844237494, 0.00010652534069947727, 0.00037275768869117726, 0.028404836789979026, -0.02515974202341629, 0.028784185730540937
flux1:, 1.1912059412943534, 0.0004892232630958242, 4.999984775293087e-05, 0.039508193166285295, -0.01888494863969401, 0.028122953837158987
flux1:, 1.1921882981649574, 6.903380526760084e-05, 0.00039719086683543585, 0.0289337316266348, -0.02732786281756718, 0.03063859530241969
flux1:, 1.1931706550355614, 0.0005286756631011792, 5.9968334705537645e-05, 0.04096462218503477, -0.020160580866477974, 0.03020936913269689
flux1:, 1.1941530119061654, 3.141554426250823e-05, 0.0004299300434801659, 0.029516671017327488, -0.02978951998323529, 0.03268249163642398
flux1:, 1.1951353687767692, 0.0005273677596401458, 7.183074035968255e-05, 0.04242027393139762, -0.02161751439219857, 0.03248991410625491
flux1:, 1.1961177256473732, 4.8487443328987944e-06, 0.00045851843052447213, 0.03016816971701029, -0.03257754051079468, 0.03500135752671473
flux1:, 1.1971000825179772, 0.0005018402544799689, 8.518385505839723e-05, 0.04386402734438229, -0.023368481409058166, 0.03494443093119944
flux1:, 1.1980824393885812, -7.81375867185183e-06, 0.0004769912306509604, 0.03088472323752395, -0.03572203090985311, 0.037681523254985284
flux1:, 1.1990647962591852, 0.0004726043272161868, 9.734967069221011e-05, 0.04533038578302623, -0.025474230730469144, 0.03761789383306854
flux1:, 1.200047153129789, -1.0178066412208857e-05, 0.0004902041693426357, 0.0316558429441444, -0.039274185229394985, 0.04078973760360038
flux1:, 1.201029510000393, 0.00045099442212448605, 0.00010719167364564073, 0.046857643132774324, -0.027961085122041096, 0.04059268575978679
flux1:, 1.202011866870997, -6.331845943788839e-06, 0.0005057226444450841, 0.032477348935990386, -0.043303133411362986, 0.0443825892156037
flux1:, 1.202994223741601, 0.00044053098626347807, 0.00011536291682333785, 0.04846861698729821, -0.030857126117849572, 0.04395302446521377
flux1:, 1.203976580612205, 1.4904258563169084e-06, 0.0005293755571720496, 0.03335248674343923, -0.047887074763680565, 0.04852037303489506
flux1:, 1.2049589374828087, 0.00044190468774250814, 0.0001233409351691651, 0.0501735205190455, -0.03420475764824839, 0.047776271483631755
flux1:, 1.2059412943534127, 1.2739963490862544e-05, 0.0005654638511028667, 0.0342886920114605, -0.05311105139330473, 0.053273683296063204
flux1:, 1.2069236512240167, 0.0004558957778397308, 0.00013301535411711194, 0.0519755802569345, -0.03806030103047723, 0.05213694974548819
flux1:, 1.2079060080946207, 2.809382562150954e-05, 0.0006181331128220804, 0.03529522619544752, -0.059069011364978226, 0.05872604705573023
flux1:, 1.2088883649652247, 0.00048475054867874, 0.00014686717510473167, 0.05387351046724475, -0.042491892614301904, 0.05711181694253454
flux1:, 1.2098707218358287, 4.937143039659046e-05, 0.0006926839043708347, 0.03638201159408054, -0.06586716752775108, 0.06497589020617112
flux1:, 1.2108530787064324, 0.000533292280076107, 0.0001685873902587626, 0.055861165573836705, -0.047578829905555814, 0.06278364223879127
flux1:, 1.2118354355770364, 7.993987865255415e-05, 0.0007969110474472218, 0.03755898431633461, -0.07362866232252864, 0.07213986462412722
flux1:, 1.2128177924476404, 0.0006106980380124777, 0.00020425886475043618, 0.05792497245737711, -0.053413460413058306, 0.06924516791825029
flux1:, 1.2138001493182444, 0.00012581186467934208, 0.000942882924533454, 0.038835464312520704, -0.08250060090396377, 0.08035887689863275
flux1:, 1.2147825061888484, 0.0007340185686605188, 0.00026458859250114906, 0.060038876296288776, -0.06010729467129112, 0.07660601666495578
flux1:, 1.2157648630594522, 0.0001980474052643131, 0.0011496488318142866, 0.040219204794381694, -0.0926667671631626, 0.0898101186094249
flux1:, 1.2167472199300562, 0.0009354643248087258, 0.00036924017489062857, 0.06215596664628833, -0.06780816514688918, 0.0850105042327588
flux1:, 1.2177295768006602, 0.0003179627182016083, 0.0014471905426681028, 0.04171494407058528, -0.10437315250523288, 0.10073250900720664
flux1:, 1.2187119336712642, 0.0012776020830297871, 0.0005551553402961997, 0.06419705054403721, -0.07674751573034182, 0.09468782979564364
flux1:, 1.2196942905418682, 0.0005285035374236766, 0.001880139606462683, 0.04332250471347892, -0.1179807746016037, 0.11348216506454993
flux1:, 1.220676647412472, 0.0018831150655225415, 0.0008906209998465961, 0.06604759887577323, -0.08736937806969076, 0.10609494652737862
flux1:, 1.221659004283076, 0.0009172934541504726, 0.0025001201963260585, 0.04503494952046009, -0.1340632421968269, 0.12864553492424008
flux1:, 1.22264136115368, 0.002973804591504564, 0.0014866404669037702, 0.06763464279886992, -0.10064222944898354, 0.12029139520132603
flux1:, 1.223623718024284, 0.0016439971736809595, 0.003301162243435696, 0.046826942405587095, -0.15347838058093488, 0.1471824092435345
flux1:, 1.224606074894888, 0.004787081951740823, 0.0024522585058425173, 0.06939150593758907, -0.11843298125224117, 0.1396096647910052
flux1:, 1.2255884317654917, 0.0028327984486147795, 0.00405211817083983, 0.048503178199847605, -0.1767974977881432, 0.1701050213168729
flux1:, 1.2265707886360957, 0.006729774353134765, 0.0038692052714432127, 0.07375057968973181, -0.1418063979881746, 0.16731744086259026
flux1:, 1.2275531455066997, 0.0036789820105482323, 0.004615572248336397, 0.04913936020962795, -0.20225526116883072, 0.19655892392794996
flux1:, 1.2285355023773037, 0.005879754226465144, 0.00659669501676996, 0.08485011861451502, -0.1654643888591159, 0.20280817898858194
flux1:, 1.2295178592479077, 0.0021097598883342387, 0.004963442132408647, 0.05073389666822824, -0.22795142107364708, 0.22252640056772763
flux1:, 1.2305002161185117, 0.003609414976708515, 0.008112206756446225, 0.0949035396939143, -0.1896696792765287, 0.234074195146997
flux1:, 1.2314825729891155, 0.000825976943786684, 0.003589993574031386, 0.0564749365673878, -0.2551303922108527, 0.24748555848398843
flux1:, 1.2324649298597194, 0.0030093547585673826, 0.006953191055524975, 0.10064488843305158, -0.2165762774744191, 0.2603315940711273
flux1:, 1.2334472867303234, 0.000510765899990466, 0.002208364761681331, 0.06210540923210598, -0.284813999067285, 0.2753590292474337
flux1:, 1.2344296436009274, 0.002769684203431043, 0.005756880955657719, 0.10620559308850766, -0.24495103647743, 0.2885934491903048
flux1:, 1.2354120004715314, 0.0004020655332031843, 0.0013575955906529517, 0.06727597840150289, -0.3184962308259139, 0.30765126720976504
flux1:, 1.2363943573421352, 0.0026133409525860643, 0.004987209528826305, 0.1121935271218093, -0.2762063192850497, 0.3210182061207425
flux1:, 1.2373767142127392, 0.0003426222224753933, 0.0008565458191072198, 0.07248596251385846, -0.35697986837975326, 0.34489913628890767
flux1:, 1.2383590710833432, 0.002542038013160511, 0.004559400502483754, 0.1186537190318769, -0.31143394976906263, 0.35836448403298055
flux1:, 1.2393414279539472, 0.00031017178169544875, 0.0005552835003170623, 0.07802185718914682, -0.4007811837159913, 0.3875257116073963
flux1:, 1.2403237848245512, 0.0025646717740640747, 0.004387311708966485, 0.12561367563468648, -0.35133432627461425, 0.40112612046981805
flux1:, 1.241306141695155, 0.00030507010576047043, 0.00037403889516354673, 0.08405193883283818, -0.450399067220174, 0.43600279524081936
flux1:, 1.242288498565759, 0.0026950511791405344, 0.004434561077286792, 0.13309345672446846, -0.3964510476081035, 0.4497608036650919
flux1:, 1.243270855436363, 0.00033880071872750155, 0.000276835101832848, 0.0907053755676668, -0.50637897208805, 0.4908690170872179
flux1:, 1.244253212306967, 0.002966334984593606, 0.004715937572787111, 0.14108944522082073, -0.44725149829776156, 0.5047185165584738
flux1:, 1.245235569177571, 0.00044214354756700783, 0.0002590640103175125, 0.09811728180983594, -0.5693141883614337, 0.5527124302728609
flux1:, 1.2462179260481747, 0.0034544010285848473, 0.00531528431037242, 0.14954403504696193, -0.5041055031466634, 0.5663937783585361
flux1:, 1.2472002829187787, 0.0006946976977647848, 0.0003560771020521193, 0.10648007129247418, -0.6398319392979848, 0.6221402907871455
flux1:, 1.2481826397893827, 0.004337296749252074, 0.006455562575776961, 0.15826434045621054, -0.5671789641644099, 0.6350122178455686
flux1:, 1.2491649966599867, 0.0013261310739785363, 0.0006996149229777533, 0.11617073774747119, -0.7186145873873089, 0.6997666257004589
flux1:, 1.2501473535305907, 0.0060873903635230075, 0.008739494282494735, 0.1666553890264082, -0.6362758574561189, 0.7104920333557757
flux1:, 1.2511297104011945, 0.0031461304856621017, 0.0017736793957569465, 0.1282300211956344, -0.8068266532575896, 0.7865379452543446
flux1:, 1.2521120672717985, 0.010244645422268953, 0.01410925292690349, 0.17262798288469852, -0.7116716005163749, 0.7934072082371108
flux1:, 1.2530944241424025, 0.009968763834324873, 0.005860167718256024, 0.14677246976549035, -0.910933881686848, 0.8882349313441741
flux1:, 1.2540767810130065, 0.022469334596017725, 0.02940953350511933, 0.16806294362365692, -0.8149217513677509, 0.9066500290178487
flux1:, 1.2550591378836105, 0.037270018241889184, 0.022090384192735027, 0.1842297041749155, -1.0891908384385591, 1.063865025750784
flux1:, 1.2560414947542144, 0.026764968264557952, 0.032760469306559216, 0.1736495476692965, -1.0813868292346833, 1.1857872012082384
flux1:, 1.2570238516248182, 0.029677158233305845, 0.017269688163472637, 0.18139497951155756, -1.2700954710505106, 1.253084894566821
flux1:, 1.2580062084954222, 0.005853675517565168, 0.0064875559957913425, 0.2175556687523488, -1.20507902207696, 1.316539587204641
flux1:, 1.2589885653660262, 0.012618799046131364, 0.007080203636254356, 0.17843171616451356, -1.3763550661416142, 1.3619293798411034
flux1:, 1.2599709222366302, 0.0011434734030773938, 0.001037073352660658, 0.24038177762917443, -1.3098837568594808, 1.4315166842760916
flux1:, 1.2609532791072342, 0.007177979308008207, 0.0038395274473308496, 0.18861529857512305, -1.5189467885982757, 1.5056913379453583
flux1:, 1.261935635977838, 6.925901580810016e-05, -5.916410654655872e-05, 0.25909123995621897, -1.448310386792689, 1.5824300714944461
flux1:, 1.262917992848442, 0.00497788239290816, 0.0025220937138802587, 0.20294006111811527, -1.6895177236437393, 1.677874487212294
flux1:, 1.263900349719046, -0.00022871596368420171, -0.00028204579969626215, 0.2778462036625325, -1.6134063026975058, 1.76189504388857
flux1:, 1.26488270658965, 0.0038837051502699158, 0.001858172127379253, 0.21948646436467953, -1.8845271036950095, 1.875183752541641
flux1:, 1.265865063460254, -0.0003092932294436276, -0.0002797635477354364, 0.2975293411454728, -1.8029398653461137, 1.9676999026108517
flux1:, 1.266847420330858, 0.0032648767426314966, 0.001474243643544632, 0.23777666798290314, -2.1040004431065915, 2.0977459273384893
flux1:, 1.2678297772014617, -0.0003189503983544062, -0.00021302023394253843, 0.31841048937395916, -2.0171941667637454, 2.2002723329002234
flux1:, 1.2688121340720657, 0.0028861738300971123, 0.0012313739917440135, 0.257677103299732, -2.3492818451801445, 2.347001792754262
flux1:, 1.2697944909426697, -0.0003047048453195817, -0.0001296591333581291, 0.3406005309568883, -2.2575478475944326, 2.461186722178057
flux1:, 1.2707768478132737, 0.002643564255332882, 0.0010682733486811783, 0.279155551174834, -2.622329678695117, 2.6250169686778744
flux1:, 1.2717592046838777, -0.00028371495395712826, -4.525445524850761e-05, 0.3641534194028922, -2.525955141822328, 2.752624511529855
flux1:, 1.2727415615544815, 0.0024849833721328984, 0.0009543609323952009, 0.30221075779183043, -2.9254738860356295, 2.9342398267482475
flux1:, 1.2737239184250855, -0.0002627385892531038, 3.517171287059492e-05, 0.3890936825148864, -2.824741674398005, 3.0771637572437185
flux1:, 1.2747062752956895, 0.0023818289617709896, 0.0008729144548211975, 0.3268466890249901, -3.261321260557017, 3.2774054536315638
flux1:, 1.2756886321662935, -0.0002445300630451471, 0.00011031648144069355, 0.41542403402032896, -3.1565160179510836, 3.4376884820296194
flux1:, 1.2766709890368975, 0.0023171933256108564, 0.0008141268324901828, 0.3530607076623691, -3.6327143466127514, 3.657492936835958
flux1:, 1.2776533459075012, -0.00023020287540169462, 0.00018020828776810604, 0.44312638821839245, -3.524127573535482, 3.837345649381311
flux1:, 1.2786357027781052, 0.002280461241980714, 0.0007719248411072981, 0.3808366248479973, -4.042711560883658, 4.077703635159966
flux1:, 1.2796180596487092, -0.00022017920862121458, 0.0002453155488922374, 0.472160387043526, -3.9306441577946143, 4.2795221839851685
flux1:, 1.2806004165193132, 0.002264612071964794, 0.0007423839023000627, 0.4101396412865638, -4.494575893080352, 4.541447661335411
flux1:, 1.2815827733899172, -0.00021459494075294204, 0.0003062044459355686, 0.5024607747898177, -4.379337970189044, 4.767830329121947
flux1:, 1.282565130260521, 0.00226477639676848, 0.0007228828192621544, 0.4409120006441333, -4.991766659120707, 5.052332897761924
flux1:, 1.283547487131125, -0.00021347905579454228, 0.00036341051483890045, 0.5339341295620711, -4.873674650708184, 5.306095829358361
flux1:, 1.284529844001729, 0.002277417915687483, 0.0007116272782975144, 0.4730687825611917, -5.537931633982825, 5.614153683172991
flux1:, 1.285512200872333, -0.00021683428089547472, 0.0004173963890759061, 0.5664550346536867, -5.417302693843234, 5.898346055669843
flux1:, 1.286494557742937, 0.002299845950500862, 0.0007073685214050377, 0.5064936446359787, -6.136898093721949, 6.2308775584361955
flux1:, 1.2874769146135407, -0.00022467261972785086, 0.0004685445087197308, 0.5998619757052578, -6.0140416647318915, 6.5487964234904625
flux1:, 1.2884592714841447, 0.00232991168421524, 0.000709230753166626, 0.5410344701445817, -6.792661897733149, 6.906629014401195
flux1:, 1.2894416283547487, -0.000237029655966659, 0.0005171635643400266, 0.6339528536716095, -6.6678682491748855, 7.261834021480197
flux1:, 1.2904239852253527, 0.0023658108394103983, 0.0007166018813963414, 0.5764987426561147, -7.5093740292021645, 7.645669474419674
flux1:, 1.2914063420959567, -0.0002539686503963079, 0.00056349977932183, 0.6684801526128783, -7.3828994657965765, 8.041997694424108
flux1:, 1.2923886989665605, 0.002405950210810569, 0.0007290626350243481, 0.6126486402526764, -8.291324198502068, 8.452372891118332
flux1:, 1.2933710558371645, -0.00027557963031612853, 0.0006077493080158091, 0.7031457436442808, -8.163372573020634, 8.89395400556212
flux1:, 1.2943534127077685, 0.002448853641189626, 0.000746339822942841, 0.6491957839252257, -9.142921236969569, 9.331196443765863
flux1:, 1.2953357695783725, -0.00030197594987715724, 0.0006500703445878259, 0.7375953103188873, -9.013621297811486, 9.822468633407142
flux1:, 1.2963181264489765, 0.002493092907156667, 0.0007682753056348969, 0.6857956372382202, -10.068670097823835, 10.286645866817686
flux1:, 1.2973004833195805, -0.0003332894949084169, 0.0006905944830636303, 0.7714123546160248, -9.93804813159063, 10.832372841923805
flux1:, 1.2982828401901843, 0.002537234566313956, 0.000794805628627241, 0.7220413573343952, -11.07314541129248, 11.32323500246503
flux1:, 1.2992651970607882, -0.0003696650421017088, 0.0007294373196526516, 0.8041116000158592, -10.94109252923483, 11.928524772470665
flux1:, 1.3002475539313922, 0.002579797080346865, 0.000825949207037725, 0.7574570036274865, -12.16096163557711, 12.4454392186099
flux1:, 1.3012299108019962, -0.0004112539514822657, 0.0007667084404858213, 0.8351317468082006, -12.027194914171822, 13.115765386707263
flux1:, 1.3022122676726002, 0.0026192144466586293, 0.0008617991804759112, 0.7914899645318467, -13.336739975086818, 13.65764236411706
flux1:, 1.303194624543204, -0.000458207210021888, 0.0008025210197803659, 0.8638273858732708, -13.200756500779079, 14.398868981373983
flux1:, 1.304176981413808, 0.0026538037150303086, 0.000902520868319879, 0.8235022870385249, -14.605072394315194, 14.964076946779938
flux1:, 1.305159338284412, -0.000510667731958508, 0.0008370012647708498, 0.8894597663232278, -14.466095032330404, 15.782488284237843
flux1:, 1.306141695155016, 0.002681734436974461, 0.0009483532922455757, 0.8527605812768724, -15.97048322686402, 16.368757231907264
flux1:, 1.30712405202562, -0.0005687617899050158, 0.000870297955160004, 0.9111861186249982, -15.827396643380716, 17.27109425007703
flux1:, 1.308106408896224, 0.0027009984084675, 0.0009996146863204497, 0.8784240100976916, -17.437389123211965, 17.875404937869057
flux1:, 1.3090887657668278, -0.0006325893517697814, 0.0009025923763133478, 0.9280469956220434, -17.288664189396734, 18.868910773977806
flux1:, 1.3100711226374318, 0.002709378265078788, 0.0010567123607513323, 0.8995296627036179, -19.010058346944678, 19.487367122633746
flux1:, 1.3110534795080357, -0.0007022130267302769, 0.000934109034831936, 0.9389509565569851, -18.853662488745126, 20.57984461053647
flux1:, 1.3120358363786397, 0.0027044134759804895, 0.001120157709632022, 0.9149743831146885, -20.69257078459108, 21.20752568059384
flux1:, 1.3130181932492437, -0.0007776452219654904, 0.0009651275602896468, 0.9426556814361591, -20.52586109101407, 22.407410860168753
flux1:, 1.3140005501198475, 0.0026833621448630915, 0.0011905877154532163, 0.9234917057657288, -22.488780510379183, 23.038197600156074
flux1:, 1.3149829069904515, -0.0008588330194037959, 0.0009959962853679299, 0.9377440836012525, -22.30837532386251, 24.354654415489176
flux1:, 1.3159652638610555, 0.0026431565304770887, 0.0012687950740124325, 0.9236220956462664, -24.402283345788305, 24.98102463766157
flux1:, 1.3169476207316595, -0.0009456401790341406, 0.0010271481548375784, 0.922593843665738, -24.203906547123207, 26.424067718221718
flux1:, 1.3179299776022635, 0.0025803494814325085, 0.0013557701585637041, 0.9136739054332297, -26.436392748793725, 27.03685029855042
flux1:, 1.3189123344728673, -0.0010378253524371953, 0.0010591197677307, 0.8953373316594124, -26.214682834741144, 28.617505078284392
flux1:, 1.3198946913434713, 0.0024910481963530988, 0.0014527594928306449, 0.8916708942087721, -28.594128636045234, 29.205580802140616
flux1:, 1.3208770482140753, -0.0011350151486716207, 0.001092574745988826, 0.8538082906146963, -28.34240145124679, 30.936093564303057
flux1:, 1.3218594050846793, 0.0023708303767366336, 0.001561348276181608, 0.8552814262006072, -30.878225496950154, 31.48602482122161
flux1:, 1.3228417619552832, -0.0012366701598664782, 0.001128333151957648, 0.7954700559640581, -30.588175047163954, 33.380140074617245
flux1:, 1.323824118825887, 0.002214636042019229, 0.0016835781413294, 0.8017207079942267, -33.291169139799834, 33.87570376035263
flux1:, 1.324806475696491, -0.0013420411036536672, 0.0011674091854262175, 0.7173165491441085, -32.95248393771403, 35.949033356800776
flux1:, 1.325788832567095, 0.0020166257224110296, 0.0018221181718236807, 0.7276137782025669, -35.835275755265535, 36.370619523446976
flux1:, 1.326771189437699, -0.0014501107569885449, 0.0012110607651432837, 0.615733475723709, -35.435137829373325, 38.64113866256666
flux1:, 1.327753546308303, 0.0017699920828755013, 0.0019805184924600065, 0.6287996374921594, -38.51283431158473, 38.96495899264971
flux1:, 1.3287359031789068, -0.001559515061815195, 0.0012608563703056914, 0.48629962734736465, -38.03525176031758, 41.45368062646122
flux1:, 1.3297182600495108, 0.0014667069067162172, 0.00216359545811458, 0.5000458612478018, -41.3263454261248, 41.65070139672581
flux1:, 1.3307006169201148, -0.001668432851571522, 0.0013187679301298642, 0.32349617640054296, -40.751243613652534, 44.38260664500534
flux1:, 1.3316829737907188, 0.0010971786318671106, 0.002378033538771222, 0.33462286499604166, -44.278910972229966, 44.41707252401478
flux1:, 1.3326653306613228, -0.0017744265232783362, 0.0013873046469337785, 0.12026995649249836, -43.580865102673044, 47.42241720679132
flux1:, 1.3336476875319265, 0.0006497875934419998, 0.0026333572517051396, 0.12365135077867676, -47.37486659036788, 47.24975005890042
flux1:, 1.3346300444025305, -0.0018742030459331562, 0.001469714254676033, -0.1326428247193259, -46.52128663981883, 50.56593922024207
flux1:, 1.3356124012731345, 0.00011025968850170486, 0.0029435620150248263, -0.14492965275518382, -50.620820300808695, 50.12965085037572
flux1:, 1.3365947581437385, -0.0019632388251254523, 0.0015703015558698964, -0.44780120766905396, -49.56927304054225, 53.80399880686679
flux1:, 1.3375771150143425, -0.0005391535772614467, 0.0033299768510986504, -0.4880561715187465, -54.02740011524746, 53.030987696365045
flux1:, 1.3385594718849465, -0.002035157629501154, 0.0016949642929995285, -0.8428738226839372, -52.72152104114704, 57.12491100141116
flux1:, 1.3395418287555503, -0.0013206578363509534, 0.003826565943055365, -0.9304438821726491, -57.6123040142293, 55.917987909042395
flux1:, 1.3405241856261543, -0.002080626858062861, 0.0018521617022909768, -1.3438311274910073, -55.975303643662734, 60.51362078081905
flux1:, 1.3415065424967583, -0.0022617623457844536, 0.004490402996603271, -1.5098452944753782, -61.40589185857784, 58.73901390765761
flux1:, 1.3424888993673623, -0.0020852280550264107, 0.0020548215672757347, -1.9909216436058417, -59.32973992703541, 63.95013883449729
flux1:, 1.3434712562379663, -0.003394665000960716, 0.005424088392880947, -2.2872207016186037, -65.46211909978808, 61.41526298683606
flux1:, 1.34445361310857, -0.0020248962324229867, 0.0023245064367484088, -2.850765787355328, -62.788454954242255, 67.40643173310204
flux1:, 1.345435969979174, -0.004748825756362943, 0.006828862647185896, -3.368155442775372, -69.88178797316301, 63.8170709045487
flux1:, 1.346418326849778, -0.0018547713267190941, 0.002701777742057194, -4.043422741305201, -66.36568341448503, 70.83954458957055
flux1:, 1.347400683720382, -0.006313942567799931, 0.009148571042798627, -4.953283238490819, -74.86785980900066, 65.70825317425978
flux1:, 1.348383040590986, -0.0014767877029914478, 0.0032767617025331553, -5.811796542432881, -70.10222993015134, 74.17411176301871
flux1:, 1.34936539746159, -0.007860530775841012, 0.013540653316173105, -7.476846170148493, -80.87936678972389, 66.59326298098135
flux1:, 1.3503477543321938, -0.0006195595685493229, 0.004303734723147211, -8.738189203839815, -74.11612561226364, 77.24809652136261
flux1:, 1.3513301112027978, -0.007884252953781876, 0.02392954920949274, -12.086741674916329, -89.17426672935522, 65.18699995734184
flux1:, 1.3523124680734018, 0.0018157232802777507, 0.0068311354246702195, -14.671148811537236, -78.82350215984498, 79.58140051818665
flux1:, 1.3532948249440058, 0.006373357902055826, 0.062021282333404794, -23.128635673320616, -104.71335976836339, 56.6583744845019
flux1:, 1.3542771818146098, 0.01568267539556303, 0.020409463665862302, -34.31447551848542, -86.8055278486948, 78.48623394644775
flux1:, 1.3552595386852135, 0.49925617935081557, 0.6716832850894066, -83.87174444159461, -184.04081521694522, -7.978878388247341
flux1:, 1.3562418955558175, 1.075263443798529, 1.0710356598494102, 36.24523070150567, -96.71554042812869, 100.88600863601428
flux1:, 1.3572242524264215, 0.42487226123697974, 0.27015781122987237, 70.31348269537042, -18.04402089539101, 164.7329148716953
flux1:, 1.3582066092970255, 0.011104445621002466, 0.017297283083655985, 24.31342355736992, -79.91213797751163, 100.58647285595282
flux1:, 1.3591889661676295, 0.0906887929803107, 0.03659390751804971, 28.08879887103563, -59.98019339589338, 122.87851519819158
flux1:, 1.3601713230382333, 0.003840752086104226, 0.00997524537465895, 12.75975383364057, -85.3035954755682, 101.27381756184822
flux1:, 1.3611536799088373, 0.04561934970943671, 0.014089212559322179, 18.574255912256753, -72.11529884732286, 115.71701018341066
flux1:, 1.3621360367794413, 0.0038157853873618908, 0.009848789718634732, 7.91906550481313, -89.12438283667547, 103.48490366289928
flux1:, 1.3631183936500453, 0.029086868140968027, 0.008076662053403778, 14.366648384571235, -78.78268853796796, 113.98212098242945
flux1:, 1.3641007505206493, 0.00576315440022856, 0.011561873039413268, 4.8662372599755415, -92.27173327971731, 105.91352791139698
flux1:, 1.365083107391253, 0.020412380481926326, 0.005923713875040596, 11.990029906063134, -83.21282662276626, 113.80198891023144
flux1:, 1.366065464261857, 0.009475917037429697, 0.014807951338796404, 2.3869965039502654, -94.86982416975901, 108.15236098488393
flux1:, 1.367047821132461, 0.01493030348445175, 0.00522824489550713, 10.465453881906255, -86.18142869143338, 113.91427495148966
flux1:, 1.368030178003065, 0.015844164750351143, 0.020326849467339172, -0.056435012211551214, -96.82079107829281, 109.90213284341525
flux1:, 1.369012534873669, 0.011164510329365336, 0.00542558093036043, 9.415347359693635, -87.73613094994069, 113.55885454921497
flux1:, 1.3699948917442728, 0.027154766363038634, 0.030138567103321967, -2.893907323035179, -97.83527255979801, 110.76465010867751
flux1:, 1.3709772486148768, 0.00880211714681452, 0.006689940904240714, 8.671486018304584, -87.41034801753841, 111.87972310879468
flux1:, 1.3719596054854808, 0.04933084769652713, 0.04962104128473955, -6.744058521003974, -97.26866384592542, 110.00120671092846
flux1:, 1.3729419623560848, 0.008729915707158633, 0.010302401174509273, 8.163782293719516, -83.84631463648627, 107.29714407268061
flux1:, 1.3739243192266888, 0.10138333624079013, 0.09644048395908732, -12.985939794504873, -93.51844028295497, 105.8598379081446
flux1:, 1.3749066760972926, 0.016099591157656586, 0.022053830542458106, 7.896811722583524, -72.97329932004911, 95.57318776491891
flux1:, 1.3758890329678966, 0.2755216699565064, 0.25825814092150534, -26.221659136395747, -81.3245626201586, 92.64765208110607
flux1:, 1.3768713898385005, 0.07350970512754296, 0.08699416510619805, 7.958187800553714, -36.54392958936006, 58.18819292557612
flux1:, 1.3778537467091045, 1.8668640306612205, 1.7982553713998612, -79.5599837101248, -28.687000238950365, 35.53196173135002
flux1:, 1.3788361035797085, 7.467591207289354, 7.570083950476814, -38.08686768771174, 400.26405032614235, -380.48154189448184
flux1:, 1.3798184604503125, 4.911807932521105, 5.087252452918993, 155.96781690106587, -378.00804217232974, 408.83535254661166
flux1:, 1.3808008173209163, 0.2237334338600027, 0.2182139773865817, 1.0109166472209048, -248.17052497800287, 271.64397806913365
flux1:, 1.3817831741915203, 0.3415587632382015, 0.400791234478281, 47.270399952467784, -191.27450356758825, 210.38393047071185
flux1:, 1.3827655310621243, 0.05774658728491318, 0.061439425047508045, 3.5210792980777073, -187.2540464669915, 209.63625020262697
flux1:, 1.3837478879327283, 0.09820791627557367, 0.13962525283317584, 29.93482489535462, -168.77799085267773, 186.31985993288973
flux1:, 1.3847302448033323, 0.025422842845508605, 0.033540516270144725, 3.944168019221136, -171.05513208984695, 192.9868326750916
flux1:, 1.3857126016739363, 0.03728505827160392, 0.07117679354084507, 22.77001466291923, -161.51412128086542, 178.50849620125163
flux1:, 1.38669495854454, 0.011874575991034435, 0.023267754527819276, 4.007997908419798, -164.59000757094637, 186.22044614195732
flux1:, 1.387677315415144, 0.013482600975366889, 0.042799843441232645, 18.8036990380988, -158.71257842367132, 175.45451876100762
flux1:, 1.388659672285748, 0.0038742043053692555, 0.01804626032065351, 3.9593203038972815, -161.715775675819, 183.10133514093067
flux1:, 1.389642029156352, 0.0019225658234071118, 0.02770545989683875, 16.25468626272955, -157.737569839583, 174.33766601559537
flux1:, 1.390624386026956, -0.0018772052178364, 0.014766183558776168, 3.8670175494905843, -160.48820111820464, 181.650038198391
flux1:, 1.3916067428975598, -0.0044017814806862985, 0.018122516783268972, 14.458773603874414, -157.6262446101282, 174.1251666903878
flux1:, 1.3925890997681638, -0.006539017475664916, 0.01232324173780101, 3.7563418007836393, -160.09651765102464, 181.03738406843758
flux1:, 1.3935714566387678, -0.00804680405289935, 0.01108312760461015, 13.110893999343332, -157.94130626068707, 174.34700215673237
flux1:, 1.3945538135093718, -0.010603988439211603, 0.010222835319234454, 3.6376645479571725, -160.14124512776942, 180.85283306369718
flux1:, 1.3955361703799758, -0.010092638990778802, 0.0052164623593774495, 12.050473908328664, -158.45402469968033, 174.75744281219096
flux1:, 1.3965185272505796, -0.014301244773298005, 0.00819745680323647, 3.5151454844640204, -160.40172710114697, 180.86903611063858
flux1:, 1.3975008841211836, -0.011018905857640923, -0.00022393368272998753, 11.184191988058771, -159.03200000129516, 175.21530475005707
flux1:, 1.3984832409917876, -0.01773031788445719, 0.006071693588192997, 3.389950003912236, -160.74530131071052, 180.94991415659305
flux1:, 1.3994655978623916, -0.011006441031534463, -0.0057252096145335996, 10.45337514883777, -159.59236221749748, 175.6341452804672
flux1:, 1.4004479547329955, -0.020904673798104897, 0.0037016340069253727, 3.261624473329361, -161.08670421936054, 181.00965324009013
flux1:, 1.4014303116035993, -0.010039364948034722, -0.011684637900957608, 9.818523560280209, -160.07981786055532, 175.95904487391115
flux1:, 1.4024126684742033, -0.023750314063068354, 0.0009368616180701473, 3.128751060148936, -161.36802509735367, 180.9925608988522
flux1:, 1.4033950253448073, -0.007912347411528955, -0.018515599730150267, 9.251237826446111, -160.45537275458844, 176.15488510525392
flux1:, 1.4043773822154113, -0.026062320654375293, -0.002416336718159765, 2.989320091548268, -161.54800955297807, 180.86249228042473
flux1:, 1.4053597390860153, -0.004161566649638214, -0.026745971505238098, 8.729665325072151, -160.69008860046537, 176.20019455187352
flux1:, 1.406342095956619, -0.027392191611978686, -0.006645378638238236, 2.841114344362186, -161.59600916709778, 180.59716425412094
flux1:, 1.407324452827223, 0.0021108827091696762, -0.037144044018719416, 8.235896687534073, -160.76143108177652, 176.08407938135528
flux1:, 1.408306809697827, -0.02678977259449645, -0.012212005278772703, 2.6826168508667934, -161.48853994972868, 180.18531031043474
flux1:, 1.409289166568431, 0.01260440263620322, -0.05089648340163229, 7.75518153555827, -160.6512679726279, 175.80516860621196
flux1:, 1.410271523439035, -0.022220323257848753, -0.019877869521112104, 2.515886523323383, -161.20798121929906, 179.62565070821987
flux1:, 1.4112538803096388, 0.030519149120462857, -0.06979382197992602, 7.279202472934727, -160.34606036232276, 175.3717452045095
flux1:, 1.4122362371802428, -0.009310930619580186, -0.030826402142859248, 2.355803836186832, -160.7451939089926, 178.92606013023195
flux1:, 1.4132185940508468, 0.061503230816009, -0.09594602362335015, 6.822442627131588, -159.84333162972692, 174.7994293515737
flux1:, 1.4142009509214508, 0.020631607135098002, -0.046304709032324275, 2.2568644784214484, -160.11321177179488, 178.09507925036527
flux1:, 1.4151833077920548, 0.11242534162647434, -0.12863015998637017, 6.474841446699742, -159.1770226182852, 174.08812949352324
flux1:, 1.4161656646626586, 0.0786940574023527, -0.06464655157578698, 2.361206052817269, -159.38282542659184, 177.09597490650512
flux1:, 1.4171480215332626, 0.1766300625269581, -0.1529688889965835, 6.473598291545056, -158.4621410239613, 173.13348408118355
flux1:, 1.4181303784038666, 0.15322782478817468, -0.07405536601266173, 2.821095090437775, -158.67550249133305, 175.75438189379926
flux1:, 1.4191127352744706, 0.20814490794876467, -0.13794927000800236, 6.949688612072105, -157.79471391554745, 171.69294645541203
flux1:, 1.4200950921450746, 0.18789481762347235, -0.06196913715187885, 3.3822762513449556, -157.91996888929617, 173.92398089977405
flux1:, 1.4210774490156786, 0.17846482786485252, -0.09025279169140844, 7.432373462224342, -156.97567101871496, 169.79350380633107
flux1:, 1.4220598058862823, 0.16770301321174938, -0.040891089136953614, 3.6243129026781644, -156.8576744877755, 171.8180698804503
flux1:, 1.4230421627568863, 0.12866131562786476, -0.04886089751925776, 7.560769241436962, -155.8063001144339, 167.73570634865808
flux1:, 1.4240245196274903, 0.13112927631761598, -0.025177742190943438, 3.5923325094832386, -155.44996649780146, 169.63411107173656
flux1:, 1.4250068764980943, 0.08881677969192658, -0.02447856771501789, 7.4502827472127375, -154.32125936123168, 165.6213866719408
flux1:, 1.4259892333686983, 0.09928254606430045, -0.016027530075749197, 3.4598069272180476, -153.77843944766155, 167.37866924911899
flux1:, 1.4269715902393023, 0.061803586926752786, -0.011530028901459698, 7.251418035614024, -152.59306373726983, 163.42194409800874
flux1:, 1.427953947109906, 0.0751961616789498, -0.011009566372007796, 3.3096623950743176, -151.89722357449304, 165.01767170686526
flux1:, 1.42893630398051, 0.043829647584631426, -0.00467945740077899, 7.0334240485581905, -150.6617532603557, 161.10592403879448
flux1:, 1.429918660851114, 0.057276963916212925, -0.008280190235017956, 3.167873403039619, -149.8310455642728, 162.53101371844156
flux1:, 1.430901017721718, 0.03160592087383553, -0.0009457940768907299, 6.821344762054092, -148.54684982567488, 158.65884290428778
flux1:, 1.431883374592322, 0.04370709635870182, -0.006800535624887812, 3.040346969997253, -147.59213935938968, 159.91212084007896
flux1:, 1.4328657314629258, 0.02305045099520774, 0.001199504346411345, 6.623260516895141, -146.25959403192303, 156.07758837210955
flux1:, 1.4338480883335298, 0.033169181633170765, -0.006008011174366713, 2.9271177069761554, -145.188500650944, 157.16209754543172
flux1:, 1.4348304452041338, 0.016917153409793908, 0.002550443997067281, 6.441292376007161, -143.80838643299873, 153.36521840220368
flux1:, 1.4358128020747378, 0.02479139325258786, -0.0055900384639539545, 2.826868807408217, -142.6270346518134, 154.28614594955832
flux1:, 1.4367951589453418, 0.012458499421484125, 0.003537364922342822, 6.275600352937872, -141.20095255526184, 150.52811380877546
flux1:, 1.4377775158159456, 0.01800753658621393, -0.005364206828794504, 2.738269455692339, -139.91474788778734, 151.2917099918452
flux1:, 1.4387598726865496, 0.009219225548768884, 0.0044068340039692495, 6.125801200913105, -138.4452546620716, 147.57449413413835
flux1:, 1.4397422295571536, 0.012450526705105635, -0.005216700276949655, 2.6603138699560542, -137.05926719454132, 148.18747593709634
flux1:, 1.4407245864277576, 0.00691870657475511, 0.00531050227710495, 5.991435789332555, -135.54996341289993, 144.51357877984643
flux1:, 1.4417069432983616, 0.00788316900357661, -0.005069466096353005, 2.592345931704104, -134.06915754335768, 144.98275471800036
flux1:, 1.4426893001689653, 0.005383703287320132, 0.006351228319651776, 5.87206318851453, -132.52480111667793, 141.35503313253977
flux1:, 1.4436716570395693, 0.0041545135776982775, -0.004861244148493813, 2.5339773543040747, -130.95421125991442, 141.68702467722014
flux1:, 1.4446540139101733, 0.004508740979904575, 0.007608891775299989, 5.767187622833655, -129.38087323382166, 138.10853946857168
flux1:, 1.4456363707807773, 0.001172014530381014, -0.004535124596595939, 2.4849588321515284, -127.72576488077813, 138.30954858036964
flux1:, 1.4466187276513813, 0.004231680997068575, 0.009156469289658237, 5.676097892772229, -126.1310193612947, 134.78344433465998
flux1:, 1.447601084521985, -0.0011167284968256485, -0.004028969434635648, 2.4450218565687263, -124.39704310324862, 134.85906353335702
flux1:, 1.448583441392589, 0.004517828420875694, 0.011071435450419633, 5.59766373939511, -122.79016575427286, 131.38851166134117
flux1:, 1.449565798263193, -0.0027362048758913433, -0.0032669217938814917, 2.413706248774901, -120.98349076438448, 131.343610660356
flux1:, 1.450548155133797, 0.005349124955457716, 0.013444768180652782, 5.530137697023732, -119.37562573838547, 127.93187531515719
flux1:, 1.451530512004401, -0.0036909646717208184, -0.002151380468942759, 2.390203543199203, -117.50302551280119, 127.77062995586859
flux1:, 1.4525128688750049, 0.006716812170896024, 0.01638817144949047, 5.471030667553343, -115.90727245339949, 124.42133262737035
flux1:, 1.4534952257456089, -0.003969922702261054, -0.0005557169763441869, 2.373268855214536, -113.9761336878413, 124.14748037032979
flux1:, 1.4544775826162128, 0.008616960418921077, 0.020038873805721426, 5.417148844933371, -112.40751122073995, 120.86512930399077
flux1:, 1.4554599394868168, -0.003547014831934179, 0.001681144388427902, 2.3612721043567504, -110.42575288160965, 120.48252674182196
flux1:, 1.4564422963574208, 0.011048570838960152, 0.024560228498068926, 5.3648785971630755, -108.90101509826482, 117.27332473291601
flux1:, 1.4574246532280246, -0.0023784003449093625, 0.0047562972222968914, 2.3524588212066035, -106.8769388793491, 116.78683375828318
flux1:, 1.4584070100986286, 0.014013512947657654, 0.030135207030533382, 5.310769657785105, -105.41424427780001, 113.65967342539592
flux1:, 1.4593893669692326, -0.00039755152620042937, 0.008897590481525493, 2.345458118424964, -103.35637345186687, 113.0763115834506
flux1:, 1.4603717238398366, 0.017516357264204318, 0.03694865331458255, 5.252392190361953, -101.97479836977547, 110.04371797733778
flux1:, 1.4613540807104406, 0.002488231564038295, 0.014347193904216068, 2.3400077897623808, -99.89176522268755, 109.37388514550025
flux1:, 1.4623364375810444, 0.0215605022560216, 0.045152878630754616, 5.189344904863636, -98.6105720396662, 106.45249050810166
flux1:, 1.4633187944516486, 0.006393384175781544, 0.021327821789616223, 2.3377699757277273, -96.51104648135578, 105.71093696848344
flux1:, 1.4643011513222524, 0.026135658847935974, 0.05481055088670562, 5.124189753892889, -95.34844137767925, 102.92089143904485
flux1:, 1.4652835081928564, 0.011432444781591916, 0.02998400757686557, 2.3429969247837277, -93.24094583814977, 102.12691808250919
flux1:, 1.4662658650634603, 0.031192174389747473, 0.06581148442333025, 5.062991093238701, -92.21185655242824, 99.48949468455962
flux1:, 1.4672482219340643, 0.017671637239458783, 0.04029321413703948, 2.3626798609810065, -90.10415127708886, 98.66570109558535
flux1:, 1.4682305788046683, 0.03660208482096793, 0.07777134935738711, 5.0150370013891195, -89.21653988841892, 96.19840608668581
flux1:, 1.4692129356752721, 0.02505079033804772, 0.05195472128390534, 2.40571243704573, -87.11427341024844, 95.3673135664288
flux1:, 1.470195292545876, 0.0421175366104195, 0.08994630158792948, 4.991281669370113, -86.36405580394567, 93.07647618186753
flux1:, 1.47117764941648, 0.033292314860356, 0.06429449770317579, 2.480680694768901, -84.26883152795534, 92.25500473567612
flux1:, 1.472160006287084, 0.04735307881547385, 0.10123288139330484, 5.0012992384405175, -83.63490354157877, 90.12759414797138
flux1:, 1.473142363157688, 0.04184523874457172, 0.076262501146594, 2.592442735363404, -81.54288432347019, 89.32106440881161
flux1:, 1.4741247200282919, 0.05182733062965439, 0.11033347525458292, 5.049373620129886, -80.98553279119417, 87.32002219751932
flux1:, 1.4751070768988959, 0.049931657716494694, 0.08660272199985376, 2.7387725335779747, -78.88847278666493, 86.5193468454794
flux1:, 1.4760894337694999, 0.05507935215523498, 0.11609989134268305, 5.131570287989112, -78.35459643680599, 84.58762735314123
flux1:, 1.4770717906401039, 0.05672740960745025, 0.09419225102469801, 2.9092617745686216, -76.24428101207876, 83.7731238194758
flux1:, 1.4780541475107078, 0.05681965834145418, 0.1179216533118303, 5.23602266387665, -75.67938623503515, 81.84774741159748
flux1:, 1.4790365043813116, 0.061611558275874445, 0.09839949590262692, 3.087954495104718, -73.55359718983252, 80.99877982495511
flux1:, 1.4800188612519156, 0.057029544569253306, 0.11593066208419872, 5.346979855409164, -72.91522400325896, 79.02880058627439
flux1:, 1.4810012181225196, 0.0643443031466506, 0.09925051676866505, 3.2586521091537906, -70.78129044408921, 78.13346161371258
flux1:, 1.4819835749931236, 0.055946778867310656, 0.11089333450835433, 5.4504121829257395, -70.04687007046236, 76.09213588431106
flux1:, 1.4829659318637276, 0.06507627133744995, 0.09731857178812262, 3.4098131301309054, -67.92050319198412, 75.15119366639544
flux1:, 1.4839482887343314, 0.05395771569042969, 0.10388394716105462, 5.537997693887601, -67.08689220218456, 73.03728474278563
flux1:, 1.4849306456049354, 0.06421663250582461, 0.09344582723030997, 3.536650950442464, -64.98770356944802, 72.06166674158374
flux1:, 1.4859130024755394, 0.05147057512431727, 0.0959499827101146, 5.6080142728702995, -64.06513227344689, 69.89250108803726
flux1:, 1.4868953593461434, 0.06226333485551253, 0.08847423963532441, 3.6403704773647223, -62.01198053396064, 68.89781184088584
flux1:, 1.4878777162167474, 0.04882939385868529, 0.08791169987414896, 5.663888500428155, -61.01692513364451, 66.70002368003772
flux1:, 1.4888600730873511, 0.05967735656298685, 0.08308686677163109, 3.7259930393474416, -59.02512976810503, 65.70170074718449
flux1:, 1.4898424299579551, 0.046281555994044564, 0.08030860384785252, 5.71193855350424, -57.974943629526976, 63.503879210234196
flux1:, 1.4908247868285591, 0.05682275378571621, 0.07776054929203147, 3.800136221812958, -56.05556265409926, 62.514452774660846
flux1:, 1.4918071436991631, 0.043981565462719856, 0.0734348777617459, 5.7593417752562415, -54.96548410731731, 60.34287670629113
flux1:, 1.4927895005697671, 0.05395527885610428, 0.07278452459696602, 3.869334340565679, -53.125896637850964, 59.37107575925724
flux1:, 1.4937718574403709, 0.04200901500542464, 0.06740391636991284, 5.812587118896134, -52.007890123086355, 57.247904349667806
flux1:, 1.4947542143109749, 0.05123425235470231, 0.06830150316062823, 3.938860241870251, -50.252882771893994, 56.29879072959409
flux1:, 1.4957365711815789, 0.04038615085823237, 0.06220717741544412, 5.876204289670117, -49.11558569409737, 54.24162302541716
flux1:, 1.4967189280521829, 0.04873949332185595, 0.06434605568686619, 4.011755018152446, -47.44844874158547, 53.317066244600845
flux1:, 1.4977012849227869, 0.039088573412354395, 0.05775506661352883, 5.951426049996147, -46.29772707801374, 51.338982344882226
flux1:, 1.4986836417933906, 0.046484296362646886, 0.060870969430319825, 4.087778409069768, -44.721141408879596, 50.438098036157385
flux1:, 1.4996659986639946, 0.03804804719125118, 0.05390034774386649, 6.03453473526758, -43.56103020434807, 48.54763692311182
flux1:, 1.5006483555345986, 0.044422390752455604, 0.0577619365129324, 4.162169747122343, -42.077658078804205, 47.66709126703318
flux1:, 1.5016307124052026, 0.03715024819319345, 0.050450868395435694, 6.114969095339028, -40.91162725839933, 45.86795021215486
flux1:, 1.5026130692758066, 0.04245216023960401, 0.05484715440202877, 4.224478890992525, -39.52432376846691, 45.00227699631724
flux1:, 1.5035954261464104, 0.03623445847559345, 0.047182313144461134, 6.1739118032562885, -38.3567996066746, 43.292877713183
flux1:, 1.5045777830170146, 0.04042633628438671, 0.05191340012165796, 4.2583145251721675, -37.068294579140805, 42.435188096986785
flux1:, 1.5055601398876184, 0.035106640852235825, 0.04386383571145834, 6.184967400167742, -35.90614614052345, 40.808677354917485
flux1:, 1.5065424967582224, 0.03817825609176681, 0.04874190681974826, 4.243401317163544, -34.71802360731637, 39.952252493501
flux1:, 1.5075248536288264, 0.03357726098150701, 0.04030513434870068, 6.118944190080728, -33.571378907040376, 38.397777563087764
flux1:, 1.5085072104994304, 0.035570445094912494, 0.045168694860111894, 4.160986513313134, -32.48240318529506, 37.53869257561769
flux1:, 1.5094895673700344, 0.03152232307317022, 0.03641652309406034, 5.953197980193274, -31.364059562573637, 36.04438772397671
flux1:, 1.5104719242406381, 0.03255266434549902, 0.0411504308206734, 4.001469112929913, -30.368479250162824, 35.1843058236657
flux1:, 1.5114542811112421, 0.028940624448502577, 0.03224955783558362, 5.681973515383391, -29.29178088202377, 33.74110331337295
flux1:, 1.5124366379818461, 0.029195563512123938, 0.036794151829080704, 3.770096546605994, -28.378792190751412, 32.88839384686172
flux1:, 1.5134189948524501, 0.025965973479988497, 0.027981824376447036, 5.320981701818814, -27.354961027213967, 31.49257708196818
flux1:, 1.5144013517230541, 0.02567078280577906, 0.03232049666508173, 3.4863052775611094, -26.51016550973194, 30.660443024857816
flux1:, 1.515383708593658, 0.02281803962031034, 0.0238451609160506, 4.902169430230416, -25.546555641774543, 29.31346006922738
flux1:, 1.516366065464262, 0.022186478275962623, 0.027978715292962926, 3.176666619991562, -24.7548822513758, 28.51593524492861
flux1:, 1.5173484223348659, 0.019722776115748773, 0.020041244739670627, 4.462092543557318, -23.85482754245644, 27.22208524470748
flux1:, 1.5183307792054699, 0.018920249350292757, 0.023967221622291097, 2.866209998894507, -23.1033364236062, 26.4703106052605
flux1:, 1.5193131360760739, 0.016850920657476946, 0.01669171562482708, 4.031403137271069, -22.267102247060006, 25.23417250258523
flux1:, 1.5202954929466777, 0.01598389251486796, 0.02039791900579533, 2.5729372650642097, -21.546444023735752, 24.534659594827623
flux1:, 1.5212778498172816, 0.014297400599716344, 0.013834411925375397, 3.630045212471629, -20.772418667875048, 23.359544162438894
flux1:, 1.5222602066878856, 0.01342314393117403, 0.017302877052010227, 2.3067206142926695, -20.07685220887136, 22.714399885006845
flux1:, 1.5232425635584896, 0.01209233982209413, 0.011447016035522894, 3.267679715991566, -19.362463111834415, 21.60192274231741
flux1:, 1.5242249204290936, 0.011235967528434705, 0.014660666744919004, 2.0709519728325874, -18.68905152043684, 21.010060363213075
flux1:, 1.5252072772996974, 0.010223744140430936, 0.009475582971955854, 2.9465660990187654, -18.03131473583994, 19.96035109323403
flux1:, 1.5261896341703014, 0.009393351015605083, 0.012422920332961442, 1.8649383114049263, -17.37893775713927, 19.41880893057515
flux1:, 1.5271719910409054, 0.008658207554337981, 0.007856061673431499, 2.664644259761637, -16.774739647287134, 18.430908476685875
flux1:, 1.5281543479115094, 0.007854956004081377, 0.01053295657004025, 1.6859116236998963, -16.143271295898145, 17.935862495200368
flux1:, 1.5291367047821134, 0.007354940408585836, 0.006526700824643718, 2.4178417711289186, -15.589498308871757, 17.008084899040153
flux1:, 1.5301190616527172, 0.006578486602774825, 0.008936110849562919, 1.5303513706132117, -14.97924450548159, 16.555489652033497
flux1:, 1.5311014185233212, 0.006273557577642511, 0.005433557819505665, 2.2014934192957254, -14.472838800058367, 15.685687759948676
flux1:, 1.5320837753939252, 0.005524317192828197, 0.0075842145377059715, 1.3947197116388566, -13.884203265637437, 15.271626406414887
flux1:, 1.5330661322645291, 0.0053776127591874424, 0.004531940077073552, 2.0110898206300214, -13.422186235401067, 14.457371857599856
flux1:, 1.5340484891351331, 0.0046572548328183815, 0.0064367297467837195, 1.2758066517398348, -12.855497849007474, 14.07821898453186
flux1:, 1.535030846005737, 0.004635707614950749, 0.0037858659067889146, 1.8426067889855693, -12.434981695406451, 13.3169230315781
flux1:, 1.536013202876341, 0.003946828806316544, 0.005460281499654755, 1.1708515499095595, -11.890422449148152, 12.969401269783683
flux1:, 1.536995559746945, 0.0040214100004000615, 0.0031667730046850934, 1.692603887757168, -11.50861843789297, 12.258398687323098
flux1:, 1.537977916617549, 0.0033669473092814498, 0.004627592204624374, 1.0775509607597022, -10.98620797213626, 11.93958104309585
flux1:, 1.538960273488153, 0.0035126905023468136, 0.0026520941654143543, 1.5582099503005458, -10.640434359962025, 11.276191224070454
flux1:, 1.5399426303587567, 0.0028953613443184725, 0.003916324470368852, 0.9940164243406137, -10.140042762331351, 10.983478729533264
flux1:, 1.5409249872293607, 0.0030912382916401904, 0.0022239663707719487, 1.4370612049024092, -9.82773280354523, 10.365051647681533
flux1:, 1.5419073440999647, 0.002513135111946741, 0.003308050689466244, 0.9187150468254229, -9.349104868695521, 10.096141777832928
flux1:, 1.5428897009705687, 0.002741816602230889, 0.0018681582707359694, 1.3272255803664603, -9.067814267846197, 9.52009263281843
flux1:, 1.5438720578411727, 0.0022041936067228726, 0.0027874189948308946, 0.8504094707984962, -8.610595875972722, 9.272945792734019
flux1:, 1.5448544147117764, 0.0024517135699608067, 0.0015732181678551939, 1.2271294275504474, -8.358008717239525, 8.736780127693372
flux1:, 1.5458367715823806, 0.001954957288762812, 0.002341515488085257, 0.7881034505377422, -7.921770642389769, 8.509587308011753
flux1:, 1.5468191284529844, 0.002210295371247646, 0.0013298122063143305, 1.135492039191246, -7.695703084896429, 8.010917795985549
flux1:, 1.5478014853235884, 0.0017540497377284089, 0.001959394840843812, 0.7309951151944132, -7.27996041860438, 7.802070623560912
flux1:, 1.5487838421941924, 0.0020086491936673126, 0.001130214069198592, 1.0512702137758243, -7.078361883098774, 7.338626696773291
flux1:, 1.5497661990647964, 0.0015920582887367675, 0.001631744022763991, 0.6784381219348637, -6.682588811698314, 7.14669027347735
flux1:, 1.5507485559354004, 0.0018392989654077972, 0.0009679096380823916, 0.9736122426495718, -6.503540749055931, 6.716321884162155
flux1:, 1.5517309128060042, 0.001461329430518865, 0.0013506458174413728, 0.6299097618672477, -6.127181183480782, 6.540010468446832
flux1:, 1.5527132696766082, 0.0016959787725523013, 0.0008372865423657722, 0.9018202486200043, -5.968893816725526, 6.140687374635955
flux1:, 1.5536956265472122, 0.001355784240958035, 0.0011094136920217876, 0.5849850984930436, -5.611368664217337, 5.97884281331491
flux1:, 1.5546779834178162, 0.0015734531916081363, 0.0007333869417642274, 0.8353196520254254, -5.4721762571672, 5.608650739890068
flux1:, 1.5556603402884202, 0.0012707415058016108, 0.0009024742670037709, 0.5433160947022871, -5.132888119671761, 5.460223444491808
flux1:, 1.556642697159024, 0.001467377950154265, 0.0006517111281473336, 0.7736343850539326, -5.0112433070405515, 5.117358291964118
flux1:, 1.557625054029628, 0.0012027366024560838, 0.0007252761765688217, 0.5046147672801138, -4.6895792508613, 4.981390444531747
flux1:, 1.558607410900232, 0.0013741972103688644, 0.0005880696697890023, 0.7163668206724167, -4.584046810853494, 4.66415140354101
flux1:, 1.559589767770836, 0.0011493235312522343, 0.0005742044449170822, 0.4686397504641169, -4.27937971709375, 4.539761992622867
flux1:, 1.56057212464144, 0.0012910738657038443, 0.0005384917641309239, 0.6631815508831417, -4.1886298894339635, 4.246544087994046
flux1:, 1.5615544815120437, 0.0011088481460414655, 0.00044647842669362167, 0.435185503701684, -3.9003188523222656, 4.1329154101448555
flux1:, 1.5625368383826477, 0.0012158462334056618, 0.0004992044218093489, 0.6137919456629302, -3.823120005210472, 3.862201710216951
flux1:, 1.5635191952532517, 0.0010801866088221966, 0.0003400121852038642, 0.4040736865883381, -3.5505103899937343, 3.7585671659685858
flux1:, 1.5645015521238557, 0.0011469978878499456, 0.0004666963335493372, 0.5679491221741687, -3.485720627203729, 3.5089207725172544
flux1:, 1.5654839089944597, 0.0010624576207169062, 0.0002532236966553297, 0.37514632397081077, -3.2281447082139993, 3.4145541927757637
flux1:, 1.5664662658650634, 0.0010836200981039904, 0.0004378659230406711, 0.5254326319481779, -3.1747020397954793, 3.1846102757618087
flux1:, 1.5674486227356674, 0.0010547398819495092, 0.0001847973572300126, 0.3482603769766262, -2.9314814680865604, 3.0988175165813563
flux1:, 1.5684309796062714, 0.0010253428673291706, 0.0004102241563763604, 0.48604288630051024, -2.888392522816048, 2.887275977687742
flux1:, 1.5694133364768754, 0.0010558480704739154, 0.00013343125737954754, 0.323283693126499, -2.6588439408003355, 2.809389808269835
flux1:, 1.5703956933474794, 0.0009722174042399249, 0.0003820886203338582, 0.44959530561725214, -2.6251718176888006, 2.615009468573045
flux1:, 1.5713780502180832, 0.0010642256269289016, 9.76248313010842e-05, 0.30009201932603863, -2.408616410265209, 2.5443885224106833
flux1:, 1.5723604070886872, 0.0009245519096805248, 0.0003526877190074899, 0.41591625974948737, -2.3834688015904204, 2.3659836834785484
flux1:, 1.5733427639592912, 0.001077986666737598, 7.556591007480169e-05, 0.27856693843148533, -2.1792453923438697, 2.3020152673111096
flux1:, 1.5743251208298952, 0.0008827266497202077, 0.0003221129620914389, 0.3848408125529829, -2.1617642652882436, 2.1384549634489334
flux1:, 1.5753074777004992, 0.001095087480862807, 6.514825169023352e-05, 0.2585944477150431, -1.969244187417992, 2.0805602274408574
flux1:, 1.576289834571103, 0.0008470291478966353, 0.00029111281372952533, 0.3562117248031813, -1.9585979001733098, 1.9307696767082716
flux1:, 1.577272191441707, 0.0011135569692259932, 6.410198996390122e-05, 0.24006377814474367, -1.7771990319315194, 1.8784087645275365
flux1:, 1.578254548312311, 0.0008175446080340127, 0.0002607845853220688, 0.32987904252053935, -1.7725770829729726, 1.7413719305259547
flux1:, 1.579236905182915, 0.0011316964237333422, 7.017795551101103e-05, 0.22286622950716053, -1.6017746650006324, 1.6940468642410735
flux1:, 1.580219262053519, 0.0007941132898598403, 0.00023225412164505808, 0.3056993746092682, -1.6023847091026522, 1.568808984964519
flux1:, 1.5812016189241227, 0.0011481816858259564, 8.131635465196846e-05, 0.2068938593737453, -1.4417176580142805, 1.5260630912211677
flux1:, 1.5821839757947267, 0.0007763402130626584, 0.00020642138463368743, 0.2835342487274992, -1.4467842687287764, 1.411732392334038
flux1:, 1.5831663326653307, 0.0011620467285265621, 9.575184413353343e-05, 0.19203812416829372, -1.2958569527689403, 1.3731464261601052
flux1:, 1.5841486895359347, 0.0007636276481425922, 0.000183809365422676, 0.2632471593561031, -1.304621869038823, 1.268894667779902
flux1:, 1.5851310464065387, 0.0011725690696388806, 0.00011204235023693583, 0.17818879795520656, -1.1631020289527392, 1.2340808102115166
flux1:, 1.5861134032771425, 0.0007552021406166726, 0.00016451314172474972, 0.2446993611086437, -1.174826101093362, 1.1391424877454948
flux1:, 1.5870957601477467, 0.0011790996157640796, 0.0001290381145311903, 0.16523384015116022, -1.0424395116646974, 1.1077378742527024
flux1:, 1.5880781170183504, 0.0007501209658199597, 0.0001482245403181322, 0.22774477400840287, -1.0564070768966103, 1.0214077891405424
flux1:, 1.5890604738889544, 0.0011808849815983838, 0.00014582171186464026, 0.15306109932173684, -0.9329288951128074, 0.993069308742025
flux1:, 1.5900428307595584, 0.0007472612283258047, 0.00013430772352193923, 0.21222498651101948, -0.94845567664279, 0.9146979957033203
flux1:, 1.5910251876301624, 0.0011769304425589655, 0.0001616507729506678, 0.14156300142318237, -0.8336976252502948, 0.8891000183420207
flux1:, 1.5920075445007664, 0.0007453135882411374, 0.00012191246015302858, 0.19796610874659495, -0.8501432412166952, 0.8180865043761698
flux1:, 1.5929899013713702, 0.0011659530964764117, 0.00017592765995718738, 0.13064505184368677, -0.743935407951951, 0.7949229468762617
flux1:, 1.5939722582419742, 0.000742817057533967, 0.00011012230089976512, 0.18478012334698765, -0.7607208737163649, 0.7307047676347526
flux1:, 1.5949546151125782, 0.0011464723971964274, 0.00018820644714043368, 0.12023777270156123, -0.6628874540727949, 0.7096961375390014
flux1:, 1.5959369719831822, 0.0007382723373540208, 9.813310769258269e-05, 0.1724735426520509, -0.6795163254759461, 0.6517375176377329
flux1:, 1.5969193288537862, 0.0011170619919016014, 0.00019822756644703266, 0.11030937861269133, -0.589846622289658, 0.6326419593048765
flux1:, 1.59790168572439, 0.000730346087436311, 8.543848317558176e-05, 0.1608646154735713, -0.6059259881237364, 0.5804224569669414
flux1:, 1.598884042594994, 0.001076727491343625, 0.0002059487293905446, 0.10087386101377656, -0.5241452929538991, 0.5630475026437872
flux1:, 1.599866399465598, 0.0007181235313143636, 7.197060996389305e-05, 0.14980617270107385, -0.5394006878433728, 0.5160543827652762
flux1:, 1.600848756336202, 0.001025291969708139, 0.00021153067451895323, 0.09198824065719984, -0.46514871946514513, 0.5002640805488978
flux1:, 1.601831113206806, 0.0007013071441362518, 5.8132521332124916e-05, 0.13920614537497197, -0.47942691890967915, 0.45799121040967594
flux1:, 1.6028134700774097, 0.0009636210728150586, 0.00021525412753478995, 0.08373612279867129, -0.4122517885118665, 0.4437035337171688
flux1:, 1.6037958269480137, 0.0006802481925415903, 4.4686785106528806e-05, 0.12903593930072021, -0.42550851492712016, 0.4056574349563826
flux1:, 1.6047781838186177, 0.0008935669489715814, 0.00021738866529210553, 0.07620172601077352, -0.36488002666808417, 0.3928304636304554
flux1:, 1.6057605406892217, 0.0006557699932282859, 3.253134995403254e-05, 0.1193213531243929, -0.37715480108559246, 0.3585413050296524
flux1:, 1.6067428975598257, 0.0008176486842424001, 0.00021807429213855278, 0.06944438448367157, -0.3224937793632371, 0.3471519954932533
flux1:, 1.6077252544304295, 0.0006288582424476171, 2.245086134614069e-05, 0.11011958518078094, -0.33387853835333187, 0.31618551760032904
flux1:, 1.6087076113010335, 0.0007386175953871454, 0.0002172763323985123, 0.06348336081159985, -0.28459311160899253, 0.3062083478430526
flux1:, 1.6096899681716375, 0.0006003643958252859, 1.4935878137638021e-05, 0.10149255418642153, -0.29520231356051935, 0.2781749592782417
flux1:, 1.6106723250422414, 0.000659080149554786, 0.00021483162958595178, 0.058296518580543674, -0.25072114028020615, 0.2695669828190799
flux1:, 1.6116546819128454, 0.000570841699785486, 1.0115331756241552e-05, 0.09348643187573526, -0.2606688894037134, 0.2441260446294821
flux1:, 1.6126370387834492, 0.0005812717827792138, 0.0002105539378514196, 0.05382949626130228, -0.22046476483098218, 0.23682100616111945
flux1:, 1.6136193956540532, 0.0005405445059721105, 7.791242450417785e-06, 0.08612195909646016, -0.22985094841841752, 0.21368032289975394
flux1:, 1.6146017525246572, 0.0005069750249493045, 0.00020434352344486046, 0.05000896891657888, -0.19345301706644902, 0.20759048780873618
flux1:, 1.6155841093952612, 0.0005095413950787095, 7.534271684130101e-06, 0.07939442073890908, -0.20235756234272878, 0.18650227134030836
flux1:, 1.6165664662658652, 0.00043752394232485394, 0.00019625650955591614, 0.04675468184054288, -0.16935384271931914, 0.1815246081478041
flux1:, 1.617548823136469, 0.00047786208857262706, 8.797505079788063e-06, 0.07327934879913778, -0.17783674816259637, 0.16227950356931475
flux1:, 1.618531180007073, 0.00037384022815573406, 0.00018651684867481856, 0.04398775668938721, -0.14787014373555687, 0.15830296082497974
flux1:, 1.619513536877677, 0.00044561262529507203, 1.1018969809652976e-05, 0.06773998385277054, -0.15597471219736886, 0.14072346287686255
flux1:, 1.620495893748281, 0.00031647372470985956, 0.00017547933666520036, 0.04163520840458838, -0.12873569009185723, 0.13763528681442525
flux1:, 1.621478250618885, 0.0004130279592625687, 1.3697720889466758e-05, 0.06273398490287772, -0.13649285545785464, 0.12156944117560026
flux1:, 1.6224606074894887, 0.0002656434076273767, 0.00016356593728758761, 0.03963171389557789, -0.11171129104766694, 0.11925975630077147
flux1:, 1.6234429643600927, 0.0003804637111192045, 1.6438966863605293e-05, 0.05821818327977318, -0.11914364769664496, 0.10457565593829152
flux1:, 1.6244253212306967, 0.00022128381398474448, 0.00015119909694814791, 0.03791980558331182, -0.0965814426446616, 0.10294036784368374
flux1:, 1.6254076781013007, 0.00034834813950511515, 1.8970667021010755e-05, 0.05415135532851246, -0.10370627843340403, 0.0895216732704113
flux1:, 1.6263900349719047, 0.00018310001375036844, 0.00013874897377451651, 0.036449421353146126, -0.0831515263778011, 0.0884640928896129
flux1:, 1.6273723918425085, 0.0003171201597147076, 2.1138106119440976e-05, 0.050495430693272766, -0.08998270463182398, 0.07620662326170219
flux1:, 1.6283547487131127, 0.0001506288351663731, 0.0001265020634021519, 0.03517724392465828, -0.07124553453712539, 0.07563822648800705
flux1:, 1.6293371055837165, 0.0002871738429435603, 2.2884528308156035e-05, 0.04721568320950826, -0.07779440066509104, 0.06444753829418894
flux1:, 1.6303194624543205, 0.00012330036615492953, 0.00011465076812811516, 0.03406606079272342, -0.060704229373659296, 0.06428815512844166
flux1:, 1.6313018193249245, 0.0002588204531782278, 2.422544055661518e-05, 0.044280442450373714, -0.06697986467156418, 0.0540779494994282
flux1:, 1.6322841761955285, 0.00010049331115973798, 0.00010329893634138019, 0.03308416355137409, -0.051383624261821914, 0.05425556224450959
flux1:, 1.6332665330661325, 0.0002322704463703589, 2.5222404390614006e-05, 0.04166059363874253, -0.057392769651801685, 0.04494672881883714
flux1:, 1.6342488899367362, 8.157972222456337e-05, 9.247716122099543e-05, 0.032204773367458694, -0.04315368077925456, 0.04539698868695583
flux1:, 1.6352312468073402, 0.00020763236377596892, 2.595984478051603e-05, 0.039329077796833804, -0.04890058803250931, 0.036917089528380506
flux1:, 1.6362136036779442, 6.59573846520832e-05, 8.21625140002084e-05, 0.031405523284363926, -0.03589714362941228, 0.03758263726703887
flux1:, 1.6371959605485482, 0.00018492332218023426, 2.6526424986778906e-05, 0.03726045026274555, -0.041383522647963134, 0.029865652157885468
flux1:, 1.6381783174191522, 5.3070510538953485e-05, 7.229913719484304e-05, 0.030668001077061042, -0.029508460279557502, 0.03069533235346833
flux1:, 1.639160674289756, 0.0001640859285913163, 2.7001175402504422e-05, 0.035430488694635484, -0.03473361823309815, 0.023681509594989773
flux1:, 1.64014303116036, 4.242088602178587e-05, 6.281775369932664e-05, 0.029977392160039838, -0.023892755223950332, 0.02462957855410104
flux1:, 1.641125388030964, 0.00014500771679900232, 2.744391528949754e-05, 0.033815858679305734, -0.02885397475345899, 0.018265260045610802
flux1:, 1.642107744901568, 3.35722146093774e-05, 5.36532035525594e-05, 0.029322254880611305, -0.018964841829472383, 0.01929069572433569
flux1:, 1.643090101772172, 0.00012754070769764724, 2.7889415918880534e-05, 0.032393827258224296, -0.023658016043272546, 0.013528008284441886
flux1:, 1.6440724586427757, 2.615034452279445e-05, 4.475946165919821e-05, 0.028694411547200288, -0.014648264422105038, 0.014594024928278465
flux1:, 1.6450548155133797, 0.00011151988963694004, 2.834498062837418e-05, 0.031142060054714808, -0.01906878392706373, 0.009390355426679221
flux1:, 1.6460371723839837, 1.9841571364946734e-05, 3.612134713017597e-05, 0.02808891160705422, -0.01087437288272425, 0.010464202021791078
flux1:, 1.6470195292545877, 9.67800406136018e-05, 2.8791389992551917e-05, 0.030038568451991602, -0.015018226365072884, 0.00578141163600033
flux1:, 1.6480018861251917, 1.4390415598763148e-05, 2.7761613848507876e-05, 0.027503952380673817, -0.007581444319829676, 0.006834484912642289
flux1:, 1.6489842429957955, 8.31703450517232e-05, 2.9187219401135667e-05, 0.029061884825590887, -0.011446441816711127, 0.00263787570869085
flux1:, 1.6499665998663995, 9.59730168834188e-06, 1.9741812348694375e-05, 0.026940614919993753, -0.004713882798695907, 0.0036461040549908897
flux1:, 1.6509489567370035, 7.056588778688906e-05, 2.9476240159088004e-05, 0.02819151958835836, -0.008300843618842795, -9.677333670181383e-05
flux1:, 1.6519313136076075, 5.315611711690425e-06, 1.2155752068192558e-05, 0.026402275428427244, -0.002221537821505151, 0.0008475912229261918
flux1:, 1.6529136704782115, 5.8874704614126715e-05, 2.9596970385069295e-05, 0.02740866009224829, -0.00553523043707054, -0.0024729450492415868
flux1:, 1.6538960273488152, 1.4469846216743791e-06, 5.115842214590615e-06, 0.02589365711118001, -5.917490153766495e-05, -0.0016059573806063638
flux1:, 1.6548783842194192, 4.803915873132633e-05, 2.949276400284163e-05, 0.026696973305539363, -0.0031087901728327305, -0.004535470493560464
flux1:, 1.6558607410900232, -2.0661403240837527e-06, -1.2652847832790331e-06, 0.02541963927583663, 0.0018138983297293638, -0.0037537001454375106
flux1:, 1.6568430979606272, 3.8031300438970105e-05, 2.912049549347653e-05, 0.02604327325909471, -0.0009851164332102993, -0.006324036617455866
flux1:, 1.6578254548312312, -5.250810561576705e-06, -6.8936584272992455e-06, 0.024984080139171326, 0.003434086785567825, -0.00562992126045818
flux1:, 1.658807811701835, 2.884337727174274e-05, 2.8456220068351386e-05, 0.02543782326674234, 0.0008686533309700145, -0.007873580031536988
flux1:, 1.659790168572439, -8.11545822248149e-06, -1.1708758536134527e-05, 0.02458894658678043, 0.004833711062077277, -0.007264882869421445
flux1:, 1.660772525443043, 2.0476059804553493e-05, 2.7497040510396427e-05, 0.024874155941623198, 0.0024824867172823072, -0.009214691944018307
flux1:, 1.661754882313647, -1.0661301588976586e-05, -1.5691007226336584e-05, 0.024233956807889548, 0.006041230443313694, -0.00868557253689982
flux1:, 1.662737239184251, 1.2927442417591037e-05, 2.6259449614254248e-05, 0.02434847981697073, 0.003883860515825347, -0.010374055826221579
flux1:, 1.6637195960548548, -1.2891213966285962e-05, -1.886126317868738e-05, 0.02391675183367202, 0.007081527632299319, -0.009916285166266423
flux1:, 1.6647019529254587, 6.185223392515132e-06, 2.477516170043571e-05, 0.023858850265645198, 0.005097954534144016, -0.011374907169989531
flux1:, 1.6656843097960627, -1.4814941867151265e-05, -2.1273983956770738e-05, 0.023633433433505758, 0.007976257325258576, -0.010979025011555293
flux1:, 1.6666666666666667, 2.2306082670203707e-07, 2.3085745479089053e-05, 0.023404332871884058, 0.0061477143761486394, -0.012237485125840573
