flux1:, 1.1764705882352942, 0.00020606759009066564, -2.2592069517020482e-07, -0.0023962575513711347, -0.005499093557046475, 0.0055726266072887365
flux1:, 1.1774529451058982, 0.0002478051700797721, -4.771752616224353e-07, -0.0025950627611778577, -0.0059492652112031474, 0.006068926636461713
flux1:, 1.1784353019765021, 0.00028581599139880753, -3.601495239620512e-07, -0.0027551386663615092, -0.006419722228994404, 0.00654839764470713
flux1:, 1.179417658847106, 0.00031575569382450835, 1.4557173321834957e-07, -0.0028756087324305524, -0.006909820253918346, 0.007004443709936115
flux1:, 1.18040001571771, 0.0003337788367598684, 1.014794202561313e-06, -0.0029633444819760126, -0.007420772489650512, 0.0074377403063792995
flux1:, 1.181382372588314, 0.00033703513407064544, 2.1760823084128824e-06, -0.003032706618742372, -0.007955961139986775, 0.00785705878127912
flux1:, 1.182364729458918, 0.00032409941856308816, 3.5168000172699014e-06, -0.003104159016283229, -0.008520992608024979, 0.008279041174398203
flux1:, 1.183347086329522, 0.00029527949458355994, 4.8937404796594484e-06, -0.0032018697860540873, -0.009123467517789315, 0.008726869167898008
flux1:, 1.1843294432001257, 0.00025275514693861976, 6.148574157788113e-06, -0.0033505742515960485, -0.00977247420044006, 0.009227922339837406
flux1:, 1.1853118000707297, 0.0002005169106203098, 7.126688565715781e-06, -0.003572107591327348, -0.01047785392764313, 0.009810671740951711
flux1:, 1.1862941569413337, 0.00014409350657589568, 7.697448446897818e-06, -0.0038820979893941414, -0.011249322464687161, 0.01050118370733426
flux1:, 1.1872765138119377, 9.008016494879261e-05, 7.773549097107118e-06, -0.004287327767989449, -0.01209556004402383, 0.011319695628188154
flux1:, 1.1882588706825417, 4.5503926685488654e-05, 7.3270276561116074e-06, -0.004784212143111349, -0.013023395980635417, 0.012277754226537613
flux1:, 1.1892412275531457, 1.708371029211336e-05, 6.399672991170709e-06, -0.005358715402029906, -0.014037211710944535, 0.013376368772820196
flux1:, 1.1902235844237494, 1.0459760710503095e-05, 5.106038673010028e-06, -0.005987835886057938, -0.015138665951211924, 0.014605526266015165
flux1:, 1.1912059412943534, 2.9476723137383528e-05, 3.6279855433494257e-06, -0.006642567507502151, -0.016326809255884336, 0.015945252234364868
flux1:, 1.1921882981649574, 7.560532288286662e-05, 2.2005967895397585e-06, -0.007292017187381171, -0.017598606250326432, 0.017368197692441596
flux1:, 1.1931706550355614, 0.00014757870293516072, 1.0903265145240794e-06, -0.007908158366593714, -0.018949828058609487, 0.018843515390844015
flux1:, 1.1941530119061654, 0.00024130115709877875, 5.672493632447575e-07, -0.008470562856390475, -0.02037622224373983, 0.02034158642953907
flux1:, 1.1951353687767692, 0.0003500606923716716, 8.741521111439551e-07, -0.008970402484907405, -0.021874820771916433, 0.021839001513245842
flux1:, 1.1961177256473732, 0.000465044984375162, 2.1958318574446165e-06, -0.009413063071908374, -0.023445215433191852, 0.02332311563226458
flux1:, 1.1971000825179772, 0.0005761261028240728, 4.632243018972688e-06, -0.009818866998987189, -0.02509062052704141, 0.02479549884078453
flux1:, 1.1980824393885812, 0.0006728466341046561, 8.17900323309199e-06, -0.010221642482806492, -0.026818557634012804, 0.026273705988886717
flux1:, 1.1990647962591852, 0.0007455123731429938, 1.2718206685756488e-05, -0.010665178649166879, -0.028641036905973225, 0.02779097856186771
flux1:, 1.200047153129789, 0.0007862781174216482, 1.8021532121606905e-05, -0.011197925425698724, -0.03057416999692608, 0.02939375270339118
flux1:, 1.201029510000393, 0.0007901060217153508, 2.3766352076176118e-05, -0.011866589744857945, -0.03263722471890923, 0.031137147909461742
flux1:, 1.202011866870997, 0.0007554820679046303, 2.9564074933199616e-05, -0.012709498490190369, -0.03485121134372171, 0.03307891144861984
flux1:, 1.202994223741601, 0.0006847956655397866, 3.4998441341072554e-05, -0.013750705153488576, -0.037237164297984245, 0.035272551673908685
flux1:, 1.203976580612205, 0.0005843188932255707, 3.967012806277448e-05, -0.014995786083077967, -0.03981433986827733, 0.037760568924386194
flux1:, 1.2049589374828087, 0.000463762610614729, 4.324296024283184e-05, -0.016430096813420014, -0.042598580976668105, 0.04056875395015734
flux1:, 1.2059412943534127, 0.0003354325612969356, 4.548644907670922e-05, -0.018019953685886842, -0.04560109758430652, 0.04370245261793842
flux1:, 1.2069236512240167, 0.00021305473630400703, 4.630936463143824e-05, -0.019716805850599137, -0.048827873429833746, 0.04714549124344027
flux1:, 1.2079060080946207, 0.00011038042221405824, 4.5779672193413334e-05, -0.02146401992978395, -0.05227983901156868, 0.05086213726709172
flux1:, 1.2088883649652247, 3.971250876951995e-05, 4.4127383773491284e-05, -0.02320547695447345, -0.0559538542433742, 0.05480207098141351
flux1:, 1.2098707218358287, 1.0511613177118464e-05, 4.172860949670196e-05, -0.02489484361816586, -0.059844433560818255, 0.058907915673011145
flux1:, 1.2108530787064324, 2.824060513937826e-05, 3.907117346543856e-05, -0.026504184975585158, -0.06394603589523008, 0.06312447415948262
flux1:, 1.2118354355770364, 9.358818809243742e-05, 3.67043677962608e-05, -0.02803057434373314, -0.06825564749584934, 0.06740850824283458
flux1:, 1.2128177924476404, 0.00020217731868756012, 3.5177506351276764e-05, -0.029499545099568328, -0.07277532173209236, 0.07173772537654582
flux1:, 1.2138001493182444, 0.0003448154520508728, 3.4973649719092125e-05, -0.030964606456316504, -0.07751431829876508, 0.07611763961075907
flux1:, 1.2147825061888484, 0.0005082856889507651, 3.6445972685538506e-05, -0.03250257011362664, -0.08249051121556344, 0.08058516550778513
flux1:, 1.2157648630594522, 0.0006766170022448713, 3.9764555570504465e-05, -0.03420504047211048, -0.0877308108483175, 0.08520817244896679
flux1:, 1.2167472199300562, 0.0008327146520122876, 4.488080092071062e-05, -0.036167023916359786, -0.09327046317395077, 0.09008073478485534
flux1:, 1.2177295768006602, 0.0009601854139795042, 5.1515203434871864e-05, -0.03847412213869623, -0.09915123644086705, 0.0953144000306549
flux1:, 1.2187119336712642, 0.0010451622409757685, 5.917193468052356e-05, -0.04119010684504231, -0.10541866284823434, 0.10102638616009088
flux1:, 1.2196942905418682, 0.0010779237588822057, 6.718084709429163e-05, -0.044346764368038916, -0.1121186494919583, 0.10732612690460135
flux1:, 1.220676647412472, 0.0010541176944471307, 7.476434083858658e-05, -0.0479377154639252, -0.11929388701498948, 0.11430193250153317
flux1:, 1.221659004283076, 0.0009754335247175289, 8.112341693779007e-05, -0.05191746294640723, -0.12698054739738462, 0.12200966047160229
flux1:, 1.22264136115368, 0.0008496252763749368, 8.553452705479061e-05, -0.05620624349149682, -0.1352057610975706, 0.13046516099168254
flux1:, 1.223623718024284, 0.0006898550222246751, 8.7446871067196e-05, -0.06070044271716496, -0.14398629330908763, 0.13964187199689246
flux1:, 1.224606074894888, 0.0005134038531586939, 8.656887350722433e-05, -0.06528748494808984, -0.15332870381698396, 0.14947432450575504
flux1:, 1.2255884317654917, 0.00033987144023108254, 8.29328748888491e-05, -0.06986335483703991, -0.16323108873967324, 0.15986754755614935
flux1:, 1.2265707886360957, 0.0001890490360216354, 7.692866172460795e-05, -0.07435036713250223, -0.1736862875643765, 0.1707115308690247
flux1:, 1.2275531455066997, 7.869600105069845e-05, 6.929924329632227e-05, -0.07871257107235954, -0.18468622340766777, 0.1818991243483558
flux1:, 1.2285355023773037, 2.2470562049579875e-05, 6.10960333804776e-05, -0.08296631631771105, -0.19622685877502735, 0.19334514072952194
flux1:, 1.2295178592479077, 2.8257982875016023e-05, 5.359495285059272e-05, -0.08718402674850921, -0.20831312188688994, 0.20500408060409747
flux1:, 1.2305002161185117, 9.710325329817887e-05, 4.8179481106752975e-05, -0.09149007979760615, -0.2209631125317955, 0.21688388754650273
flux1:, 1.2314825729891155, 0.0002228937028110562, 4.6200848256430806e-05, -0.09604877210854293, -0.2342109443809237, 0.22905349321118493
flux1:, 1.2324649298597194, 0.00039285569874911115, 4.882887912870821e-05, -0.10104552452568336, -0.24810772344794024, 0.24164260708304483
flux1:, 1.2334472867303234, 0.0005888374434622925, 5.690904104181558e-05, -0.1066635735408356, -0.26272038723938207, 0.2548331721755511
flux1:, 1.2344296436009274, 0.000789257177842289, 7.084169352030285e-05, -0.11305924353806249, -0.278128410812415, 0.268843031715233
flux1:, 1.2354120004715314, 0.0009715136998709707, 9.049823476426194e-05, -0.12033934907344909, -0.2944186890734764, 0.2839034870265585
flux1:, 1.2363943573421352, 0.0011145941638558829, 0.00011518582059644972, -0.12854424050876245, -0.3116791879938832, 0.30023341482633714
flux1:, 1.2373767142127392, 0.0012015808233363692, 0.00014366782770446496, -0.13763944628176875, -0.3299921792764328, 0.3180133027573673
flux1:, 1.2383590710833432, 0.0012217588775446746, 0.00017424165746454548, -0.14751782295755755, -0.34942799704924254, 0.3373628352501447
flux1:, 1.2393414279539472, 0.001172063258279155, 0.00020486938855175356, -0.15801271690557356, -0.3700402560078843, 0.3583254471204301
flux1:, 1.2403237848245512, 0.0010576703145281712, 0.00023335083540651245, -0.16892104930988877, -0.3918633381032433, 0.38086255221971915
flux1:, 1.241306141695155, 0.0008916342001417421, 0.0002575234262386198, -0.18003368112404847, -0.41491269746360937, 0.40485901047848116
flux1:, 1.242288498565759, 0.0006935772697927728, 0.0002754695952149263, -0.19116913016836193, -0.4391881771686677, 0.4301399459270556
flux1:, 1.243270855436363, 0.0004875565566671459, 0.0002857105779164333, -0.20220591048596204, -0.4646801192529338, 0.4564974505863251
flux1:, 1.244253212306967, 0.0002993311269320624, 0.00028736590590546814, -0.213108600801273, -0.49137763473537266, 0.48372421578680413
flux1:, 1.245235569177571, 0.00015333508804365903, 0.0002802605799828535, -0.22394329828047593, -0.519278042007394, 0.5116499389880347
flux1:, 1.2462179260481747, 6.970774956412423e-05, 0.00026496667354927814, -0.23487934955777864, -0.548396234761909, 0.5401756502789702
flux1:, 1.2472002829187787, 6.173890889253197e-05, 0.00024277254403096217, -0.24617604311497665, -0.5787726486951686, 0.569301023917328
flux1:, 1.2481826397893827, 0.0001340510046757293, 0.0002155802713732039, -0.2581550729515246, -0.6104785849339214, 0.5991403446382949
flux1:, 1.2491649966599867, 0.00028176352284361235, 0.0001857396145292897, -0.2711617537615685, -0.6436179195500286, 0.6299240528967193
flux1:, 1.2501473535305907, 0.0004907760749218302, 0.00015583383573262023, -0.2855198644027266, -0.6783246590319807, 0.6619845711358147
flux1:, 1.2511297104011945, 0.0007391767754844898, 0.0001284383777029094, -0.3014863171876971, -0.7147563432900793, 0.6957272053905473
flux1:, 1.2521120672717985, 0.0009996467318926924, 0.00010587690825660613, -0.3192123554767085, -0.753083883306249, 0.7315890543365905
flux1:, 1.2530944241424025, 0.0012426058023973568, 9.000019904027107e-05, -0.3387175336316134, -0.7934789709877753, 0.7699907463031894
flux1:, 1.2540767810130065, 0.001439744929134768, 8.201148363968773e-05, -0.3598813246631147, -0.8361006339036056, 0.8112871818272828
flux1:, 1.2550591378836105, 0.0015675295134106272, 8.235745645722183e-05, -0.38245496658287786, -0.8810827569673906, 0.8557240565078494
flux1:, 1.2560414947542144, 0.001610245514514139, 9.069734602908797e-05, -0.4060933657957723, -0.9285244068939811, 0.9034066369505956
flux1:, 1.2570238516248182, 0.001562198816236743, 0.00010595421397086133, -0.4304038951054457, -0.9784845526433326, 0.9542860374672071
flux1:, 1.2580062084954222, 0.001428766384061804, 0.0001264436836117275, -0.4550061814779757, -1.0309822896518097, 1.0081661998977245
flux1:, 1.2589885653660262, 0.0012261261994811396, 0.00015006668585382143, -0.47959489831301705, -1.0860029961346944, 1.0647321383194244
flux1:, 1.2599709222366302, 0.0009796479528330947, 0.00017454551255146356, -0.5039965167942851, -1.1435100558479756, 1.123597098663002
flux1:, 1.2609532791072342, 0.0007210901879403009, 0.00019767735664348335, -0.5282111655662736, -1.2034609754382166, 1.1843634858431173
flux1:, 1.261935635977838, 0.0004849023448693053, 0.00021757723343458383, -0.5524322647493943, -1.2658260176196323, 1.2466901253334854
flux1:, 1.262917992848442, 0.000304052725090136, 0.00023288304985822828, -0.5770393161122911, -1.3306069704924937, 1.3103570070270918
flux1:, 1.263900349719046, 0.0002058794226491239, 0.00024289959169509684, -0.6025628367885456, -1.3978534644778295, 1.3753183664823152
flux1:, 1.26488270658965, 0.0002084793131109832, 0.0002476649403708785, -0.6296244550904639, -1.4676743836438093, 1.4417359140017654
flux1:, 1.265865063460254, 0.0003181054577281416, 0.00024793158828287246, -0.6588590816103065, -1.5402424056830786, 1.5099861822974638
flux1:, 1.266847420330858, 0.0005279384523506236, 0.0002450643165331715, -0.6908292422585672, -1.6157905040400942, 1.580639115081107
flux1:, 1.2678297772014617, 0.0008184425395838076, 0.00024086660639275977, -0.725943589586818, -1.6946002696473657, 1.6544087951332505
flux1:, 1.2688121340720657, 0.0011593295407243448, 0.00023735583290603613, -0.7643919157110302, -1.776983033354835, 1.7320811318105502
flux1:, 1.2697944909426697, 0.0015129545480691996, 0.0002365137105482662, -0.8061075058912739, -1.863255844878121, 1.814426860965138
flux1:, 1.2707768478132737, 0.0018387809709383028, 0.00024004164477360566, -0.8507644786560384, -1.95371523677492, 1.9021108375114963
flux1:, 1.2717592046838777, 0.002098402642532316, 0.00024915035112916417, -0.8978131965039946, -2.0486122357912464, 1.9956098941728206
flux1:, 1.2727415615544815, 0.0022605175891581013, 0.0002644093022697822, -0.9465514677153958, -2.1481321787266854, 2.095151225975638
flux1:, 1.2737239184250855, 0.002305226013317322, 0.0002856746399252892, -0.9962238225506559, -2.2523824989545664, 2.2006812691530464
flux1:, 1.2747062752956895, 0.002227080218381099, 0.00031210491571713743, -1.0461364295378572, -2.3613907899619715, 2.3118715330985076
flux1:, 1.2756886321662935, 0.0020364435080655195, 0.0003422634753716084, -1.095771967284732, -2.4751142071933327, 2.4281631941661312
flux1:, 1.2766709890368975, 0.001758906084507549, 0.0003742957283256073, -1.1448875726607142, -2.5934597822799996, 2.5488470339904374
flux1:, 1.2776533459075012, 0.001432737922197498, 0.0004061602335439859, -1.19358017830931, -2.716313682019238, 2.673170185088637
flux1:, 1.2786357027781052, 0.0011046046555757158, 0.0004358856428790529, -1.2423071369696073, -2.843576057545242, 2.8004568479821543
flux1:, 1.2796180596487092, 0.0008240027071694167, 0.0004618219664120323, -1.2918556624753637, -2.9751971006742455, 2.930227318017164
flux1:, 1.2806004165193132, 0.0006370546506657981, 0.000482854865219505, -1.3432616268222384, -3.11120942373893, 3.0622987989890738
flux1:, 1.2815827733899172, 0.0005804197101563401, 0.00049855578344937, -1.397685716705324, -3.2517520154322037, 3.1968528395458597
flux1:, 1.282565130260521, 0.0006760993821197449, 0.0005092482755622095, -1.4562618127598288, -3.3970818273848282, 3.334457773024265
flux1:, 1.283547487131125, 0.0009278465692236629, 0.0005159810032517483, -1.5199376607590458, -3.547570453722176, 3.4760399335818595
flux1:, 1.284529844001729, 0.0013197220861513794, 0.0005204093677190606, -1.589330569686672, -3.7036852297952354, 3.622804044800523
flux1:, 1.285512200872333, 0.0018171004616868004, 0.0005245992055603163, -1.6646204150389634, -3.865956173686831, 3.7761102028801905
flux1:, 1.286494557742937, 0.0023701336305471895, 0.0005307759797355768, -1.7454984777294211, -4.034932253120192, 3.9373213645435254
flux1:, 1.2874769146135407, 0.0029193702337696973, 0.0005410501582192781, -1.8311839079880798, -4.211132194286798, 4.107640269250371
flux1:, 1.2884592714841447, 0.0034029377550213757, 0.0005571530216524493, -1.9205106274147639, -4.394996194621946, 4.287957484638511
flux1:, 1.2894416283547487, 0.003764462142715828, 0.0005802164496497178, -2.0120774112790083, -4.5868452569410785, 4.478732229054639
flux1:, 1.2904239852253527, 0.003960757365602916, 0.0006106252958720256, -2.104444112810151, -4.78685431974505, 4.6799246097397
flux1:, 1.2914063420959567, 0.003968288604929218, 0.0006479623024818077, -2.1963489487159316, -4.995043925595996, 4.890992131250465
flux1:, 1.2923886989665605, 0.0037875078055876438, 0.000691054136381146, -2.2869167632237635, -5.2112929769969165, 5.110955382588871
flux1:, 1.2933710558371645, 0.003444374605746235, 0.0007381144324485025, -2.3758271846893924, -5.435372422003875, 5.338528648043657
flux1:, 1.2943534127077685, 0.0029886896503954446, 0.0007869672863919122, -2.463415033123672, -5.666996823455376, 5.572301981657269
flux1:, 1.2953357695783725, 0.0024892478082063543, 0.000835324043608215, -2.550683065189634, -5.905888079361198, 5.810953299294195
flux1:, 1.2963181264489765, 0.0020262224098364133, 0.0008810788781828125, -2.639218357771336, -6.151843461298406, 6.053463453842524
flux1:, 1.2973004833195805, 0.0016815693310360423, 0.0009225855675027021, -2.731016968758441, -6.404798954249307, 6.299304996981486
flux1:, 1.2982828401901843, 0.0015285427511053356, 0.0009588795433527181, -2.8282352009395404, -6.664878845564922, 6.548576930420621
flux1:, 1.2992651970607882, 0.0016216001248187232, 0.0009898156420399791, -2.9328978746361636, -6.932423712772721, 6.802063252746094
flux1:, 1.3002475539313922, 0.0019880115475574022, 0.001016102283122096, -3.046602615162321, -7.207991327181676, 7.061202025387495
flux1:, 1.3012299108019962, 0.0026223638630150023, 0.0010392258469778034, -3.1702627729746107, -7.492328285322807, 7.3279630231361725
flux1:, 1.3022122676726002, 0.0034848673157161585, 0.0010612731762391857, -3.303929315289892, -7.78631402162308, 7.604644413496703
flux1:, 1.303194624543204, 0.0045039568355153175, 0.0010846735851133575, -3.4467237380584566, -8.090882759071306, 7.893610702670839
flux1:, 1.304176981413808, 0.005583173756861964, 0.0011118927521775283, -3.5969004846905674, -8.406932391639396, 8.197003743194863
flux1:, 1.305159338284412, 0.0066117735176602025, 0.0011451178938489256, -3.7520400761472525, -8.735231759270139, 8.516464462951014
flux1:, 1.306141695155016, 0.007477995231779401, 0.0011859756380610048, -3.909355362130233, -9.07633886481947, 8.852904097518621
flux1:, 1.30712405202562, 0.008083515187417966, 0.0012353206338294358, -4.06607558536964, -9.430542041576258, 9.206359613907944
flux1:, 1.308106408896224, 0.008357346202390708, 0.0012931244314852526, -4.219858941765463, -9.797833862192832, 9.575958908842784
flux1:, 1.3090887657668278, 0.008267381451103497, 0.0013584815209434127, -4.369176316503171, -10.17792386174331, 9.960008149980705
flux1:, 1.3100711226374318, 0.007827936889225843, 0.0014297341694581355, -4.513608491137458, -10.570291322675235, 10.356197824235105
flux1:, 1.3110534795080357, 0.0071020176025341315, 0.0015047017981025682, -4.654006991104948, -10.974274010202924, 10.761907637915396
flux1:, 1.3120358363786397, 0.006197590658026411, 0.0015809861726090292, -4.792484386298984, -11.389183540437646, 11.174575568772994
flux1:, 1.3130181932492437, 0.00525783595809019, 0.0016563126362614032, -4.932221631013971, -11.814433727408254, 11.59208522339255
flux1:, 1.3140005501198475, 0.004446092910958931, 0.0017288615740716703, -5.077105295918099, -12.24966544142644, 12.013119968944093
flux1:, 1.3149829069904515, 0.0039269377964645065, 0.0017975442538697363, -5.231232967165705, -12.694850714882659, 12.437433228976417
flux1:, 1.3159652638610555, 0.0038454250605835572, 0.0018621833640729841, -5.39834705304413, -13.15036031150046, 12.865992184502444
flux1:, 1.3169476207316595, 0.004306923630097866, 0.001923570360423267, -5.5812723490946645, -13.616982702800719, 13.300966315013136
flux1:, 1.3179299776022635, 0.0053601129019228725, 0.001983387769598505, -5.781438283843576, -14.095888037483405, 13.74555126404908
flux1:, 1.3189123344728673, 0.006985535400561133, 0.002044002875758992, -5.998561261801541, -14.588537630113729, 14.203640180196698
flux1:, 1.3198946913434713, 0.009091630465873187, 0.0021081573507252586, -6.230545850339102, -15.096546899184599, 14.679376222788974
flux1:, 1.3208770482140753, 0.011519428013303032, 0.002178592909219608, -6.473637205937417, -15.621516591531766, 15.176638419892047
flux1:, 1.3218594050846793, 0.01405613051941577, 0.002257663748440581, -6.722824066660247, -16.16485257561908, 15.698525823561576
flux1:, 1.3228417619552832, 0.01645675153902298, 0.0023469906871176026, -6.972455989387784, -16.727597629521863, 16.246909810556435
flux1:, 1.323824118825887, 0.018471927206882538, 0.0024472086738718014, -7.217005102433526, -17.31029889453272, 16.822120221690774
flux1:, 1.324806475696491, 0.019879098455206693, 0.002557848764673033, -7.4518763546549325, -17.91293175820228, 17.42281774619129
flux1:, 1.325788832567095, 0.020513595472254426, 0.0026773788432649273, -7.674155329518923, -18.534895017964043, 18.04608368043928
flux1:, 1.326771189437699, 0.020295841621567886, 0.0028034062450475734, -7.883182155262769, -19.17508381542272, 18.68773120878803
flux1:, 1.327753546308303, 0.01925099808235836, 0.0029330226954650384, -8.08085510615524, -19.832036945335382, 19.342812869160092
flux1:, 1.3287359031789068, 0.017517916300695005, 0.0030632506050452353, -8.271597305185411, -20.50414492694665, 20.006270631081737
flux1:, 1.3297182600495108, 0.01534522752946427, 0.003191532774158531, -8.461961541258203, -21.189896006468707, 20.67365187366267
flux1:, 1.3307006169201148, 0.013073702255854532, 0.003316197533002832, -8.659896776744205, -21.888130334025174, 21.3417999400232
flux1:, 1.3316829737907188, 0.01110553736763075, 0.003436830073874422, -8.873749279371838, -22.59826901794073, 22.00942440679312
flux1:, 1.3326653306613228, 0.009862821107192997, 0.0035544889538311935, -9.111114710223086, -23.32048533308869, 22.677465002127498
flux1:, 1.3336476875319265, 0.009738910986636663, 0.0036717239611867513, -9.377688473633102, -24.055790293581527, 23.34918395843785
flux1:, 1.3346300444025305, 0.011047661800687603, 0.00379237602175427, -9.676274918040496, -24.806013787908974, 24.029952621842437
flux1:, 1.3356124012731345, 0.013976201103166306, 0.003921168765785633, -10.006108306524478, -25.57367466012917, 24.726736023558797
flux1:, 1.3365947581437385, 0.018547145690919177, 0.004063131206102766, -10.362609185163338, -26.3617471676984, 25.44731939069799
flux1:, 1.3375771150143425, 0.02459571471849066, 0.004222917762566264, -10.73765107859526, -27.17334547718814, 26.199358158948957
flux1:, 1.3385594718849465, 0.03176611661732685, 0.004404111819009923, -11.120349340035503, -28.011360446215967, 26.9893628699614
flux1:, 1.3395418287555503, 0.0395299303800107, 0.004608608970188789, -11.498313807566126, -28.87809213055233, 27.821747968036004
flux1:, 1.3405241856261543, 0.04722709622488233, 0.004836174053584628, -11.859238512568359, -29.774925801273458, 28.69807579468676
flux1:, 1.3415065424967583, 0.05412776303747063, 0.0050842513347646645, -12.192644335598779, -30.70209782072816, 29.61661260785601
flux1:, 1.3424888993673623, 0.059510838797149496, 0.005348080792059162, -12.491552735945612, -31.658590237126326, 30.57228285978892
flux1:, 1.3434712562379663, 0.06275290419797601, 0.00562113786557306, -12.753857077160909, -32.64217989234127, 31.557063981098143
flux1:, 1.34445361310857, 0.06341942304798003, 0.005895873182966231, -12.983176267009123, -33.64965041207213, 32.56081114364177
flux1:, 1.345435969979174, 0.061349129584368695, 0.006164687473524162, -13.189023429087154, -34.67715551510143, 33.572445931536315
flux1:, 1.346418326849778, 0.05672225187035618, 0.006421040342002538, -13.386196241998272, -35.720701940873866, 34.58139130211741
flux1:, 1.347400683720382, 0.050103926927130865, 0.006660564757287144, -13.593387891602411, -36.77670244527031, 35.57909437441354
flux1:, 1.348383040590986, 0.042455774678952715, 0.006882046097048813, -13.831117836386566, -37.842536140401485, 36.5604542515038
flux1:, 1.34936539746159, 0.035111029246000326, 0.007088128010813285, -14.119177575514955, -38.917046933491555, 37.52496840282813
flux1:, 1.3503477543321938, 0.02971169468156385, 0.007285627992372764, -14.47386581199541, -40.000912250506, 38.47742995854687
flux1:, 1.3513301112027978, 0.028109640549841497, 0.0074853820943243865, -14.905338568007956, -41.096824026073456, 39.42804881446326
flux1:, 1.3523124680734018, 0.03223707079848581, 0.0077015873514404195, -15.415414466062558, -42.20944152577097, 40.391928232325206
flux1:, 1.3532948249440058, 0.04395505281305474, 0.007950667147461116, -15.996149096822098, -43.34509938038601, 41.38789974832112
flux1:, 1.3542771818146098, 0.06489145553889063, 0.008249742686026962, -16.62942554361558, -44.51128184078067, 42.436794942680315
flux1:, 1.3552595386852135, 0.09628142953183232, 0.008614846112363558, -17.287706186672146, -45.715902679125996, 43.559304254867236
flux1:, 1.3562418955558175, 0.1388242514194638, 0.00905905115024051, -17.935964009210405, -46.966456054531555, 44.77363184095838
flux1:, 1.3572242524264215, 0.19256982871580866, 0.009590719911378658, -18.53467359613571, -48.269123810953474, 46.09319380848725
flux1:, 1.3582066092970255, 0.25684640682038995, 0.010212066123129887, -19.04360884588513, -49.62793634994236, 47.52461939989346
flux1:, 1.3591889661676295, 0.3302381428645065, 0.010918214030956552, -19.42608240755837, -51.04408552546205, 49.066297990147085
flux1:, 1.3601713230382333, 0.41061742561476844, 0.011696889868097264, -19.653185628475047, -52.51547815429126, 50.7076695332393
flux1:, 1.3611536799088373, 0.4952324352351301, 0.0125288228003332, -19.707558416925636, -54.03659819432516, 52.42938610104741
flux1:, 1.3621360367794413, 0.5808458268337208, 0.01338886062223421, -19.58624187991533, -55.59871615206184, 54.20438421701689
flux1:, 1.3631183936500453, 0.6639159962798624, 0.014247729783005434, -19.302242837018078, -57.190448704174486, 55.999810976075814
flux1:, 1.3641007505206493, 0.7408085501131667, 0.015074297914570203, -18.884561991575715, -58.798633566179745, 57.77965202626877
flux1:, 1.365083107391253, 0.808022714737028, 0.01583813810883363, -18.37659451328401, -60.40944847647904, 59.507827135652064
flux1:, 1.366065464261857, 0.862415766353988, 0.016512154793816052, -17.832986336826288, -62.00967293887557, 61.151459005114035
flux1:, 1.367047821132461, 0.9014083181901547, 0.01707501623636709, -17.31520215691238, -63.58797074197972, 62.68399073239596
flux1:, 1.368030178003065, 0.9231545156759066, 0.01751315084360312, -16.886211941041555, -65.13606297681605, 64.08783125587891
flux1:, 1.369012534873669, 0.9266637808222155, 0.017822102922713585, -16.60481368655015, -66.64966674670029, 65.35624683473516
flux1:, 1.3699948917442728, 0.9118645043200975, 0.01800710474077002, -16.520167094302785, -68.1290939497265, 66.49428685997695
flux1:, 1.3709772486148768, 0.8796046889117718, 0.01808279927687711, -16.667107662389935, -69.57943581170478, 67.51862710125634
flux1:, 1.3719596054854808, 0.8315896007543565, 0.01807213365208743, -17.062742267717404, -71.01029923839545, 68.45632300651147
flux1:, 1.3729419623560848, 0.7702615433371512, 0.018004527461842897, -17.7047017739417, -72.43510640516953, 69.34257814949937
flux1:, 1.3739243192266888, 0.6986314848916982, 0.017913493736410768, -18.57125652738146, -73.8700144949444, 70.21773606980445
flux1:, 1.3749066760972926, 0.6200760381786209, 0.017833944745892862, -19.62330511822234, -75.3325531629995, 71.12378611297737
flux1:, 1.3758890329678966, 0.5381158815205191, 0.017799444183080625, -20.808047173535318, -76.84010858969843, 72.10072615838475
flux1:, 1.3768713898385005, 0.4561929008919434, 0.017839668099199724, -22.063969735630696, -78.40840125275366, 73.1831412742813
flux1:, 1.3778537467091045, 0.37746303276344256, 0.017978309324949624, -23.32663469183274, -80.05010754987973, 74.39733530172784
flux1:, 1.3788361035797085, 0.30462004153843086, 0.018231607299968988, -24.534668222380677, -81.77376252284583, 75.75929433914153
flux1:, 1.3798184604503125, 0.23976245145678945, 0.018607613535822583, -25.63533252676085, -83.58305332066114, 77.2736733208923
flux1:, 1.3808008173209163, 0.18431186302675798, 0.01910622085614849, -26.589107853579474, -85.47657349307556, 78.93388896019115
flux1:, 1.3817831741915203, 0.1389862965805949, 0.01971990180939124, -27.372823864982575, -87.44806089233558, 80.72328614274316
flux1:, 1.3827655310621243, 0.10382744777612417, 0.020435027984945005, -27.981041037244413, -89.48709196107392, 82.61723322727536
flux1:, 1.3837478879327283, 0.07827624702965333, 0.02123358596914442, -28.425576656631648, -91.58015792970852, 84.58590691157052
flux1:, 1.3847302448033323, 0.06128728852081739, 0.02209507370952378, -28.73327379666908, -93.71200911112601, 86.59745969771974
flux1:, 1.3857126016739363, 0.05146986456496268, 0.02299835643869684, -28.942302120983832, -95.86712639001576, 88.62122975537224
flux1:, 1.38669495854454, 0.04724173588883031, 0.023923283907739276, -29.097434747115344, -98.03116714213941, 90.63065741520445
flux1:, 1.387677315415144, 0.04698149385542162, 0.0248519169020312, -29.24484824048328, -100.19223747661452, 92.60561360751359
flux1:, 1.388659672285748, 0.049166403544502794, 0.025769274259411414, -29.42703186285369, -102.34186331849617, 94.5339181227814
flux1:, 1.389642029156352, 0.05248480896802311, 0.026663583109854724, -29.6783638279846, -104.47556709520012, 96.4119209202564
flux1:, 1.390624386026956, 0.055915278713011045, 0.02752608499800506, -30.021820829619923, -106.59300078845114, 98.24412667161194
flux1:, 1.3916067428975598, 0.05876833771315291, 0.028350509373838418, -30.46714419942878, -108.6976349050107, 100.04194896371051
flux1:, 1.3925890997681638, 0.06069049003871742, 0.029132365607200363, -31.010609339966084, -110.79605102697998, 101.82177404719624
flux1:, 1.3935714566387678, 0.06163390426892768, 0.029868219791209138, -31.636355923401457, -112.89692765468706, 103.60258434307883
flux1:, 1.3945538135093718, 0.061798255607531855, 0.030555111144038718, -32.31905725355733, -115.00984040527185, 105.4034316178878
flux1:, 1.3955361703799758, 0.061553512819421875, 0.031190226539852966, -33.027559076573716, -117.1440148846546, 107.24105502474157
flux1:, 1.3965185272505796, 0.06135373231603552, 0.0317708959312745, -33.72901783022539, -119.30717195639838, 109.12791038910177
flux1:, 1.3975008841211836, 0.0616520954223537, 0.03229490445001564, -34.39302662046315, -121.50459076652962, 111.07081848067764
flux1:, 1.3984832409917876, 0.0628265321060652, 0.03276104895569255, -34.99523761664291, -123.73848663775294, 113.07035924739867
flux1:, 1.3994655978623916, 0.06512345724487904, 0.033169808435993854, -35.520068005010664, -126.00776228644519, 115.12104620774076
flux1:, 1.4004479547329955, 0.0686246358010708, 0.03352395867254245, -35.96220213691288, -128.30814636824056, 117.21222169346721
flux1:, 1.4014303116035993, 0.07323928615412786, 0.033828949323006285, -36.32675859584404, -130.63268836061314, 119.32953049766152
flux1:, 1.4024126684742033, 0.0787205518851598, 0.03409287983717096, -36.62815778993294, -132.97253847190998, 121.45676628544844
flux1:, 1.4033950253448073, 0.08470274258117975, 0.03432595895424096, -36.88788272196575, -135.31791023222607, 123.57784880344916
flux1:, 1.4043773822154113, 0.09075354670625409, 0.0345394059897526, -37.131453888248615, -137.65910512221055, 125.67868400421135
flux1:, 1.4053597390860153, 0.09643397042927225, 0.034743841730831636, -37.38502392078166, -139.98747492925875, 127.74868344952905
flux1:, 1.406342095956619, 0.10135818393134535, 0.034947310471073474, -37.672029497875585, -142.29620862861728, 129.7817698945349
flux1:, 1.407324452827223, 0.10524579074429907, 0.03515315888499304, -38.010314858557265, -144.5808548588174, 131.776765819664
flux1:, 1.408306809697827, 0.10796020657613341, 0.035358058598093274, -38.41006751836229, -146.8395253469414, 133.73714174434602
flux1:, 1.409289166568431, 0.10952868349729449, 0.03555048603498526, -38.87279321298298, -149.07276464683173, 135.6701813028221
flux1:, 1.410271523439035, 0.11014181561956665, 0.03570995778856426, -39.39141907562491, -151.28311237415798, 137.58569043857491
flux1:, 1.4112538803096388, 0.11013284301351002, 0.035807259844401224, -39.951469586866196, -153.4744208296963, 139.4944303020339
flux1:, 1.4122362371802428, 0.1099394487641153, 0.0358058079156017, -40.53312721641184, -155.65101914396567, 141.4064816117762
flux1:, 1.4132185940508468, 0.11005275570839639, 0.03566414324985816, -41.113885174620236, -157.81683159156864, 143.32974959525114
flux1:, 1.4142009509214508, 0.11095965761376302, 0.03533941815084692, -41.6714355568054, -159.97456072329163, 145.26879379983717
flux1:, 1.4151833077920548, 0.11308531717562985, 0.034791576474861176, -42.186419180807164, -162.12503532887263, 147.22411993743427
flux1:, 1.4161656646626586, 0.11674256737852515, 0.03398780659915862, -42.64469420327539, -164.2668005178741, 149.1920080510996
flux1:, 1.4171480215332626, 0.12209408999863812, 0.032906757159124105, -43.03885369210925, -166.39599539022308, 151.16488101946095
flux1:, 1.4181303784038666, 0.12913172645367507, 0.031541975282319466, -43.36882706567775, -168.5065269335516, 153.13214879483354
flux1:, 1.4191127352744706, 0.13767528363949544, 0.029904063546237522, -43.64152232482871, -170.59051156696972, 155.08140540910142
flux1:, 1.4200950921450746, 0.14739096195360005, 0.02802115842464248, -43.86958919494592, -172.638922773757, 156.99981476170294
flux1:, 1.4210774490156786, 0.15782730845041062, 0.02593750400866203, -44.06949192533673, -174.6423585746467, 158.87550223989052
flux1:, 1.4220598058862823, 0.1684646335913038, 0.023710116103875818, -44.25916120423705, -176.59182916662786, 160.69877411407685
flux1:, 1.4230421627568863, 0.17877234115751184, 0.02140378152928793, -44.455538108797626, -178.47946444009884, 162.4630141345779
flux1:, 1.4240245196274903, 0.1882677673793992, 0.01908488794080989, -44.67232499191738, -180.29905323846936, 164.1651527278612
flux1:, 1.4250068764980943, 0.19656999425907754, 0.01681480016864906, -44.91821997493697, -182.04634949979672, 165.80566229992962
flux1:, 1.4259892333686983, 0.20344269927875164, 0.014643659693753362, -45.19583967778428, -183.719111810074, 167.38809465874303
flux1:, 1.4269715902393023, 0.20882135442005298, 0.012605558281732576, -45.50143953751241, -185.31687839745973, 168.91823534920388
flux1:, 1.427953947109906, 0.21282184567532247, 0.010716006133209895, -45.82543574085393, -186.84051470792613, 170.40299730177327
flux1:, 1.42893630398051, 0.21572964987510446, 0.008972470613220245, -46.153631449224484, -188.29160098779647, 171.84920677771308
flux1:, 1.429918660851114, 0.21797084717496695, 0.007358507210541049, -46.468965610382845, -189.67174892605107, 173.26244461075544
flux1:, 1.430901017721718, 0.22006822792790057, 0.0058516561279931606, -46.75354550302673, -190.98194662508254, 174.64609437027843
flux1:, 1.431883374592322, 0.22258735551697975, 0.004434864122891662, -46.990700551114145, -192.2220286266892, 176.00071823861842
flux1:, 1.4328657314629258, 0.22607849974370786, 0.00311075011738436, -47.166806507855355, -193.3903526510633, 177.32383549591418
flux1:, 1.4338480883335298, 0.2310207487152044, 0.0019176094445627159, -47.272672753945415, -194.48373888148674, 178.61012377433698
flux1:, 1.4348304452041338, 0.23777430471055652, 0.0009456923847697688, -47.304353942470044, -195.4976941479259, 179.85200692436254
flux1:, 1.4358128020747378, 0.24654601185157185, 0.00035204225877373335, -47.26333027646726, -196.4269062799072, 181.04054273696087
flux1:, 1.4367951589453418, 0.25737166254519583, 0.0003720736499083388, -47.156086494671094, -197.26595772817777, 182.16648532344016
flux1:, 1.4377775158159456, 0.270116755850552, 0.001326137268317311, -46.99319643000251, -198.01017672981692, 183.22137542806237
flux1:, 1.4387598726865496, 0.28449534334785803, 0.003619564124353926, -46.78807773738567, -198.65652263585827, 184.1985098413922
flux1:, 1.4397422295571536, 0.30010462157610457, 0.007735100214189834, -46.55561299633647, -199.20439228884817, 185.0936583704707
flux1:, 1.4407245864277576, 0.3164712303923916, 0.014217208238618828, -46.31083567260756, -199.65623789052205, 185.9054309969391
flux1:, 1.4417069432983616, 0.333103976889161, 0.02364838305094538, -46.067853340899376, -200.01790344130885, 186.6352442961522
flux1:, 1.4426893001689653, 0.34954705585867735, 0.03661834749557183, -45.83913101498177, -200.29861483543442, 187.28688878841052
flux1:, 1.4436716570395693, 0.3654278454672354, 0.05368770152802754, -45.63519241644841, -200.51059500239433, 187.86575085387938
flux1:, 1.4446540139101733, 0.3804940138562499, 0.07534822376661632, -45.46472648612117, -200.6683160689418, 188.37778756240658
flux1:, 1.4456363707807773, 0.3946359012439808, 0.10198250827650227, -45.335020846861056, -200.78744084473584, 188.82838466913972
flux1:, 1.4466187276513813, 0.4078918037337712, 0.13382590759953286, -45.25259273962273, -200.883541496478, 189.22124323846293
flux1:, 1.447601084521985, 0.4204356947192635, 0.17093380831733498, -45.223858380004366, -200.97071009056214, 189.55743718206676
flux1:, 1.448583441392589, 0.4325488675995229, 0.21315706983073765, -45.255677693963754, -201.06019075548346, 189.83476307114387
flux1:, 1.449565798263193, 0.44457875736225866, 0.2601280146651933, -45.355633233410934, -201.15916485559129, 190.0474677626071
flux1:, 1.450548155133797, 0.4568896071020037, 0.3112586960791542, -45.53194629015597, -201.2698085796818, 190.18639332989633
flux1:, 1.451530512004401, 0.4698105385481289, 0.3657523334682904, -45.79299320240273, -201.38871802326673, 190.23952836531177
flux1:, 1.4525128688750049, 0.4835868699776717, 0.42262786250228895, -46.14645176618697, -201.50676280362322, 190.19290620944108
flux1:, 1.4534952257456089, 0.49834017366798405, 0.48075657120533544, -46.59817176599741, -201.6093891283081, 190.03174998645946
flux1:, 1.4544775826162128, 0.514041620077308, 0.5389088663522823, -47.15091558614102, -201.67735127375403, 189.741736310777
flux1:, 1.4554599394868168, 0.5305017223846615, 0.5958084153371028, -47.80314703297121, -201.68781097625188, 189.31023733892113
flux1:, 1.4564422963574208, 0.5473778294858479, 0.6501903063166222, -48.54805401554086, -201.61571128780528, 188.72740560683314
flux1:, 1.4574246532280246, 0.5641988088020906, 0.7008595172773849, -49.37297213459076, -201.4353082171055, 187.98698683975633
flux1:, 1.4584070100986286, 0.5804045165174687, 0.7467459151531227, -50.25933364197261, -201.1217320606273, 187.0867797360188
flux1:, 1.4593893669692326, 0.5953960678555511, 0.7869522276554631, -51.1832050655525, -200.65245152753798, 186.02870417075079
flux1:, 1.4603717238398366, 0.6085917602805063, 0.8207919265749392, -52.11640499713564, -200.00852702140398, 184.81848497195017
flux1:, 1.4613540807104406, 0.6194828880683372, 0.8478146919162668, -53.028120521633475, -199.1755629694122, 183.46500178382914
flux1:, 1.4623364375810444, 0.6276836788279702, 0.8678180313137626, -53.88687612579674, -198.14430009339304, 181.97939140336436
flux1:, 1.4633187944516486, 0.6329701780369288, 0.8808446340669741, -54.66266118252436, -196.91082354513463, 180.37401329565552
flux1:, 1.4643011513222524, 0.6353040398727716, 0.8871660612532158, -55.328997573921185, -195.47639817232454, 178.6613992503301
flux1:, 1.4652835081928564, 0.6348387293460572, 0.8872543295606906, -55.86473098467403, -193.84697428411022, 176.8533036361433
flux1:, 1.4662658650634603, 0.6319074376918117, 0.8817437603859347, -56.25535772780211, -192.0324331186629, 174.95995257919424
flux1:, 1.4672482219340643, 0.6269938715875802, 0.871386074429822, -56.49375013670339, -190.0456585770645, 172.98956139676847
flux1:, 1.4682305788046683, 0.620688804241067, 0.8570020713402501, -56.5802111559286, -187.90152949718856, 170.94815375540426
flux1:, 1.4692129356752721, 0.6136366958952015, 0.8394333219985047, -56.52186434110569, -185.61592470441911, 168.83967796748385
flux1:, 1.470195292545876, 0.6064776601586135, 0.8194971196368374, -56.331459666837155, -183.20482223387813, 166.66638034968926
flux1:, 1.47117764941648, 0.5997904765987903, 0.7979475098429789, -56.025739262109795, -180.6835562800209, 164.42936687879052
flux1:, 1.472160006287084, 0.5940421925645138, 0.775444593472535, -55.62355281329293, -178.06627301397657, 162.12926570696115
flux1:, 1.473142363157688, 0.5895491419600294, 0.752533530863886, -55.14393465421437, -175.36560214604913, 159.7668962674767
flux1:, 1.4741247200282919, 0.5864530163415309, 0.7296338404551239, -54.6043512711907, -172.59253771282374, 157.34385598095383
flux1:, 1.4751070768988959, 0.5847140825464341, 0.7070387529125881, -54.01930009037086, -169.75650143454763, 154.86295170483643
flux1:, 1.4760894337694999, 0.5841219129561607, 0.6849236225941577, -53.39939201984602, -166.8655469609496, 152.3284274930186
flux1:, 1.4770717906401039, 0.5843222575777373, 0.6633617713633638, -52.750987773666374, -163.92665452315674, 149.74596946053836
flux1:, 1.4780541475107078, 0.584857117219217, 0.6423456906608705, -52.07638956330209, -160.94606326659888, 147.1224986467557
flux1:, 1.4790365043813116, 0.5852138296114637, 0.6218112835957367, -51.37452386798526, -157.92959242070916, 144.46578987720014
flux1:, 1.4800188612519156, 0.5848781750275586, 0.6016627973714337, -50.6419956695096, -154.88291137924034, 141.78397543432922
flux1:, 1.4810012181225196, 0.5833862170591806, 0.5817962660920781, -49.87435616745237, -151.8117311602268, 139.08500450984553
flux1:, 1.4819835749931236, 0.5803698363013162, 0.5621196261967911, -49.067408654238776, -148.72190377494, 136.37613178476192
flux1:, 1.4829659318637276, 0.5755916539252197, 0.5425681391108312, -48.218382233556035, -145.61942992775036, 133.66350123108847
flux1:, 1.4839482887343314, 0.5689661931107289, 0.5231143068672045, -47.326828876862635, -142.51038756000884, 130.9518757384521
flux1:, 1.4849306456049354, 0.5605655640179381, 0.5037720413949643, -46.39514185048103, -139.40080277877388, 128.24454182175995
flux1:, 1.4859130024755394, 0.550609531363467, 0.4845953934177941, -45.42864678923296, -136.2964899071773, 125.54339448980618
flux1:, 1.4868953593461434, 0.5394413716860772, 0.46567261542286753, -44.435273515106125, -133.2028885270246, 122.84918360339641
flux1:, 1.4878777162167474, 0.5274922956028205, 0.44711668832182705, -43.424869813665346, -130.12492274790426, 120.16188278216383
flux1:, 1.4888600730873511, 0.5152382664354669, 0.4290536597645467, -42.40826126775496, -127.06690225889847, 117.48112760130795
flux1:, 1.4898424299579551, 0.5031536931258017, 0.4116102146009997, -41.39618895575934, -124.03247703794733, 114.80666304730612
flux1:, 1.4908247868285591, 0.491666658807912, 0.3949018300807499, -40.39826653003822, -121.02464910229207, 112.13874152386053
flux1:, 1.4918071436991631, 0.48112006127373813, 0.3790226782316728, -39.422089483170986, -118.04583656302026, 109.47842159408019
flux1:, 1.4927895005697671, 0.47174232962128565, 0.3640381538603133, -38.47260422478231, -115.09797852426038, 106.82773263373625
flux1:, 1.4937718574403709, 0.4636303260505707, 0.34998056388626136, -37.55180687740001, -112.18266479468866, 104.18968944929401
flux1:, 1.4947542143109749, 0.45674575853478483, 0.3368481502427067, -36.65879682243058, -109.30127236309673, 101.56816107125728
flux1:, 1.4957365711815789, 0.45092505381749437, 0.3246072712902037, -35.79016402464846, -106.45509116938894, 98.96761670168293
flux1:, 1.4967189280521829, 0.44590131096660257, 0.3131972680015919, -34.94064794309804, -103.64542457407939, 96.39278680237915
flux1:, 1.4977012849227869, 0.44133580458521643, 0.30253731611434737, -34.103974425588284, -100.87365451515316, 93.84828677235743
flux1:, 1.4986836417933906, 0.436855642799205, 0.2925344297869805, -33.273758926615564, -98.14126688600683, 91.33825358961113
flux1:, 1.4996659986639946, 0.4320936851268507, 0.28309174171669776, -32.444361357641604, -95.44983835255941, 88.8660420800398
flux1:, 1.5006483555345986, 0.42672672718395027, 0.27411623498704085, -31.611589548528702, -92.80099088032091, 86.43401788721341
flux1:, 1.5016307124052026, 0.42050825934307756, 0.26552523025083874, -30.773172479411194, -90.19632403735181, 84.04347023921169
flux1:, 1.5026130692758066, 0.41329276171583645, 0.2572511186459862, -29.92895744760573, -87.63733726681022, 81.69465123670295
flux1:, 1.5035954261464104, 0.40504943093430024, 0.24924405230823826, -29.08082252632747, -85.12535462831926, 79.38693183726755
flux1:, 1.5045777830170146, 0.39586434288199124, 0.2414725352193802, -28.232332101992945, -82.66146309007105, 77.1190501304986
flux1:, 1.5055601398876184, 0.38593122355055937, 0.2339220733224292, -27.3881943354264, -80.24647263681554, 74.88941668501056
flux1:, 1.5065424967582224, 0.37553210958320554, 0.22659222377490812, -26.55360138466375, -77.88090272920535, 72.69643593619786
flux1:, 1.5075248536288264, 0.365010122926916, 0.219492513634314, -25.733543803711, -75.56499558156194, 70.53880230620452
flux1:, 1.5085072104994304, 0.3547372730104266, 0.21263776933647774, -24.93218892222567, -73.29875289589116, 68.41573480017263
flux1:, 1.5094895673700344, 0.3450805761763145, 0.20604340798884402, -24.15240004492956, -71.08198960525411, 66.32712332046526
flux1:, 1.5104719242406381, 0.33636982024160794, 0.19972119414024853, -23.39545122769361, -68.91439620855064, 64.27357246232938
flux1:, 1.5114542811112421, 0.32887001118013454, 0.1936758711361676, -22.660964481931117, -66.79560061479022, 62.25634235143952
flux1:, 1.5124366379818461, 0.32276096052506403, 0.18790294823194084, -21.947066396797823, -64.72522106155968, 60.27719931858508
flux1:, 1.5134189948524501, 0.3181256746680338, 0.18238777934805608, -21.25073326305121, -62.702903455569235, 58.33820019723538
flux1:, 1.5144013517230541, 0.31494827834320177, 0.17710592312756085, -20.568271288770777, -60.728339085439345, 56.441441457386084
flux1:, 1.515383708593658, 0.31312124137334424, 0.17202464187206434, -19.8958639930849, -58.801261671055364, 54.588807455818895
flux1:, 1.516366065464262, 0.31246077687281876, 0.16710529128570237, -19.23011376586294, -56.92142570141661, 52.781750589249604
flux1:, 1.5173484223348659, 0.31272852709605553, 0.1623062822320856, -18.56850902518801, -55.08857056666524, 51.0211304824029
flux1:, 1.5183307792054699, 0.3136571182238249, 0.157586264039743, -17.90976129988754, -53.30237678594858, 49.30713044674723
flux1:, 1.5193131360760739, 0.31497689147702834, 0.1529071860104106, -17.253975802296274, -51.56242146885126, 47.63925860415229
flux1:, 1.5202954929466777, 0.31644112121981255, 0.14823693544486907, -16.602641837834117, -49.86813996396665, 46.01642977250034
flux1:, 1.5212778498172816, 0.3178472991973363, 0.14355131927267958, -15.958452631998021, -48.21879952468702, 44.43711393736148
flux1:, 1.5222602066878856, 0.3190525600220814, 0.1388352427018135, -15.324984873233467, -46.61348896252353, 42.8995291662253
flux1:, 1.5232425635584896, 0.3199819878398069, 0.13408303170160374, -14.706283998292513, -45.05112595277784, 41.40185208298033
flux1:, 1.5242249204290936, 0.3206293049459015, 0.12929793635052594, -14.106410294805313, -43.5304812404983, 39.94241797509016
flux1:, 1.5252072772996974, 0.3210502208132949, 0.12449093015925827, -13.529002526062921, -42.05021679688254, 38.51988521990396
flux1:, 1.5261896341703014, 0.321349437139476, 0.11967897956320091, -12.976910246717964, -40.6089332802971, 37.13334448415551
flux1:, 1.5271719910409054, 0.32166289309337065, 0.11488299363099565, -12.451934422065312, -39.205221162056404, 35.78236118299206
flux1:, 1.5281543479115094, 0.3221372425907841, 0.11012567523486826, -11.954700226807194, -37.83770967983437, 34.4669488404947
flux1:, 1.5291367047821134, 0.32290874994637303, 0.10542948274523756, -11.484668233353892, -36.50510836456273, 33.18748004035273
flux1:, 1.5301190616527172, 0.32408376185120374, 0.10081487931399188, -11.04027295374321, -35.206237130097946, 31.944549431233003
flux1:, 1.5311014185233212, 0.32572267487356066, 0.09629900026497432, -10.61916301189877, -33.94004261709901, 30.738808813048728
flux1:, 1.5320837753939252, 0.3278289012253918, 0.0918948142608674, -10.218506762826502, -32.70560039238179, 29.570797063929007
flux1:, 1.5330661322645291, 0.33034378996002417, 0.08761079723199978, -9.83532195875871, -31.502104456203874, 28.44078735212055
flux1:, 1.5340484891351331, 0.3331478450550258, 0.08345108552639956, -9.466788367567347, -30.328847059617164, 27.348670894571256
flux1:, 1.535030846005737, 0.33606795908838444, 0.07941603130520683, -9.110507632407227, -29.18519289138218, 26.293891016682498
flux1:, 1.536013202876341, 0.3388898122610047, 0.07550305233079717, -8.764684066006797, -28.070552144382688, 25.275434250936915
flux1:, 1.536995559746945, 0.34137412404678297, 0.07170765176633553, -8.428212006798608, -26.98435678681368, 24.29187765614954
flux1:, 1.537977916617549, 0.3432751285620665, 0.06802448152821015, -8.100668125421912, -25.92604360115076, 23.341484436296184
flux1:, 1.538960273488153, 0.3443594984856479, 0.06444833369500048, -7.782218981373841, -24.895046345259846, 22.422334174902986
flux1:, 1.5399426303587567, 0.34442397201796027, 0.06097496586583236, -7.4734637516933144, -23.890797918301015, 21.532470248836386
flux1:, 1.5409249872293607, 0.34331013158275264, 0.05760169477421689, -7.175238353426644, -22.91274188827554, 20.670045624807003
flux1:, 1.5419073440999647, 0.340915115026317, 0.054327724156272024, -6.888409634162423, -21.960351363580603, 19.833449328486655
flux1:, 1.5428897009705687, 0.33719747127625055, 0.05115420419380049, -6.613686920980539, -21.033152143229326, 19.021399149495707
flux1:, 1.5438720578411727, 0.33217785652797954, 0.04808404762339768, -6.351473500654246, -20.13074648334409, 18.23299107891178
flux1:, 1.5448544147117764, 0.32593475510017356, 0.045121549395259676, -6.101773442811157, -19.252833730242347, 17.467701857252987
flux1:, 1.5458367715823806, 0.31859585442827104, 0.04227187107430754, -5.864160702655741, -18.399224482749325, 16.725347043494402
flux1:, 1.5468191284529844, 0.31032606616956704, 0.03954045746562913, -5.637808853558268, -17.569845784114143, 16.006002425206006
flux1:, 1.5478014853235884, 0.30131343515322817, 0.03693245158852323, -5.421572214942575, -16.76473598163728, 15.309900721817149
flux1:, 1.5487838421941924, 0.2917542974972712, 0.034452166245054316, -5.214103442489408, -15.984029172274255, 14.637317930785903
flux1:, 1.5497661990647964, 0.2818390346853051, 0.03210265769450978, -5.013989396879492, -15.227930407192169, 13.988464119129796
flux1:, 1.5507485559354004, 0.2717396308990939, 0.029885431309108854, -4.819886496096324, -14.49668390154323, 13.363392018954048
flux1:, 1.5517309128060042, 0.2615999970460168, 0.027800292544949864, -4.630638614693482, -13.790537262586712, 12.761933733543529
flux1:, 1.5527132696766082, 0.2515297061077382, 0.025845340933453406, -4.4453644446212, -13.109705129909502, 12.183671677806306
flux1:, 1.5536956265472122, 0.24160142550658412, 0.02401709155033532, -4.26350638283499, -12.454335588804103, 11.627945159114578
flux1:, 1.5546779834178162, 0.23185196971987582, 0.02231069855968951, -4.084838663327294, -11.824482297601453, 11.093889382777993
flux1:, 1.5556603402884202, 0.2222865650501385, 0.020720249465093585, -3.9094378184855993, -11.220084534307132, 10.580499723936223
flux1:, 1.556642697159024, 0.21288564782169195, 0.01923909664791824, -3.737622964875277, -10.640956424013819, 10.08671130840274
flux1:, 1.557625054029628, 0.20361332918564365, 0.017860194240892673, -3.569876383048025, -10.086785582031833, 9.611482580436899
flux1:, 1.558607410900232, 0.19442656672232975, 0.0165764126695986, -3.4067561603859704, -9.557140426012236, 9.153871697210564
flux1:, 1.559589767770836, 0.1852840877368822, 0.015380809410084928, -3.248812298521662, -9.05148458701219, 8.713096169108471
flux1:, 1.56057212464144, 0.1761542045879932, 0.014266841715185571, -3.0965158830654445, -8.56919627035463, 8.288568878268636
flux1:, 1.5615544815120437, 0.1670208333326715, 0.01322851437019522, -2.950208072337209, -8.109590132075638, 7.879907042580475
flux1:, 1.5625368383826477, 0.15788725190317465, 0.012260462210802422, -2.8100722798933293, -7.671939255526481, 7.486914368021132
flux1:, 1.5635191952532517, 0.14877738767347473, 0.011357972635297607, -2.6761295186356535, -7.255495107154648, 7.109540065115554
flux1:, 1.5645015521238557, 0.1397346802620442, 0.01051695735760475, -2.548253904338477, -6.859503860606081, 6.7478211711249525
flux1:, 1.5654839089944597, 0.1308187989457251, 0.009733885084527582, -2.4262031339813555, -6.483218122493036, 6.4018164040712
flux1:, 1.5664662658650634, 0.1221006841704211, 0.00900568775251385, -2.3096575611488763, -6.125903780059664, 6.071540407549631
flux1:, 1.5674486227356674, 0.11365651401113935, 0.008329652656171721, -2.198261327745481, -5.786842331832402, 5.756906713278006
flux1:, 1.5684309796062714, 0.10556126046518229, 0.007703311553141163, -2.091659770116497, -5.465329582054977, 5.457686187858338
flux1:, 1.5694133364768754, 0.0978824956774803, 0.0071243359734957015, -1.9895287721961783, -5.160671925200599, 5.173485400773771
flux1:, 1.5703956933474794, 0.09067503988416668, 0.006590445810773346, -1.8915935902189582, -4.872181592041338, 4.903746594277015
flux1:, 1.5713780502180832, 0.0839769220918463, 0.006099336084607794, -1.7976366029100592, -4.599172175530638, 4.647768128414679
flux1:, 1.5723604070886872, 0.07780696666622328, 0.005648624726495554, -1.7074951555146702, -4.340955530330249, 4.404741775545794
flux1:, 1.5733427639592912, 0.07216414197407596, 0.005235822458038173, -1.6210519403892167, -4.096840791083371, 4.173801346683534
flux1:, 1.5743251208298952, 0.06702862948767138, 0.004858324344674414, -1.5382210591599779, -3.8661358401417054, 3.9540760495008906
flux1:, 1.5753074777004992, 0.06236441055174086, 0.004513421407349659, -1.4589330121703648, -3.6481511372673836, 3.7447417920338975
flux1:, 1.576289834571103, 0.05812303772117372, 0.004198329721856419, -1.3831214264472367, -3.442205458388868, 3.545064324589182
flux1:, 1.577272191441707, 0.054248168556254674, 0.003910233686792474, -1.3107135051540422, -3.2476328222322493, 3.3544295148913847
flux1:, 1.578254548312311, 0.050680397607971314, 0.0036463395633502134, -1.2416251463222916, -3.063789739937082, 3.172357954695814
flux1:, 1.579236905182915, 0.0473619276783076, 0.003403934972146426, -1.1757606347052647, -2.890061911866405, 2.998503227225292
flux1:, 1.580219262053519, 0.04424067028071079, 0.0031804497866845314, -1.1130159351624964, -2.725869607467835, 2.8326352397931904
flux1:, 1.5812016189241227, 0.04127344961090934, 0.0029735138213199367, -1.0532840392511598, -2.5706711723579265, 2.6746117863576875
flux1:, 1.5821839757947267, 0.03842809346513403, 0.0027810069135658345, -0.9964606055306269, -2.423964375193699, 2.5243427489700303
flux1:, 1.5831663326653307, 0.03568431601616132, 0.0026010974803523748, -0.9424482871807042, -2.2852855938571817, 2.3817519524721233
flux1:, 1.5841486895359347, 0.03303341851819405, 0.0024322664000414416, -0.8911585947375702, -2.154207105546909, 2.246741620031033
flux1:, 1.5851310464065387, 0.03047694319336194, 0.002273314120633663, -0.8425107877317325, -2.030332954603903, 2.1191636924809516
flux1:, 1.5861134032771425, 0.02802450314646856, 0.002123350166925466, -0.7964279932322945, -1.9132940017352493, 1.998801101095704
flux1:, 1.5870957601477467, 0.025691070391565957, 0.0019817656263321445, -0.7528313778489133, -1.8027427980415522, 1.885360603766796
flux1:, 1.5880781170183504, 0.023494031468818045, 0.0018481906160002898, -0.7116336408938697, -1.6983488792458785, 1.7784772174002976
flux1:, 1.5890604738889544, 0.021450315568993922, 0.0017224400370901788, -0.6727332777076628, -1.5997949538836396, 1.677728811398168
flux1:, 1.5900428307595584, 0.019573866572943435, 0.0016044519695324498, -0.6360109601822066, -1.506774286801664, 1.5826582467309778
flux1:, 1.5910251876301624, 0.01787367354331841, 0.0014942237332502566, -0.6013290230424678, -1.4189893839617276, 1.492799681567054
flux1:, 1.5920075445007664, 0.016352501396599387, 0.0013917508548343276, -0.5685344993397938, -1.3361518947866966, 1.4077053846901322
flux1:, 1.5929899013713702, 0.015006383114467423, 0.0012969738937827389, -0.5374655162903161, -1.2579834894472872, 1.3269696026015951
flux1:, 1.5939722582419742, 0.013824855365228681, 0.00120973731548355, -0.5079602541655099, -1.1842173594457666, 1.250246654046167
flux1:, 1.5949546151125782, 0.012791848465267914, 0.0011297634193107673, -0.4798671906263451, -1.1145999410177068, 1.1772613659624211
flux1:, 1.5959369719831822, 0.01188708542103989, 0.0010566428573444962, -0.4530550810993063, -1.0488924734581648, 1.1078110749384604
flux1:, 1.5969193288537862, 0.011087807601726628, 0.0009898416649711996, -0.4274211069378316, -0.9868720710831936, 1.0417595442672904
flux1:, 1.59790168572439, 0.010370628435612341, 0.000928723138907553, -0.40289585952501994, -0.9283320939120563, 0.9790241440099314
flux1:, 1.598884042594994, 0.009713321200414318, 0.0008725815085049251, -0.3794442813560123, -0.8730817297154383, 0.9195583925544276
flux1:, 1.599866399465598, 0.00909637026051009, 0.0008206832979470412, -0.3570622816807302, -0.820944828851001, 0.8633323856606495
flux1:, 1.600848756336202, 0.008504153121320216, 0.0007723116766009801, -0.3357693902529239, -0.7717581448366099, 0.8103137127182768
flux1:, 1.601831113206806, 0.007925668428317427, 0.000726808997774618, -0.315598407528292, -0.7253692133844996, 0.7604511972505099
flux1:, 1.6028134700774097, 0.007354777003848612, 0.000683613131041706, -0.2965834622426519, -0.6816341417955675, 0.7136632586972292
flux1:, 1.6037958269480137, 0.006789973712559968, 0.0006422840429260783, -0.27874812986661646, -0.6404155768186613, 0.6698319653762324
flux1:, 1.6047781838186177, 0.0062337524912061525, 0.0006025182697536776, -0.2620952632470042, -0.6015810762174583, 0.6288030415738933
flux1:, 1.6057605406892217, 0.005691661411525234, 0.0005641503146929419, -0.24659994257455503, -0.5650020365222255, 0.5903913143174213
flux1:, 1.6067428975598257, 0.005171166626942656, 0.0005271414303511398, -0.23220650460999595, -0.5305532394948009, 0.5543904347217322
flux1:, 1.6077252544304295, 0.004680452405619925, 0.0004915575614930696, -0.21883002922807204, -0.4981129869343458, 0.5205852583274713
flux1:, 1.6087076113010335, 0.004227279536286194, 0.00045753928105428523, -0.20636203165883754, -0.4675637111955718, 0.48876506058441216
flux1:, 1.6096899681716375, 0.003818007853567504, 0.0004252672521047282, -0.1946795233824342, -0.4387928883118342, 0.4587358052462114
flux1:, 1.6106723250422414, 0.0034568631187489106, 0.0003949270289383714, -0.18365614695087845, -0.4116940491343515, 0.4303299498364964
flux1:, 1.6116546819128454, 0.003145497320225379, 0.0003666768617977756, -0.17317382313586757, -0.386167684030867, 0.40341271149025354
flux1:, 1.6126370387834492, 0.0028828582070139753, 0.00034062163037010176, -0.16313330663255807, -0.36212186635967714, 0.37788425818958826
flux1:, 1.6136193956540532, 0.002665352012295871, 0.00031679518163878315, -0.1534622298887009, -0.3394724730203675, 0.35367785685232833
flux1:, 1.6146017525246572, 0.0024872558915919655, 0.0002951522993002644, -0.14411959197161192, -0.31814294782995145, 0.33075452605124656
flux1:, 1.6155841093952612, 0.0023413159148816605, 0.000275570412650171, -0.13509616250681353, -0.29806362477812803, 0.30909514492217816
flux1:, 1.6165664662658652, 0.00221945396136317, 0.0002578600915182786, -0.1264108438494782, -0.2791706929904908, 0.28869121816358806
flux1:, 1.617548823136469, 0.0021135030749189943, 0.00024178248554964106, -0.11810358584185393, -0.26140493466802855, 0.26953557056897465
flux1:, 1.618531180007073, 0.0020158953439629746, 0.00022707123968385002, -0.11022590052832094, -0.24471039525765148, 0.25161414803850646
flux1:, 1.619513536877677, 0.0019202379794963276, 0.0002134561068281622, -0.10283031911287539, -0.2290331489305913, 0.23489986187340106
flux1:, 1.620495893748281, 0.0018217301891296682, 0.00020068549807018452, -0.0959602344997575, -0.21432030293235654, 0.21934907218672953
flux1:, 1.621478250618885, 0.0017173935248725742, 0.0001885455364204195, -0.0896414725641458, -0.20051934557324447, 0.2049009168580473
flux1:, 1.6224606074894887, 0.0016061093419144621, 0.0001768737546981594, -0.08387665476772892, -0.18757789105489633, 0.19147930899518478
flux1:, 1.6234429643600927, 0.0014884766862716906, 0.00016556631975907417, -0.07864299910213383, -0.1754438178760925, 0.1789970974853905
flux1:, 1.6244253212306967, 0.0013665204957698743, 0.00015457847811387862, -0.0738937178490434, -0.16406574435059587, 0.16736164987057026
flux1:, 1.6254076781013007, 0.0012432920925987158, 0.0001439187047219988, -0.06956267921589351, -0.15339374199796432, 0.1564809971944254
flux1:, 1.6263900349719047, 0.0011224107763519822, 0.00013363770963984435, -0.06557157304803977, -0.1433801605785698, 0.14626968245064392
flux1:, 1.6273723918425085, 0.0010075966991278085, 0.00012381394776107607, -0.061838514380180926, -0.13398043019561126, 0.13665356732111003
flux1:, 1.6283547487131127, 0.0009022414842793736, 0.00011453754244010063, -0.058286869486223025, -0.12515371631658154, 0.12757305196913604
flux1:, 1.6293371055837165, 0.0008090550754713393, 0.0001058945606956591, -0.054853111016676746, -0.11686333032990265, 0.11898441635789887
flux1:, 1.6303194624543205, 0.00072981625590309, 9.79533808761993e-05, -0.051492691380231305, -0.10907683681354831, 0.1108592613300704
flux1:, 1.6313018193249245, 0.0006652415376794392, 9.075451285744288e-05, -0.04818323477142772, -0.10176584317059055, 0.10318227700504094
flux1:, 1.6322841761955285, 0.0006149741072501363, 8.43047241367117e-05, -0.04492474002410688, -0.09490550133501899, 0.09594776417227463
flux1:, 1.6332665330661325, 0.0005776825388146351, 7.857576095553704e-05, -0.041736901834820754, -0.0884737889450066, 0.08915545981339447
flux1:, 1.6342488899367362, 0.0005512491420087951, 7.350740167311573e-05, -0.03865403934094558, -0.08245066400431614, 0.08280626053185769
flux1:, 1.6352312468073402, 0.0005330208685737822, 6.901410310787471e-05, -0.03571841843256335, -0.07681719964704575, 0.07689839905128475
flux1:, 1.6362136036779442, 0.0005200920799259649, 6.499414884458861e-05, -0.032972931245391725, -0.07155480329766623, 0.07142452112742158
flux1:, 1.6371959605485482, 0.0005095882205360061, 6.134001252271781e-05, -0.030454134955922484, -0.06664460843254237, 0.06636995329504428
flux1:, 1.6381783174191522, 0.0004989222598599245, 5.7948619153887355e-05, -0.028186553912431998, -0.06206710023621708, 0.06171227066146577
flux1:, 1.639160674289756, 0.00048600109034106315, 5.4730313551544564e-05, -0.02617893444843949, -0.057802002908043076, 0.05742209433688366
flux1:, 1.64014303116036, 0.00046936613848362846, 5.161559945749835e-05, -0.024422845402830635, -0.05382842104593878, 0.05346489350448988
flux1:, 1.641125388030964, 0.0004482603977476064, 4.8559055474034126e-05, -0.022893683652918596, -0.05012519519393236, 0.049803455715143476
flux1:, 1.642107744901568, 0.0004226220584259918, 4.554021690729123e-05, -0.021553819840967863, -0.04667140638098333, 0.046400631634421284
flux1:, 1.643090101772172, 0.0003930121044480585, 4.2561587632917154e-05, -0.020357348136823803, -0.0434469492029419, 0.043221960004110785
flux1:, 1.6440724586427757, 0.00036048903522848704, 3.96442695528514e-05, -0.019255719061871623, -0.040433089113326666, 0.04023783009401765
flux1:, 1.6450548155133797, 0.00032644781690155964, 3.682193523543836e-05, -0.01820345628179882, -0.03761292690602572, 0.03742493106711608
flux1:, 1.6460371723839837, 0.00029244205956505, 3.4134000966069966e-05, -0.017163191513307523, -0.034971710247030365, 0.034766854734974026
flux1:, 1.6470195292545877, 0.0002600082662647087, 3.1618876087801434e-05, -0.016109385616723388, -0.03249695574347958, 0.03225384248614467
flux1:, 1.6480018861251917, 0.00023050901623306285, 2.9308077571988917e-05, -0.015030314900356723, -0.030178371921050884, 0.02988178164704957
flux1:, 1.6489842429957955, 0.00020500850006264173, 2.7221825569649673e-05, -0.013928156921004926, -0.028007599909843615, 0.02765064688731535
flux1:, 1.6499665998663995, 0.0001841893965110146, 2.5366504264325897e-05, -0.012817272804216169, -0.025977811209379434, 0.025562638652240427
flux1:, 1.6509489567370035, 0.00016831519814146487, 2.373411527854704e-05, -0.011721017613928167, -0.024083217938674427, 0.02362028850170548
flux1:, 1.6519313136076075, 0.00015723727785394082, 2.2303601105603715e-05, -0.010667586758837982, -0.022318558829294677, 0.021824781660418856
flux1:, 1.6529136704782115, 0.00015044170505127717, 2.1043702814138333e-05, -0.009685504580972878, -0.02067862341520423, 0.02017469593262656
flux1:, 1.6538960273488152, 0.0001471274358306743, 1.9916862019022193e-05, -0.00879937262925927, -0.019157868097907156, 0.018665282984471086
flux1:, 1.6548783842194192, 0.00014630525949860354, 1.888359526441164e-05, -0.008026423363171158, -0.01775016268933364, 0.017288334519775173
flux1:, 1.6558607410900232, 0.00014690589171667017, 1.7906763121216857e-05, -0.007374284802680059, -0.016448687032994774, 0.016032594103729553
flux1:, 1.6568430979606272, 0.00014788583783101528, 1.6955220616081643e-05, -0.006840175895936421, -0.015245977091648011, 0.014884606081833068
flux1:, 1.6578254548312312, 0.0001483209664082198, 1.600645628323604e-05, -0.0064115487801737325, -0.014134101149784873, 0.013829844361056437
flux1:, 1.658807811701835, 0.00014747989895163045, 1.5047984754267529e-05, -0.006068001012799433, -0.013104931814657035, 0.012853940468465023
flux1:, 1.659790168572439, 0.00014487204363056042, 1.4077430154403704e-05, -0.005784123420392365, -0.012150469960530005, 0.01194383319005385
flux1:, 1.660772525443043, 0.00014026805976281856, 1.310140255672615e-05, -0.0055328462551646855, -0.011263173480697431, 0.01108868854583264
flux1:, 1.661754882313647, 0.0001336934251773176, 1.2133408024177393e-05, -0.005288808170538874, -0.01043624665659853, 0.010280483282126301
flux1:, 1.662737239184251, 0.00012539831755990275, 1.1191129888601634e-05, -0.00503130008507492, -0.009663854291230033, 0.009514199943335225
flux1:, 1.6637195960548548, 0.00011580900107006593, 1.0293466626086723e-05, -0.004746421396609118, -0.008941237021525668, 0.00878763865610562
flux1:, 1.6647019529254587, 0.00010546719365542648, 9.457708421618608e-06, -0.004428214077980061, -0.008264718562919935, 0.008100902170997765
flux1:, 1.6656843097960627, 9.496442233694113e-05, 8.697185013750046e-06, -0.004078691067475497, -0.0076316100643766, 0.007455650045065991
flux1:, 1.6666666666666667, 8.487817550752431e-05, 8.019631607477623e-06, -0.0037068274264167775, -0.007040029419110321, 0.006854240867832926
