flux1:, 1.1764705882352942, 2.8468810892128553e-05, 9.870410843498807e-07, -0.001955338278496737, -0.005400914041394472, 0.005223936385331514
flux1:, 1.1774529451058982, 5.330083824524304e-05, 1.854581059361562e-06, -0.0021374294967369425, -0.005796171493922402, 0.005657116434807574
flux1:, 1.1784353019765021, 3.4865838363529503e-05, 1.13701347072917e-06, -0.0022848556067687287, -0.006276948405658243, 0.006072769237480849
flux1:, 1.179417658847106, 6.198437429083127e-05, 2.030131823833716e-06, -0.0024952309014121114, -0.006734243014095719, 0.006569972379680595
flux1:, 1.18040001571771, 4.219683562857019e-05, 1.3100185288354886e-06, -0.002665927218709805, -0.007286600601407728, 0.007050007603692846
flux1:, 1.181382372588314, 7.129602584591076e-05, 2.2508452090188474e-06, -0.0029087114873990404, -0.007814872401588959, 0.00762011072650482
flux1:, 1.182364729458918, 5.04305460370937e-05, 1.517856110373581e-06, -0.0031061866511251615, -0.008448791990105602, 0.008173638090225551
flux1:, 1.183347086329522, 8.107321423766273e-05, 2.5299806667082185e-06, -0.003386117365916888, -0.009058215341493713, 0.008826748041832309
flux1:, 1.1843294432001257, 5.948639503133324e-05, 1.77288176707609e-06, -0.00361440256453306, -0.009785027415200832, 0.009464135356739296
flux1:, 1.1853118000707297, 9.111784599749645e-05, 2.8810933611424525e-06, -0.003936906915424438, -0.01048711583368483, 0.010211719606275732
flux1:, 1.1862941569413337, 6.923789614517514e-05, 2.0887109669958297e-06, -0.004200621540515651, -0.011319637908672643, 0.010944740567246258
flux1:, 1.1872765138119377, 0.00010121461202539922, 3.3197211765260683e-06, -0.004571878575779179, -0.012127389263038496, 0.011799773072630316
flux1:, 1.1882588706825417, 7.952422159615684e-05, 2.4813977738971052e-06, -0.0048763000979500926, -0.01308003602365035, 0.012641715422790654
flux1:, 1.1892412275531457, 0.00011115395420235373, 3.865430755941893e-06, -0.005303315766735356, -0.014008208900038946, 0.013618966210195623
flux1:, 1.1902235844237494, 9.016771075622247e-05, 2.9712821466057913e-06, -0.005654439212501281, -0.01509711609654756, 0.014584777740478536
flux1:, 1.1912059412943534, 0.0001207543993306366, 4.54467380049816e-06, -0.006145133112189501, -0.01616211676054399, 0.015700703355924585
flux1:, 1.1921882981649574, 0.00010099336834027796, 3.5859863696136106e-06, -0.006549768016239363, -0.01740578399036157, 0.016807605232903165
flux1:, 1.1931706550355614, 0.00012987939289570494, 5.395156981528795e-06, -0.007113016335242562, -0.01862608794710044, 0.018080828361189044
flux1:, 1.1941530119061654, 0.00011184605354366756, 4.3654420015853455e-06, -0.0075788302394882556, -0.020044253432622762, 0.01934725071876103
flux1:, 1.1951353687767692, 0.00013844596194217962, 6.47284666644077e-06, -0.00822454886329955, -0.021440916295591535, 0.02079888639642608
flux1:, 1.1961177256473732, 0.00012260248770664772, 5.370504261596618e-06, -0.008760193328523154, -0.023057420043912435, 0.022247163192390295
flux1:, 1.1971000825179772, 0.00014642540108509224, 7.863516610889474e-06, -0.00949942742942549, -0.024653402345157366, 0.02390032422014084
flux1:, 1.1980824393885812, 0.00013317743679930381, 6.698023462598724e-06, -0.010114571177952765, -0.026492349065939686, 0.02555315105030878
flux1:, 1.1990647962591852, 0.0001538390544009372, 9.701979894524725e-06, -0.010959550101642263, -0.028313629022112347, 0.027433945947145783
flux1:, 1.200047153129789, 0.00014352659102199, 8.507350497482532e-06, -0.011665075594126068, -0.0304036793656355, 0.029318371055286143
flux1:, 1.201029510000393, 0.00016075581182231464, 1.2203316773419561e-05, -0.012629392136694189, -0.03247921363496025, 0.03145600169091501
flux1:, 1.202011866870997, 0.00015365345186216527, 1.1065630138095322e-05, -0.013437534694990044, -0.03485152112625266, 0.03360165527846426
flux1:, 1.202994223741601, 0.000167302962932525, 1.5707636624097206e-05, -0.01453627085939133, -0.03721300032991691, 0.03602821188641618
flux1:, 1.203976580612205, 0.00016363667657437394, 1.4815056567572449e-05, -0.015460951466115163, -0.03990144919118069, 0.038467886821498175
flux1:, 1.2049589374828087, 0.00017371319252497373, 2.0714878912796003e-05, -0.0167111764269475, -0.04258337125776325, 0.0412191598589515
flux1:, 1.2059412943534127, 0.00017371235873203742, 2.0420996135221894e-05, -0.017768759552999423, -0.04562419573328934, 0.04398912618703003
flux1:, 1.2069236512240167, 0.0001804398264076361, 2.7774096235977e-05, -0.019190355952136133, -0.048662451908020134, 0.047104151084091286
flux1:, 1.2079060080946207, 0.00018444716174045959, 2.856284967022559e-05, -0.02040098940184037, -0.05209317066805541, 0.05024456514674259
flux1:, 1.2088883649652247, 0.00018829766916429768, 3.679661309496532e-05, -0.022018421218335974, -0.055524793604173776, 0.05376710480142229
flux1:, 1.2098707218358287, 0.00019684401121336582, 3.8827272985476834e-05, -0.023407173511342323, -0.05938539398338416, 0.057322901302392835
flux1:, 1.2108530787064324, 0.0001981810985564103, 4.5472764928506727e-05, -0.025249216962091522, -0.06325204251129556, 0.06130176505473746
flux1:, 1.2118354355770364, 0.00021162278282475192, 4.793046420452156e-05, -0.026841512296042848, -0.06759441115726207, 0.06532351468527757
flux1:, 1.2128177924476404, 0.0002097863024929176, 4.9443744874462404e-05, -0.028934042306531123, -0.07195539533668063, 0.06981389289500123
flux1:, 1.2138001493182444, 0.00022776486121423476, 5.168300896383506e-05, -0.030746620682138664, -0.07685291903013634, 0.07435830827522646
flux1:, 1.2147825061888484, 0.00022132874614838333, 4.751686388518063e-05, -0.033109268890872255, -0.08178374388136071, 0.0794209333300553
flux1:, 1.2157648630594522, 0.00024344217739538223, 5.0462497028416755e-05, -0.03515690131461616, -0.08731433476511408, 0.0845492829578208
flux1:, 1.2167472199300562, 0.0002317965158450467, 4.313191038727106e-05, -0.037814671668537664, -0.09288634009009127, 0.090249186778812
flux1:, 1.2177295768006602, 0.0002582007082024743, 4.771681106673657e-05, -0.0401223800917992, -0.09911924250151101, 0.09602721431303922
flux1:, 1.2187119336712642, 0.00024160138049397626, 3.9357652480208903e-05, -0.043109680894848804, -0.10539990301601869, 0.10243510775600081
flux1:, 1.2196942905418682, 0.0002726158276534597, 4.567720893050307e-05, -0.045710650715624315, -0.11240629040046712, 0.1089356175364333
flux1:, 1.220676647412472, 0.00025146283364871385, 3.7168604714219665e-05, -0.04906687700615071, -0.11946973295660678, 0.11612996280232504
flux1:, 1.221659004283076, 0.00028731335560592473, 4.49966620178693e-05, -0.051998009049842815, -0.12732962809076145, 0.1234332703328744
flux1:, 1.22264136115368, 0.00026188510492691894, 3.653889155088477e-05, -0.055765500767368935, -0.13525919531986474, 0.13150012513300627
flux1:, 1.223623718024284, 0.00030271655987297553, 4.5702895051923884e-05, -0.05906634585508037, -0.14406264410663536, 0.1396944681834824
flux1:, 1.224606074894888, 0.0002731734187642309, 3.725158824828839e-05, -0.06329049261766896, -0.152951371671298, 0.1487282943958987
flux1:, 1.2255884317654917, 0.00031910083241028713, 4.7723313535228254e-05, -0.06700357248569118, -0.16279833959754023, 0.15791041764577274
flux1:, 1.2265707886360957, 0.0002855274135561901, 3.916264153638451e-05, -0.07173333074250181, -0.17274882906562078, 0.16801453126024576
flux1:, 1.2275531455066997, 0.0003366640929139044, 5.106445975558526e-05, -0.07590461521151949, -0.1837492356618052, 0.1782901888332549
flux1:, 1.2285355023773037, 0.0002990977474405797, 4.226393725383441e-05, -0.08119294942617306, -0.19487398471107858, 0.18957735789853353
flux1:, 1.2295178592479077, 0.00035556457866901743, 5.58845988377993e-05, -0.08587222831995739, -0.20714814118213112, 0.20106195554589557
flux1:, 1.2305002161185117, 0.00031400995069398775, 4.671993355833717e-05, -0.09177637291774005, -0.21957015543348588, 0.21365508241201694
flux1:, 1.2314825729891155, 0.0003759331253228581, 6.25793913395351e-05, -0.09701747977992325, -0.23324944400329814, 0.2264743819428008
flux1:, 1.2324649298597194, 0.00033036809063527586, 5.295618535469507e-05, -0.10359904398856448, -0.24710308917590612, 0.2405072396655673
flux1:, 1.2334472867303234, 0.0003978665516841308, 7.197234693903491e-05, -0.10945990050724859, -0.2623308898427367, 0.2547981224911902
flux1:, 1.2344296436009274, 0.00034824326205130154, 6.189655725978327e-05, -0.11678466867516754, -0.2777630418231531, 0.27041618047835075
flux1:, 1.2354120004715314, 0.0004214021803383346, 8.579636814901647e-05, -0.12332696204581105, -0.29469594675679883, 0.28632754238067537
flux1:, 1.2363943573421352, 0.0003676500678456613, 7.561821424804241e-05, -0.1314640240467382, -0.3118675525773666, 0.30368897486783664
flux1:, 1.2373767142127392, 0.00044648119835487304, 0.00010804167433838478, -0.13875212013360175, -0.3306768302451071, 0.32138288552821553
flux1:, 1.2383590710833432, 0.00038856125992037374, 9.936534303622327e-05, -0.14777162732107987, -0.3497644684587846, 0.3406599911977188
flux1:, 1.2393414279539472, 0.0004730700093482093, 0.00014918875685550226, -0.15587083037203542, -0.37063527661526996, 0.36031344907107477
flux1:, 1.2403237848245512, 0.0004115478885540702, 0.0001483707306400088, -0.16584294441284667, -0.3918232032205911, 0.38169461605320576
flux1:, 1.241306141695155, 0.0005035317331595047, 0.00023808442545893323, -0.1748369535761293, -0.4149159919971251, 0.4034999238563837
flux1:, 1.242288498565759, 0.0004451074866392906, 0.00025800823440145707, -0.18591583884666105, -0.43825722594461547, 0.42717860561937776
flux1:, 1.243270855436363, 0.0005618841640740464, 0.0003591342217530074, -0.19618769597443517, -0.4633861732307722, 0.4512917374071369
flux1:, 1.244253212306967, 0.0005150361280629066, 0.00027584930258454563, -0.2089132996823007, -0.48870126420457266, 0.47738360855475614
flux1:, 1.245235569177571, 0.0006370560458169934, 0.00019644079917285814, -0.22042328534625438, -0.5166039215455354, 0.5040028174092054
flux1:, 1.2462179260481747, 0.0005580512027697702, 0.00012982692215928083, -0.2341270063461175, -0.5451820148970012, 0.5328729597745248
flux1:, 1.2472002829187787, 0.0006771200983128711, 9.189073645008106e-05, -0.24650777458345785, -0.5763742295314841, 0.5623482467405602
flux1:, 1.2481826397893827, 0.0005908362384924756, 8.350164518612089e-05, -0.2615021229524771, -0.6080044727118588, 0.5942325215174432
flux1:, 1.2491649966599867, 0.0007199660870096432, 7.042992249469883e-05, -0.27515417759442823, -0.6423718105311053, 0.6267671035755389
flux1:, 1.2501473535305907, 0.0006306121855301454, 7.451780929833686e-05, -0.29167531523563917, -0.6772086253125358, 0.6619043371223051
flux1:, 1.2511297104011945, 0.0007705773436461489, 6.99171255000784e-05, -0.3067550976509846, -0.7150128453296408, 0.6977581486147387
flux1:, 1.2521120672717985, 0.0006774787694702524, 7.626935325842811e-05, -0.32494006516732926, -0.753344544870013, 0.7364282413213571
flux1:, 1.2530944241424025, 0.0008286064881986931, 7.563255487072448e-05, -0.34157265025297145, -0.7948943502188183, 0.7758887803698371
flux1:, 1.2540767810130065, 0.0007311482971293993, 8.20657007699554e-05, -0.36155750938851283, -0.8370304959472065, 0.8183942578510511
flux1:, 1.2550591378836105, 0.0008940369462467191, 8.384672825940713e-05, -0.37987257059757457, -0.8826521725206041, 0.8617698043191183
flux1:, 1.2560414947542144, 0.0007917964931451303, 8.99194783609736e-05, -0.4018020932582065, -0.9289194846953057, 0.9084338532420759
flux1:, 1.2570238516248182, 0.0009672324117594044, 9.344980030970828e-05, -0.42193759497187733, -0.9789580068917482, 0.9560532223574727
flux1:, 1.2580062084954222, 0.0008598922509910227, 9.915519100354295e-05, -0.44596594097427517, -1.0297024810524702, 1.007220069124961
flux1:, 1.2589885653660262, 0.0010487961379020674, 0.00010409201491174791, -0.46806846951927156, -1.084523554636739, 1.0594332088738596
flux1:, 1.2599709222366302, 0.0009360937282735804, 0.0001095377679827756, -0.49435912242412927, -1.140112128274277, 1.1154687961200702
flux1:, 1.2609532791072342, 0.0011394997268857558, 0.00011568351368544892, -0.5185838870165423, -1.2001036855375855, 1.1726474787111805
flux1:, 1.261935635977838, 0.0010212035860241398, 0.00012100457498155959, -0.5473095932518787, -1.260925446502836, 1.2339401711909301
flux1:, 1.262917992848442, 0.001240253292644857, 0.0001282363637981402, -0.5738203972638939, -1.3264987944707634, 1.2964786826492634
flux1:, 1.263900349719046, 0.0011161524246607046, 0.0001335704327984459, -0.6051631294669709, -1.3929659361959743, 1.3634399436429718
flux1:, 1.26488270658965, 0.00135209550728989, 0.00014180848575536672, -0.6341323302156338, -1.4645567065726952, 1.4317557174482523
flux1:, 1.265865063460254, 0.0012219955902992039, 0.0001472902480711336, -0.6682832426099696, -1.5371053279890161, 1.5048207248496146
flux1:, 1.266847420330858, 0.001476193610222578, 0.00015648220405049544, -0.699891688827412, -1.6151743044230107, 1.5793549194081329
flux1:, 1.2678297772014617, 0.001339917041117461, 0.00016224328915288275, -0.7370510740009855, -1.6942651156719435, 1.6589831285598262
flux1:, 1.2688121340720657, 0.0016138489868599143, 0.00017235587860620324, -0.7714880354551511, -1.77929898679317, 1.7402011453544215
flux1:, 1.2697944909426697, 0.0014712373988769853, 0.00017852643410735377, -0.8118652438871317, -1.8654179407676728, 1.8268767910168229
flux1:, 1.2707768478132737, 0.0017665062602946545, 0.0001895409238360752, -0.849328281225624, -1.957929981616291, 1.9152687273280427
flux1:, 1.2717592046838777, 0.001617424842617461, 0.00019625149993337577, -0.8931415868799965, -2.051588829043968, 2.0095012584850105
flux1:, 1.2727415615544815, 0.0019357648724674054, 0.000208161242072242, -0.9338363564863987, -2.152119516755646, 2.1055822840263363
flux1:, 1.2737239184250855, 0.0017801082953158986, 0.00021554454959445057, -0.9813127466005658, -2.2538562906425663, 2.2079067194153543
flux1:, 1.2747062752956895, 0.0021233929221557367, 0.00022835382252717407, -1.0254527326279463, -2.3629738544025973, 2.3122173688475076
flux1:, 1.2756886321662935, 0.001961092827835477, 0.0002365462984368625, -1.076827642687139, -2.4733532771541955, 2.423194568382041
flux1:, 1.2766709890368975, 0.00233134310413867, 0.000250270007137172, -1.124633840126737, -2.5916541801809654, 2.536300942075002
flux1:, 1.2776533459075012, 0.0021623771136908836, 0.00025941317121256155, -1.1801508307449076, -2.711267992917835, 2.656517788228021
flux1:, 1.2786357027781052, 0.002561770668376266, 0.0002740771449912576, -1.2318513482126634, -2.839377346472524, 2.7790116585659246
flux1:, 1.2796180596487092, 0.0023861731601543265, 0.00028431878012698096, -1.2917616991462992, -2.9688445560651435, 2.9090811455855907
flux1:, 1.2806004165193132, 0.002817053809268635, 0.0002999605514809584, -1.3475912837323014, -3.107416460828229, 3.04157996458654
flux1:, 1.2815827733899172, 0.0026349285922543987, 0.00031145576578287134, -1.4121535117453712, -3.2473835005763196, 3.1821411899435983
flux1:, 1.282565130260521, 0.003099816550036953, 0.00032812573070849026, -1.4723529810448988, -3.3971013146264313, 3.3252879894017227
flux1:, 1.283547487131125, 0.002911351701450221, 0.00034103790205083126, -1.5418322514190541, -3.548242111916939, 3.477006040184747
flux1:, 1.284529844001729, 0.003412954625780471, 0.00035880082988498375, -1.606647832040463, -3.7098186397694577, 3.6314692183710426
flux1:, 1.285512200872333, 0.003218439836836784, 0.00037330249174235625, -1.6813153235507776, -3.872834588261277, 3.7950349486617356
flux1:, 1.286494557742937, 0.0037596647270406445, 0.0003922393200470108, -1.7509979433315663, -4.047012192434345, 3.961507940749092
flux1:, 1.2874769146135407, 0.0035595114208643508, 0.00040851296005075237, -1.8311301277583367, -4.222632024850568, 4.1376376401297525
flux1:, 1.2884592714841447, 0.00414347758588126, 0.00042872289431730763, -1.9059345911598333, -4.4101826582929995, 4.316838471221304
flux1:, 1.2894416283547487, 0.003938242451539908, 0.0004469617305340228, -1.9918123970293042, -4.599162216560494, 4.506273423476878
flux1:, 1.2904239852253527, 0.004568295941348941, 0.00046856461130981053, -2.0719964464299503, -4.800887376053639, 4.698944141208513
flux1:, 1.2914063420959567, 0.00435870827658476, 0.000488973293342304, -2.1639043375675753, -5.004009275128436, 4.902450072098152
flux1:, 1.2923886989665605, 0.00503843780257545, 0.000512112238437831, -2.249727652663829, -5.220739876493776, 5.1093560568833
flux1:, 1.2933710558371645, 0.004825431395108532, 0.000534907538269317, -2.3479526469210783, -5.4388130599757405, 5.32772246976009
flux1:, 1.2943534127077685, 0.005558686358350741, 0.0005597518620430686, -2.439675754123144, -5.671409237024773, 5.549651620112159
flux1:, 1.2953357695783725, 0.0053434367462538625, 0.0005851633007419454, -2.5445063489640125, -5.905268420577521, 5.7836910214339765
flux1:, 1.2963181264489765, 0.006134347726960125, 0.0006119116929322013, -2.6423894373645305, -6.154619249295244, 6.021452816083276
flux1:, 1.2973004833195805, 0.005918315807482854, 0.0006401821200330754, -2.75411445550478, -6.40512424705304, 6.271999836026873
flux1:, 1.2982828401901843, 0.006771318156703973, 0.0006690661056819844, -2.8584161109910338, -6.672147396604216, 6.5264242759748985
flux1:, 1.2992651970607882, 0.006556301397655134, 0.0007004522301504672, -2.97732347640846, -6.9401823303215675, 6.7943346881675275
flux1:, 1.3002475539313922, 0.007476162718428981, 0.0007317399066219185, -3.0882993344883887, -7.22582365161477, 7.066271119880179
flux1:, 1.3012299108019962, 0.007264355567561896, 0.0007665127512716423, -3.214674778506314, -7.512296041665253, 7.352420767414039
flux1:, 1.3022122676726002, 0.008256207908365966, 0.0008005128033855196, -3.3325761118316968, -7.817529096583464, 7.642736592429473
flux1:, 1.303194624543204, 0.008050273183960482, 0.0008389580792292922, -3.466701839034352, -8.12336882803104, 7.948020230851812
flux1:, 1.304176981413808, 0.009119651411368244, 0.0008760240847476962, -3.591774085113101, -8.449194366398041, 8.257599511093431
flux1:, 1.305159338284412, 0.008922805432189674, 0.0009184424583357802, -3.7339273786418166, -8.77535252832681, 8.582929580507166
flux1:, 1.306141695155016, 0.01007569293612159, 0.000958977471167118, -3.866408596271133, -9.122797923262194, 8.912671542576982
flux1:, 1.30712405202562, 0.009891806965278327, 0.0010056847032856022, -4.016860383669523, -9.470245513965832, 9.25897688333026
flux1:, 1.308106408896224, 0.01113469104386587, 0.0010501461453752304, -4.156979654188457, -9.840364162330745, 9.609794340889355
flux1:, 1.3090887657668278, 0.01096841359252533, 0.0011014730695129635, -4.315993036859605, -10.210090652291953, 9.978018874617806
flux1:, 1.3100711226374318, 0.012308352747263931, 0.0011503778936763453, -4.463968829337142, -10.603961354939974, 10.35083656988796
flux1:, 1.3110534795080357, 0.012165257377219579, 0.0012066701762391502, -4.631797613600822, -10.996973101779, 10.741937960735246
flux1:, 1.3120358363786397, 0.01360996385016753, 0.0012606003399050546, -4.787836110312957, -11.415699440435274, 11.137690851917931
flux1:, 1.3130181932492437, 0.013496729048263972, 0.0013222180001050494, -4.964723322126151, -11.833017941973932, 11.552639188250932
flux1:, 1.3140005501198475, 0.015054671245023944, 0.0013818262424960392, -5.1290167282854355, -12.277727667074284, 11.972270700656319
flux1:, 1.3149829069904515, 0.014979301415581599, 0.0014491428565714553, -5.315193151970875, -12.720387640839405, 12.412047231354434
flux1:, 1.3159652638610555, 0.016659830862279918, 0.0015151587890880806, -5.487917971842453, -13.19223210223625, 12.856507499908211
flux1:, 1.3169476207316595, 0.016631929413089604, 0.0015885602827855408, -5.683600681910354, -13.661279371546085, 13.322103465675387
flux1:, 1.3179299776022635, 0.01844544136641938, 0.0016617967857954566, -5.864915961543835, -14.16143300796989, 13.792347601535685
flux1:, 1.3189123344728673, 0.018476550858975115, 0.0017416797227255004, -6.070306902590847, -14.65792216593828, 14.284763229253107
flux1:, 1.3198946913434713, 0.02043468729360686, 0.0018230397161194615, -6.260352498493242, -15.187582101637423, 14.781749649354127
flux1:, 1.3208770482140753, 0.020538717899630576, 0.0019098089586271946, -6.475637116629931, -15.712573933956095, 15.301993370865983
flux1:, 1.3218594050846793, 0.022654627519686447, 0.0020002925497009656, -6.674531928502014, -16.27295972642757, 15.826682237814117
flux1:, 1.3228417619552832, 0.022848400714191804, 0.002094358109325418, -6.899877851670235, -16.82751834516201, 16.375770228450317
flux1:, 1.323824118825887, 0.025137075278520948, 0.002195070206409275, -7.10771806823079, -17.4198719475189, 16.92912207208572
flux1:, 1.324806475696491, 0.025441021975120284, 0.002296843084030062, -7.343273862268598, -18.005061592940326, 17.508078235718997
flux1:, 1.325788832567095, 0.02791973594094415, 0.002409001581215128, -7.560131171493843, -18.63064761829308, 18.09105284169297
flux1:, 1.326771189437699, 0.02835880270100621, 0.0025188883103217504, -7.806025141064397, -19.247529066711557, 18.700909397270195
flux1:, 1.327753546308303, 0.031047693389942232, 0.002643833028001802, -8.03194491772498, -19.907635468708637, 19.314465075391677
flux1:, 1.3287359031789068, 0.03165253270235154, 0.0027622286023874874, -8.288283991689092, -20.557261967689676, 19.956263964782686
flux1:, 1.3297182600495108, 0.03457537749993676, 0.0029014312795719466, -8.523283436838646, -21.253201300775903, 20.601357361030125
flux1:, 1.3307006169201148, 0.03538393286611633, 0.0030287099924620224, -8.790152065541923, -21.93661393104177, 21.27615277448157
flux1:, 1.3316829737907188, 0.03856920239966178, 0.003183785737827788, -9.034218189991929, -22.669725405857086, 21.95373944365701
flux1:, 1.3326653306613228, 0.03962884880864161, 0.0033202893172238315, -9.31167720445642, -23.387947725085507, 22.66260187722357
flux1:, 1.3336476875319265, 0.04311115591358885, 0.0034930101925299763, -9.564764637298772, -24.159600360645243, 23.373637936972532
flux1:, 1.3346300444025305, 0.044481636020189376, 0.0036390324639855903, -9.852849986732561, -24.913632137240306, 24.117660376949623
flux1:, 1.3356124012731345, 0.04830376058846751, 0.0038313442331216413, -10.114878386314267, -25.725229441489113, 24.86310570771595
flux1:, 1.3365947581437385, 0.05006128158403504, 0.003987111144668868, -10.41359945761377, -26.516039213659724, 25.643412808690652
flux1:, 1.3375771150143425, 0.05427704949284415, 0.004201154684026542, -10.684450246842125, -27.369026006832463, 26.424236503799857
flux1:, 1.3385594718849465, 0.05652010734424674, 0.004366798112118444, -10.993787395011235, -28.197542076419285, 27.24199806686985
flux1:, 1.3395418287555503, 0.06119856237020477, 0.004604937924708499, -11.273299337777624, -29.09341434628278, 28.059187227115018
flux1:, 1.3405241856261543, 0.06405639443274329, 0.004780460941896994, -11.59319984215513, -29.960513638281924, 28.9156379805337
flux1:, 1.3415065424967583, 0.06928797214482744, 0.005045324449535063, -11.881162579460712, -30.900832748382346, 29.770211577697548
flux1:, 1.3424888993673623, 0.07293310836101839, 0.005230554425145352, -12.211533599211833, -31.80732666239475, 30.66668040763866
flux1:, 1.3434712562379663, 0.07883898949905559, 0.005525088058760502, -12.507677571574424, -32.79373988733117, 31.559711029518432
flux1:, 1.34445361310857, 0.08350637268270966, 0.005719612159799035, -12.848373450679075, -33.740355746093854, 32.49766477151095
flux1:, 1.345435969979174, 0.0902530299479423, 0.006047164076327245, -13.152353290584347, -34.77462616333275, 33.43031296695139
flux1:, 1.346418326849778, 0.09626999370504921, 0.006250237979552343, -13.50315206847528, -35.761981951972885, 34.41142329464459
flux1:, 1.347400683720382, 0.10409249506985625, 0.006614683886929979, -13.814517910644469, -36.846032421465914, 35.38499266689395
flux1:, 1.348383040590986, 0.11192732474460067, 0.0068250982310615665, -14.175076958943395, -37.87460077840982, 36.411240816091755
flux1:, 1.34936539746159, 0.12116793945045201, 0.007231039511033663, -14.493222653226278, -39.010579540079426, 37.42726841437106
flux1:, 1.3503477543321938, 0.13151152713970662, 0.007446916509311246, -14.86299263794601, -40.08063351918643, 38.501114158081336
flux1:, 1.3513301112027978, 0.1426861825109113, 0.007900004228646448, -15.187057945055429, -41.27101362220124, 39.56152314255652
flux1:, 1.3523124680734018, 0.15659536880820896, 0.008118472301915732, -15.565110405252202, -42.38253940376165, 40.68618738500171
flux1:, 1.3532948249440058, 0.17051319143609475, 0.008625961271167408, -15.893786934218356, -43.63027200963921, 41.79355408960216
flux1:, 1.3542771818146098, 0.18967531469025448, 0.008842603158571593, -16.278453707311044, -44.782816795207864, 42.97351173844134
flux1:, 1.3552595386852135, 0.20766479418954423, 0.009414352737231164, -16.609577102930015, -46.09157104889247, 44.13155242435082
flux1:, 1.3562418955558175, 0.2349154367058841, 0.009622201205727642, -16.997654002187243, -47.283951579362814, 45.373434629304775
flux1:, 1.3572242524264215, 0.25927767797297546, 0.010272612844479508, -17.327286699288834, -48.65849142458396, 46.58793442269135
flux1:, 1.3582066092970255, 0.29968629004744907, 0.010460161286303622, -17.712148984059002, -49.88816848056562, 47.90227223447105
flux1:, 1.3591889661676295, 0.3346631538051023, 0.011212285532391583, -18.032341269595193, -51.334925860763306, 49.182943732472
flux1:, 1.3601713230382333, 0.3979999670404288, 0.011359117769258804, -18.39907773233756, -52.5964688373808, 50.58773207973271
flux1:, 1.3611536799088373, 0.45197626565820664, 0.012254505606041126, -18.69183923286497, -54.12427664159351, 51.9520633002833
flux1:, 1.3621360367794413, 0.5588408732194021, 0.01232041252472984, -19.003253491033472, -55.40494301935899, 53.480343689402034
flux1:, 1.3631183936500453, 0.6494977648380211, 0.01344738677222627, -19.222382203943063, -57.0251356660207, 54.9612310684199
flux1:, 1.3641007505206493, 0.8477608190795339, 0.013341153281406648, -19.373269649775352, -58.28954381601849, 56.67622781552045
flux1:, 1.365083107391253, 1.0116645966875821, 0.014942857719630942, -19.383695671369257, -60.01051134082615, 58.3294183466941
flux1:, 1.366065464261857, 1.4174703104238902, 0.0144271338934937, -19.03406865376596, -61.13640110012015, 60.331188573664036
flux1:, 1.367047821132461, 1.673198836097567, 0.017606760361318634, -18.428596508387784, -62.94691339352651, 62.13043382410718
flux1:, 1.368030178003065, 2.4209181274254417, 0.016575251507179218, -16.475559890793498, -63.47842193501387, 64.1884893631728
flux1:, 1.369012534873669, 1.4667725898639918, 0.042091813203442074, -15.313719937827921, -67.31688007577047, 64.44353451408669
flux1:, 1.3699948917442728, 2.0750435813340844, 0.05371192880245285, -18.2784799665095, -71.98660733150737, 67.16330111524674
flux1:, 1.3709772486148768, 3.3427014968643034, 0.02090605686707134, -16.119515167876486, -68.1543691369389, 68.02683962432988
flux1:, 1.3719596054854808, 2.0705158282646243, 0.018879629825252757, -17.257270313087062, -69.3224784423841, 67.1567224688227
flux1:, 1.3729419623560848, 1.5110796336106262, 0.01750630682114347, -18.718867387763652, -70.49934413566321, 67.79369077582018
flux1:, 1.3739243192266888, 0.9647405022022054, 0.018514023665041998, -20.06604889656954, -72.60989730035669, 68.5685292546755
flux1:, 1.3749066760972926, 0.7045523847708627, 0.018695255516157666, -21.26805394100709, -74.21693283399323, 69.95871018605742
flux1:, 1.3758890329678966, 0.4918720656820384, 0.01966210964779216, -22.16674635520283, -76.32378567546385, 71.28883049134335
flux1:, 1.3768713898385005, 0.3797013265168053, 0.02016324560717796, -23.041284417738165, -78.01821212374777, 72.91060933299781
flux1:, 1.3778537467091045, 0.2860167639646837, 0.021034432888793992, -23.71155899839403, -80.09093183407686, 74.42953925175811
flux1:, 1.3788361035797085, 0.23388610347475333, 0.0216656211462224, -24.412433836013612, -81.83839431898045, 76.13591720224841
flux1:, 1.3798184604503125, 0.18736465756832354, 0.022468266251625266, -24.97539808029761, -83.90257555857082, 77.74408424393488
flux1:, 1.3808008173209163, 0.16204908558277525, 0.02318093214944525, -25.583644932033877, -85.70033207169368, 79.4970093101901
flux1:, 1.3817831741915203, 0.1367792727694337, 0.02393156123538549, -26.092899879111087, -87.77428841669914, 81.16341409369232
flux1:, 1.3827655310621243, 0.12484280573697167, 0.02470662202722259, -26.648021411422643, -89.62198876296799, 82.95230656128903
flux1:, 1.3837478879327283, 0.1102414071912211, 0.025412222104526358, -27.128432232610685, -91.71627229587249, 84.66532191129974
flux1:, 1.3847302448033323, 0.10564692328981731, 0.026238604657136216, -27.65081487592172, -93.6129282158995, 86.48692251551749
flux1:, 1.3857126016739363, 0.09689903501418325, 0.026900240277732405, -28.11475947140645, -95.73325641619347, 88.2410905431512
flux1:, 1.38669495854454, 0.09666742235612967, 0.02776919933522219, -28.615659242429665, -97.67714851354879, 90.09402365950056
flux1:, 1.387677315415144, 0.0913862231652211, 0.028384043919701455, -29.069679574567818, -99.82626585407542, 91.88597799665555
flux1:, 1.388659672285748, 0.09392880776345205, 0.02928718817732147, -29.555684311107566, -101.81508684066385, 93.76913813303001
flux1:, 1.389642029156352, 0.09084949634320805, 0.029849557619890794, -30.00338706875081, -103.99378690887143, 95.59617048045726
flux1:, 1.390624386026956, 0.09526319480435122, 0.0307779599442461, -30.478532339722047, -106.02472695006023, 97.50821103397219
flux1:, 1.3916067428975598, 0.09368061642219684, 0.03127983264628751, -30.921946451208655, -108.23240839639239, 99.36770552575842
flux1:, 1.3925890997681638, 0.0994239662313943, 0.0322235152389023, -31.388784094412774, -110.30218246854602, 101.3068712560213
flux1:, 1.3935714566387678, 0.09893022012484035, 0.032654789202780574, -31.82903657928646, -112.53715413919444, 103.19605484196138
flux1:, 1.3945538135093718, 0.10566350199524734, 0.03360235695776922, -32.28920460443495, -114.64199459477476, 105.16012603209596
flux1:, 1.3955361703799758, 0.10601704392572166, 0.033950971868900066, -32.72687371230824, -116.90164240450174, 107.0759444312245
flux1:, 1.3965185272505796, 0.11351849691535441, 0.034889312835335015, -33.18141333289524, -119.03727253334536, 109.06221708942421
flux1:, 1.3975008841211836, 0.1145750598995901, 0.03514130769792379, -33.616718745198604, -121.31814733819967, 111.00126477690813
flux1:, 1.3984832409917876, 0.12269467388198321, 0.036055331761598745, -34.06625530131939, -123.47974488547925, 113.00654163614988
flux1:, 1.3994655978623916, 0.124369022719524, 0.03619488311379708, -34.499160896210675, -125.77760368459916, 114.96501723235168
flux1:, 1.4004479547329955, 0.133001916223908, 0.03706729278323257, -34.94400716024366, -127.95975939353954, 116.98560155295091
flux1:, 1.4014303116035993, 0.13524577752605005, 0.037076768130084155, -35.374273849825634, -130.26957837676147, 118.95927672724294
flux1:, 1.4024126684742033, 0.1443162702653364, 0.03788786830148512, -35.8144864225302, -132.46625267587098, 120.99096705246986
flux1:, 1.4033950253448073, 0.14710512530192918, 0.03774792758610446, -36.24169456516436, -134.78222338927748, 122.9751640542577
flux1:, 1.4043773822154113, 0.15655689278400797, 0.038475491595675405, -36.677100146351904, -136.9867034807131, 125.01325029437332
flux1:, 1.4053597390860153, 0.15988181404416563, 0.03816527347681038, -37.100651947516354, -139.3022195300047, 127.0028263572617
flux1:, 1.406342095956619, 0.1696716278113427, 0.03878449367538296, -37.530852835561724, -141.50707885490954, 129.04208839788052
flux1:, 1.407324452827223, 0.17353408454337796, 0.03828193153446111, -37.94996038334604, -143.81471853202285, 131.031426750391
flux1:, 1.408306809697827, 0.18362773728898787, 0.03876549570111908, -38.37432457816529, -146.01178064509236, 133.0661370701928
flux1:, 1.409289166568431, 0.18803620478846045, 0.038047821801874875, -38.78798665199132, -148.3032898737959, 135.0491450723415
flux1:, 1.410271523439035, 0.1984058107159967, 0.03836617432223475, -39.205625691005906, -150.48359904462734, 137.07307699510721
flux1:, 1.4112538803096388, 0.20337351169670947, 0.03741069006762819, -39.61259500472452, -152.74987868840424, 139.04319237824802
flux1:, 1.4122362371802428, 0.2139957043709514, 0.037532560791583944, -40.02233130158071, -154.90367999908122, 141.04963567441138
flux1:, 1.4132185940508468, 0.21953908867659447, 0.036317779333804624, -40.42107308513216, -157.13478165620506, 142.99984219216896
flux1:, 1.4142009509214508, 0.2303938324271383, 0.03621109709861656, -40.82139792206152, -159.25151401065594, 144.98162785935492
flux1:, 1.4151833077920548, 0.23653156506452236, 0.034718405017201207, -41.21004039970804, -161.4366488891686, 146.90448191980727
flux1:, 1.4161656646626586, 0.24760141574966393, 0.034351760908763365, -41.59906347274177, -163.5049552347095, 148.8540181229336
flux1:, 1.4171480215332626, 0.2543537447820527, 0.03256780352562241, -41.975341005693714, -165.63252153502881, 150.74168828326756
flux1:, 1.4181303784038666, 0.26562347383835044, 0.031912698819265395, -42.35073271302602, -167.6402818141223, 152.65100967662764
flux1:, 1.4191127352744706, 0.27301191669044744, 0.029832777778222935, -42.7119226078164, -169.69791740350996, 154.49533117229154
flux1:, 1.4200950921450746, 0.284468468769266, 0.028866992808617365, -43.070850835344366, -171.63231153346385, 156.35616408674892
flux1:, 1.4210774490156786, 0.2925158047371242, 0.026499885841375397, -43.41370628813934, -173.60698077430084, 158.1487109547844
flux1:, 1.4220598058862823, 0.30414860377194375, 0.025212453077727123, -43.75277143913797, -175.45459158967742, 159.95255730867945
flux1:, 1.4230421627568863, 0.3128791994929143, 0.022587240048900344, -44.07345522150677, -177.3327183875388, 161.6847350604151
flux1:, 1.4240245196274903, 0.32468085690427356, 0.020985716996908977, -44.388630003601754, -179.07968845909372, 163.42297822552936
flux1:, 1.4250068764980943, 0.3341213839300005, 0.01816144443183051, -44.682657493571206, -180.84735252008616, 165.08614042459564
flux1:, 1.4259892333686983, 0.34608889676527577, 0.016282483673444148, -44.96924349189002, -182.47961493471033, 166.75017660267568
flux1:, 1.4269715902393023, 0.35626952456057465, 0.013361843626534474, -45.23145090059928, -184.12283595224645, 168.3357689279866
flux1:, 1.427953947109906, 0.3684060759499906, 0.011286472628149908, -45.4840733226013, -185.6264487006258, 169.91716759420154
flux1:, 1.42893630398051, 0.3793622296369444, 0.008435122711586878, -45.70863863994013, -187.13159468344298, 171.41690235382632
flux1:, 1.429918660851114, 0.3916797056340138, 0.006310680035345266, -45.92131602368908, -188.49322148229015, 172.9075971968843
flux1:, 1.430901017721718, 0.4034544442004178, 0.0037843675522719463, -46.10188151070323, -189.84759314328818, 174.31365767135955
flux1:, 1.431883374592322, 0.4159767275404947, 0.0018556472044732818, -46.26823584541466, -191.0551944232686, 175.70616645589672
flux1:, 1.4328657314629258, 0.4286236637408932, 3.778546973834186e-05, -46.39821554088327, -192.24786464100228, 177.0114383062796
flux1:, 1.4338480883335298, 0.44139056813372796, -0.0013096166562522739, -46.511928249239354, -193.2916906349746, 178.29910277477282
flux1:, 1.4348304452041338, 0.4549769172250447, -0.0018572607553490438, -46.58513384997188, -194.3147019512983, 179.49741163899648
flux1:, 1.4358128020747378, 0.468048173338538, -0.002038751288385423, -46.64081880273914, -195.18870203650212, 180.67462301974464
flux1:, 1.4367951589453418, 0.4826568004275549, -0.0005110820471438556, -46.65261769762238, -196.03874737647195, 181.76092928602762
flux1:, 1.4377775158159456, 0.4961145156673504, 0.0013299737768804809, -46.64737026427537, -196.74252257889577, 182.82326883370678
flux1:, 1.4387598726865496, 0.5118424156297201, 0.0060565468439392305, -46.596679944687764, -197.423217852551, 183.79371682539826
flux1:, 1.4397422295571536, 0.5257885395521615, 0.011128577284044048, -46.5326443465995, -197.96457896747765, 184.73786550049047
flux1:, 1.4407245864277576, 0.5427366736533139, 0.020563978773059922, -46.425125380508376, -198.4892951783237, 185.58948811035208
flux1:, 1.4417069432983616, 0.5572788619029403, 0.03048631142940947, -46.31341457454626, -198.88723491052613, 186.41264292670934
flux1:, 1.4426893001689653, 0.5755246090036883, 0.046541676040329986, -46.166096986772224, -199.28203161304276, 187.14239003208866
flux1:, 1.4436716570395693, 0.5907398489873301, 0.06331850035875485, -46.0320613208526, -199.56926462820866, 187.84078910764205
flux1:, 1.4446540139101733, 0.610279977345434, 0.08817506619348378, -45.8789855588666, -199.8745135122138, 188.44344015269346
flux1:, 1.4456363707807773, 0.6261433791130743, 0.11396544226078005, -45.76770976687734, -200.09746114967808, 189.00957139920186
flux1:, 1.4466187276513813, 0.6467980185382244, 0.14965201404889145, -45.664467483220356, -200.36517195970765, 189.47423055372397
flux1:, 1.447601084521985, 0.6630728594471619, 0.18618029359389515, -45.64302483958214, -200.5775814648092, 189.8927173522787
flux1:, 1.448583441392589, 0.6843614490312869, 0.23372541630193167, -45.66520787954752, -200.86004442698402, 190.19842016138486
flux1:, 1.449565798263193, 0.7004795873336332, 0.2812641520254136, -45.81523329955552, -201.106038909063, 190.44192734292872
flux1:, 1.450548155133797, 0.7215289617784462, 0.33950863101741935, -46.0436585497472, -201.4330293640379, 190.5547546223467
flux1:, 1.451530512004401, 0.7365487758835193, 0.39572574174261155, -46.437954417037865, -201.72012545840187, 190.58342221194863
flux1:, 1.4525128688750049, 0.7561485721628682, 0.46038874598756746, -46.9276597227613, -202.070549726997, 190.459421600795
flux1:, 1.4534952257456089, 0.7689073453035594, 0.5198978943828062, -47.59409547489802, -202.34521873531017, 190.2280864131526
flux1:, 1.4544775826162128, 0.7857999427301688, 0.5839114063356824, -48.338881300734116, -202.63230919771135, 189.8248519729606
flux1:, 1.4554599394868168, 0.7952781464252403, 0.6394269833263044, -49.232371395986355, -202.78056136231265, 189.29793642615684
flux1:, 1.4564422963574208, 0.8085882570287455, 0.6950217679505383, -50.15142355689421, -202.87087794966504, 188.5905964181868
flux1:, 1.4574246532280246, 0.8142888787895209, 0.7399036312654369, -51.159942456226084, -202.75456354018064, 187.75630599118048
flux1:, 1.4584070100986286, 0.8238093191844759, 0.781381706718253, -52.123456457881026, -202.51636818852103, 186.7470693375619
flux1:, 1.4593893669692326, 0.8258771023449476, 0.8119236901877153, -53.10931059872895, -202.02443929461492, 185.62047510557488
flux1:, 1.4603717238398366, 0.8320097496239794, 0.837230312941157, -53.98687079275394, -201.37299888946484, 184.33492867256038
flux1:, 1.4613540807104406, 0.8310331916324042, 0.8532072646768071, -54.83370249724658, -200.45301857410692, 182.94879299520798
flux1:, 1.4623364375810444, 0.8344821013557595, 0.8635492530586212, -55.53179514450275, -199.3655075366078, 181.4235537934206
flux1:, 1.4633187944516486, 0.8311768846232689, 0.8671592943035973, -56.16889846201474, -198.0223218670219, 179.81537341496428
flux1:, 1.4643011513222524, 0.8326408517771513, 0.8655227801675793, -56.64108180168724, -196.5243683147781, 178.0866099786018
flux1:, 1.4652835081928564, 0.8276223611123699, 0.8598912633967296, -57.041878157396205, -194.79946230522432, 176.28985274579873
flux1:, 1.4662658650634603, 0.8276307588554549, 0.8496368459805671, -57.27910826907649, -192.94215714735273, 174.38763022191065
flux1:, 1.4672482219340643, 0.8213325676487083, 0.8377498302623034, -57.44709882078021, -190.89198494453882, 172.4289045851164
flux1:, 1.4682305788046683, 0.8202166871422297, 0.8218099631126405, -57.46252478595292, -188.73352030192487, 170.37657409542896
flux1:, 1.4692129356752721, 0.8129063232350098, 0.8060460206752098, -57.416914176765864, -186.41543702196094, 168.27650638678
flux1:, 1.470195292545876, 0.8108397979153347, 0.7866619407202016, -57.23366213922166, -184.01107394063436, 166.09243783898887
flux1:, 1.47117764941648, 0.8026697813766046, 0.7687263085251071, -56.999563956786496, -181.47692438457, 163.86775118531372
flux1:, 1.472160006287084, 0.7997250382424975, 0.7474821908022796, -56.64346362745869, -178.87527578254225, 161.5674284485985
flux1:, 1.473142363157688, 0.7907830305627246, 0.7285186302279572, -56.246696948506816, -176.16973912245226, 159.2328465223103
flux1:, 1.4741247200282919, 0.7869791883977664, 0.7064822570697911, -55.74285274036376, -173.41240892388225, 156.83048557497608
flux1:, 1.4751070768988959, 0.7773247714326178, 0.6872253522547511, -55.20777655352769, -170.57350969024122, 154.4000316151766
flux1:, 1.4760894337694999, 0.7726609793949508, 0.665096783128463, -54.57937783979964, -167.6960295403108, 151.90957267418918
flux1:, 1.4770717906401039, 0.7623484862778028, 0.646005805041068, -53.92831573403498, -164.7563010271918, 149.3972853232443
flux1:, 1.4780541475107078, 0.7568243983001616, 0.624238068681118, -53.19649428135766, -161.78931136311036, 146.83287273668353
flux1:, 1.4790365043813116, 0.745915013385679, 0.6055967689522623, -52.44981579181568, -158.77693105627364, 144.25309122357567
flux1:, 1.4800188612519156, 0.7395419100147678, 0.5844827336750033, -51.63386025694505, -155.74719220485503, 141.62920162957656
flux1:, 1.4810012181225196, 0.7281085218192774, 0.5664672470407915, -50.81022318103287, -152.68686849298533, 138.99657121983884
flux1:, 1.4819835749931236, 0.7209142376429404, 0.5461977739498841, -49.92781570652443, -149.61800385930184, 136.3279241688915
flux1:, 1.4829659318637276, 0.7090417983986212, 0.5289198598390293, -49.04435121000781, -146.53159849431165, 133.65723692552618
flux1:, 1.4839482887343314, 0.7010718058722457, 0.5096206369367927, -48.11169901667825, -143.44459939632407, 130.9585849406962
flux1:, 1.4849306456049354, 0.688855187079949, 0.49315351863634294, -47.18407506904732, -140.35154184048056, 128.26453660601445
flux1:, 1.4859130024755394, 0.6801715000224595, 0.47490719122718394, -46.21591947342656, -137.2650997001841, 125.55040188308601
flux1:, 1.4868953593461434, 0.6677122676651758, 0.4592998337918423, -45.25829559356976, -134.18266141702708, 122.84732065973441
flux1:, 1.4878777162167474, 0.6583913418398317, 0.442158549803066, -44.26783279029499, -131.11339104650526, 120.13172473165892
flux1:, 1.4888600730873511, 0.6457944787067734, 0.42744269606021046, -43.29275270548317, -128.05687691959838, 117.43331025122349
flux1:, 1.4898424299579551, 0.6359249482144201, 0.41143478148235174, -42.29151911376355, -125.0194797346365, 114.72952798012022
flux1:, 1.4908247868285591, 0.6232962499271463, 0.39762780513232354, -41.3097953932494, -122.00237684549941, 112.04862568466386
flux1:, 1.4918071436991631, 0.6129770748592307, 0.38276115538011857, -40.30756925898287, -119.00977587382543, 109.36898328058214
flux1:, 1.4927895005697671, 0.600421680744461, 0.3698668146605432, -39.32820671757975, -116.04388370031863, 106.71740884663228
flux1:, 1.4937718574403709, 0.5897610510653266, 0.35613071405028496, -38.33296535597194, -113.10734767280894, 104.07313583682475
flux1:, 1.4947542143109749, 0.5773833240324029, 0.34413914398577494, -37.36315442261249, -110.20290105276354, 101.46155526689154
flux1:, 1.4957365711815789, 0.5664984523088363, 0.3315055614455569, -36.38110927779485, -107.33216410636629, 98.86269217024994
flux1:, 1.4967189280521829, 0.5544031883885562, 0.3203932789268687, -35.42630288170012, -104.49795165095728, 96.3005559566294
flux1:, 1.4977012849227869, 0.5434209252960429, 0.308818197485835, -34.46201756907036, -101.70132840204433, 93.7559132227898
flux1:, 1.4986836417933906, 0.5317156611905441, 0.29854848530852796, -33.526089480071285, -98.94480413371151, 91.25143790008916
flux1:, 1.4996659986639946, 0.5207736850890738, 0.28797348699841974, -32.58267264655998, -96.22929644884039, 88.76859773710817
flux1:, 1.5006483555345986, 0.5095716811727083, 0.27849725570663036, -31.668144418995993, -93.5566804068565, 86.32878536173459
flux1:, 1.5016307124052026, 0.4988198394475487, 0.26885138537564085, -30.74750135382401, -90.92807119366881, 83.91413641029115
flux1:, 1.5026130692758066, 0.4882431356580002, 0.2601084695683016, -29.85581977048415, -88.34443466458636, 81.54482186078617
flux1:, 1.5035954261464104, 0.47784434012337934, 0.2513103200220612, -28.958943956512567, -85.80736455012305, 79.20361692449252
flux1:, 1.5045777830170146, 0.4680261001341558, 0.24323112755079848, -28.090790115758782, -83.31669663285493, 76.90953389699746
flux1:, 1.5055601398876184, 0.4581559949147692, 0.23519109639379354, -27.21807675236524, -80.87472083383719, 74.64596248551166
flux1:, 1.5065424967582224, 0.4492411656168666, 0.22769856464776725, -26.373689638026285, -78.47997479964269, 72.43082099857618
flux1:, 1.5075248536288264, 0.44008560605388614, 0.22032129761599134, -25.525255113195342, -76.13559960965856, 70.24809061785773
flux1:, 1.5085072104994304, 0.43222875351854156, 0.21333318820632363, -24.704753958013146, -73.83871990791796, 68.11466108452339
flux1:, 1.5094895673700344, 0.4239780174404229, 0.20652030641679128, -23.88074584109841, -71.59342110765853, 66.01508339588933
flux1:, 1.5104719242406381, 0.41733713485394824, 0.19995194670888589, -23.084434721620035, -69.39535514835168, 63.965284328619106
flux1:, 1.5114542811112421, 0.41017583645817707, 0.19360521541230996, -22.28531432897693, -67.24958461839051, 61.95036404758413
flux1:, 1.5124366379818461, 0.4049011012146519, 0.18737283187582976, -21.51394790696539, -65.15028785681254, 59.98535185667184
flux1:, 1.5134189948524501, 0.3989931701642718, 0.18139792165281515, -20.74072136373486, -63.103479755825994, 58.055877253862214
flux1:, 1.5144013517230541, 0.3952102346598926, 0.17542265831918702, -19.99570318587671, -61.10192789773027, 56.176137143823986
flux1:, 1.515383708593658, 0.3906792210402266, 0.16973353335995828, -19.250069160397963, -59.1525213068598, 54.332271111626945
flux1:, 1.516366065464262, 0.38846782584435147, 0.1639460753583359, -18.53354681431628, -57.24674841303007, 52.5377077299699
flux1:, 1.5173484223348659, 0.3853742772184634, 0.15846979837663266, -17.81792437137863, -55.39224742913466, 50.779077618727655
flux1:, 1.5183307792054699, 0.38474472004232724, 0.15281522352529087, -17.132744959414975, -53.57943087315987, 49.06910303807342
flux1:, 1.5193131360760739, 0.3830642228130825, 0.1474966221666581, -16.45014992475584, -51.81652272006042, 47.39488621216031
flux1:, 1.5202954929466777, 0.38393615422689986, 0.14193874993461228, -15.799651827330523, -50.09313205703216, 45.76850156961008
flux1:, 1.5212778498172816, 0.38354326115817294, 0.13674405486470684, -15.153411048986225, -48.417875650219436, 44.17750254583331
flux1:, 1.5222602066878856, 0.3857325600748043, 0.13126829659551914, -14.541058115531932, -46.77989007256702, 42.633369009150876
flux1:, 1.5232425635584896, 0.38639626470755917, 0.12618671493196132, -13.934388550313404, -45.1879705789496, 41.12408400443912
flux1:, 1.5242249204290936, 0.38961542997727405, 0.12080044287079417, -13.363296405217222, -43.631149786011775, 39.66057952502948
flux1:, 1.5252072772996974, 0.39101026830291746, 0.11584284787903035, -12.798820579276914, -42.118172585080956, 38.23124590392875
flux1:, 1.5261896341703014, 0.3948851991895253, 0.1105727198544637, -12.271266974049896, -40.63834463942661, 36.846506776547194
flux1:, 1.5271719910409054, 0.39661838523509174, 0.10576726415025592, -11.750569299046196, -39.200123197928455, 35.49513812553695
flux1:, 1.5281543479115094, 0.4007201095535397, 0.10065370824620938, -11.267600158317995, -37.793440017325786, 34.18708803183941
flux1:, 1.5291367047821134, 0.4023704573721906, 0.09603902549402776, -10.790930002308443, -36.42622649011618, 32.91149925266497
flux1:, 1.5301190616527172, 0.40625587608443353, 0.0911289244765239, -10.352154999033814, -35.08934117038918, 31.67787167563082
flux1:, 1.5311014185233212, 0.40741661429315773, 0.0867463138783952, -9.91834562467694, -33.789961094691535, 30.475700826111215
flux1:, 1.5320837753939252, 0.4106697375799423, 0.08208545425471359, -9.521964592168151, -32.52010174048818, 29.31406183371081
flux1:, 1.5330661322645291, 0.4109864191617202, 0.07797170186562387, -9.128575033444223, -31.285980756635656, 28.182795201713542
flux1:, 1.5340484891351331, 0.4132520249768406, 0.07359852487259821, -8.77161104603821, -30.080924420837245, 27.090571948475702
flux1:, 1.535030846005737, 0.412448899142451, 0.0697806984501705, -8.415237716168551, -28.91002382328491, 26.027576068315877
flux1:, 1.536013202876341, 0.4134536777197223, 0.06572235334692517, -8.093902286624441, -27.767998676827123, 25.00209276055592
flux1:, 1.536995559746945, 0.4113459349686457, 0.06221520048057025, -7.770572782894182, -26.6586956183879, 24.004653157711314
flux1:, 1.537977916617549, 0.4109063113581711, 0.05848614057101374, -7.48067086356591, -25.57825039604278, 23.04317238993582
flux1:, 1.538960273488153, 0.4073995903957405, 0.055291964364484344, -7.186232304084068, -24.529202160218908, 22.10853553205007
flux1:, 1.5399426303587567, 0.40541876068818417, 0.051894675240285244, -6.923528817378322, -23.509078059175195, 21.208300399633508
flux1:, 1.5409249872293607, 0.40049979679508757, 0.049005040392671846, -6.65396830730061, -22.519100530034034, 20.333713803225553
flux1:, 1.5419073440999647, 0.3969580946113305, 0.045932142912494006, -6.414469641034782, -21.55812758089216, 19.491985676434147
flux1:, 1.5428897009705687, 0.3906809718583121, 0.04333057860430785, -6.16613843192926, -20.626103028872066, 18.674731511201127
flux1:, 1.5438720578411727, 0.38562354936134724, 0.04056751634731338, -5.946275157412688, -19.723127999387778, 17.888819518606276
flux1:, 1.5448544147117764, 0.37809518008795107, 0.03823246812333162, -5.716016718409533, -18.847943465806274, 17.126238740219545
flux1:, 1.5458367715823806, 0.3716198157851107, 0.0357601600649435, -5.51273716317431, -18.001785020020264, 16.39351903338461
flux1:, 1.5468191284529844, 0.3629868093863931, 0.033667666659486895, -5.297936258857536, -17.182293777250297, 15.683025198985671
flux1:, 1.5478014853235884, 0.3552332048639674, 0.03146474783980328, -5.108731701619069, -16.391714961946576, 15.00095014396183
flux1:, 1.5487838421941924, 0.345670879067478, 0.029590561980447693, -4.907307151558688, -15.626710406237859, 14.340033925547498
flux1:, 1.5497661990647964, 0.3368116047712047, 0.027635054223094008, -4.730190869152759, -14.890398015370343, 13.706132939849685
flux1:, 1.5507485559354004, 0.32651490536948913, 0.025956120860550658, -4.540552762150509, -14.178590642091129, 13.092359566461479
flux1:, 1.5517309128060042, 0.3167474360191964, 0.02422653060838687, -4.374011248925579, -13.495133896524477, 12.504234174400485
flux1:, 1.5527132696766082, 0.3059230594011793, 0.022721861978104854, -4.194998267119554, -12.835125825622217, 11.935236530007973
flux1:, 1.5536956265472122, 0.2954621130505171, 0.02119779095534289, -4.037927471049906, -12.202991233685022, 11.39055238016969
flux1:, 1.5546779834178162, 0.28432109824825347, 0.019848844470847577, -3.868734692691613, -11.593247353567913, 10.864022375999042
flux1:, 1.5556603402884202, 0.2733906551508772, 0.018511235932829943, -3.720369382768136, -11.010751051876321, 10.360500635068407
flux1:, 1.556642697159024, 0.26214098532702207, 0.017301925165598493, -3.5604730252269707, -10.449569873644073, 9.874180980175458
flux1:, 1.557625054029628, 0.2509657574930559, 0.016133072196133105, -3.420314339137245, -9.914852061317049, 9.40959091032069
flux1:, 1.558607410900232, 0.23980491907855533, 0.015049540062635224, -3.269397679351918, -9.40034189127891, 8.96126874994973
flux1:, 1.559589767770836, 0.22860150210398728, 0.014032967453523101, -3.1371423875922937, -8.911349488458354, 8.533422615583138
flux1:, 1.56057212464144, 0.21770933992352434, 0.01306323538081209, -2.9950261464051633, -8.441416079532026, 8.12092586918832
flux1:, 1.5615544815120437, 0.20667765819375317, 0.012183541865462492, -2.8705006877323, -7.995899247964952, 7.727676722011309
flux1:, 1.5625368383826477, 0.19621012023169482, 0.011317125293211744, -2.737080867315472, -7.56824967731759, 7.348873409005443
flux1:, 1.5635191952532517, 0.18552596560837908, 0.010559844867006266, -2.6201830116336655, -7.163775616477186, 6.988115817417705
flux1:, 1.5645015521238557, 0.17561038277910254, 0.009787399118564605, -2.4953787979235518, -6.775940320975443, 6.640916248986269
flux1:, 1.5654839089944597, 0.1654198064682423, 0.009138912438465258, -2.3860294016641457, -6.409924562418465, 6.3105896897690075
flux1:, 1.5664662658650634, 0.15615220244185612, 0.008451946207534106, -2.26974305790774, -6.059296100935931, 5.992951095046783
flux1:, 1.5674486227356674, 0.14656827253438653, 0.007899449597765484, -2.1678495274864136, -5.729048282953684, 5.691045463159945
flux1:, 1.5684309796062714, 0.13801290948915554, 0.007290120054275974, -2.059939107931362, -5.412932458672042, 5.40097841202759
flux1:, 1.5694133364768754, 0.12911499038796742, 0.0068216425620426045, -1.9653710777425504, -5.115711180836377, 5.12554094241339
flux1:, 1.5703956933474794, 0.12130602586738584, 0.006282627998189492, -1.8656354845777707, -4.83138438883385, 4.861116803789566
flux1:, 1.5713780502180832, 0.11314136846156055, 0.0058870773560208926, -1.7782118803444742, -4.564454722085993, 4.61025963141147
flux1:, 1.5723604070886872, 0.10608621493622966, 0.005411512157382372, -1.6863866453084768, -4.309221054754086, 4.369618284524523
flux1:, 1.5733427639592912, 0.09867336416513399, 0.005078728206130766, -1.6058723975251894, -4.06990865148936, 4.141525884735616
flux1:, 1.5743251208298952, 0.0923571763537343, 0.0046601804229525375, -1.5216337619063938, -3.841151238408231, 3.922882967287014
flux1:, 1.5753074777004992, 0.0856905567794306, 0.004380977828540744, -1.4477437164964162, -3.6268884121335874, 3.7158188361440656
flux1:, 1.576289834571103, 0.08008123214220203, 0.004013450305655735, -1.370718278482745, -3.4221112175448747, 3.517471961865982
flux1:, 1.577272191441707, 0.0741362622086978, 0.003779638414421357, -1.303125789496829, -3.2304722828446955, 3.329784062749204
flux1:, 1.578254548312311, 0.06918941208246283, 0.003457578113439499, -1.2329031388213858, -3.0473305559961057, 3.1501176297778684
flux1:, 1.579236905182915, 0.06392759200120426, 0.003261952631164514, -1.17125101701143, -2.8760556145910914, 2.9802423339126842
flux1:, 1.580219262053519, 0.05959107641335047, 0.0029802579317027822, -1.107397197855006, -2.7123749372793386, 2.817730745461485
flux1:, 1.5812016189241227, 0.054964642900063664, 0.0028165649653588767, -1.0513091793717328, -2.5593827993995695, 2.664195177851999
flux1:, 1.5821839757947267, 0.0511824191985184, 0.0025705854081851972, -0.9933794393286656, -2.413167932044856, 2.5174044676738925
flux1:, 1.5831663326653307, 0.04713832471332116, 0.002433462335684383, -0.942470902502898, -2.2765598277773123, 2.37882732382812
flux1:, 1.5841486895359347, 0.043853505166142684, 0.0022189890672960895, -0.8900207678356435, -2.1459952655204444, 2.2464153112174094
flux1:, 1.5851310464065387, 0.04033661868946493, 0.002103888723406049, -0.8439079426476036, -2.024051435597232, 2.121506313160967
flux1:, 1.5861134032771425, 0.03749374159189162, 0.0019171362981287188, -0.7965021752595797, -1.9074958085458975, 2.00222148915812
flux1:, 1.5870957601477467, 0.03444927642523637, 0.0018202413641194028, -0.75480953451995, -1.7986670883566973, 1.889779701877743
flux1:, 1.5880781170183504, 0.03199586825108103, 0.0016578228466941276, -0.7120288887473436, -1.6946434269876849, 1.782459081997713
flux1:, 1.5890604738889544, 0.0293711093149962, 0.0015759566037295773, -0.6743946774473054, -1.597539700665028, 1.6813703274020149
flux1:, 1.5900428307595584, 0.027258652368640716, 0.0014348543454267375, -0.6358406217686364, -1.5047232881372645, 1.5849365144483367
flux1:, 1.5910251876301624, 0.02500409142031815, 0.0013653927468802222, -0.6019207159791988, -1.4181003277329667, 1.4941701136044032
flux1:, 1.5920075445007664, 0.02318852259796767, 0.0012429271421310448, -0.5672183708124905, -1.3353053945453843, 1.4076277175287506
flux1:, 1.5929899013713702, 0.021258520257793036, 0.0011837159547382148, -0.536688626045583, -1.2580511664785583, 1.3262326799614148
flux1:, 1.5939722582419742, 0.019700381192822927, 0.0010775140911812402, -0.5054883455335633, -1.1842175880195216, 1.2486644315355917
flux1:, 1.5949546151125782, 0.01805346936807295, 0.001026793066026171, -0.47804592836709714, -1.115338940398428, 1.1757654445115826
flux1:, 1.5959369719831822, 0.016717811248562295, 0.0009347585521144048, -0.45002374210441565, -1.0495192762424257, 1.1063279348788484
flux1:, 1.5969193288537862, 0.015316735806934528, 0.0008910942554161822, -0.4253874457306237, -0.9881292784746616, 1.0411210173061212
flux1:, 1.59790168572439, 0.014172864702685264, 0.000811379275596036, -0.40024471916660237, -0.9294767735246336, 0.9790403388461494
flux1:, 1.598884042594994, 0.012984451303875003, 0.0007736067626401929, -0.37815469757826176, -0.8747831495631809, 0.9207884636122499
flux1:, 1.599866399465598, 0.012005579993555875, 0.0007045867091232663, -0.35561724270879547, -0.8225407770757467, 0.8653557798903642
flux1:, 1.600848756336202, 0.011000488463511399, 0.0006717599675402126, -0.33583428351208267, -0.7738354567214341, 0.8133844582880531
flux1:, 1.601831113206806, 0.010163344162128945, 0.000612010746818688, -0.31565111128976636, -0.7273260812819965, 0.7639515836490559
flux1:, 1.6028134700774097, 0.009315761436412641, 0.0005833613394826038, -0.2979556221785591, -0.683975889126603, 0.7176444944649869
flux1:, 1.6037958269480137, 0.008600185106483678, 0.0005316391320976347, -0.2798974964506991, -0.642593523387835, 0.6736195468884111
flux1:, 1.6047781838186177, 0.0078874933512854, 0.0005065421916383455, -0.2640883308632475, -0.6040319412392626, 0.6324142672966521
flux1:, 1.6057605406892217, 0.00727605464381133, 0.0004617652162408549, -0.24794623426646045, -0.567234017165232, 0.593257449239745
flux1:, 1.6067428975598257, 0.006678500274736149, 0.00043971173794343424, -0.2338394450451674, -0.5329539197443197, 0.5566413390125131
flux1:, 1.6077252544304295, 0.006156143636484235, 0.0004009434587453955, -0.21942304329133377, -0.5002544684034854, 0.5218608959559282
flux1:, 1.6087076113010335, 0.005656523795832146, 0.00038151781482520964, -0.20685064058453712, -0.4698017166434443, 0.48936718132137824
flux1:, 1.6096899681716375, 0.005210254018364644, 0.000347951094327093, -0.19398680572092838, -0.440765342220164, 0.45851558022606226
flux1:, 1.6106723250422414, 0.004793629973242879, 0.00033081265152135113, -0.18279556233041064, -0.4137331180917119, 0.42971967453509113
flux1:, 1.6116546819128454, 0.004412239787642206, 0.00030175442987662507, -0.17132698604043564, -0.38796965460084654, 0.4023900356698595
flux1:, 1.6126370387834492, 0.004065680721893925, 0.0002866223697754711, -0.161377315963516, -0.3639934304786566, 0.37690612453985783
flux1:, 1.6136193956540532, 0.0037395188572356885, 0.00026147877809066763, -0.15116123213335383, -0.34115318275225226, 0.35272892639249603
flux1:, 1.6146017525246572, 0.0034518751294608267, 0.0002481194098063108, -0.1423261540446715, -0.31990623644450944, 0.3302068283464664
flux1:, 1.6155841093952612, 0.0031726498697066314, 0.00022638142573734417, -0.13323316360566526, -0.29967572581630364, 0.3088468889469212
flux1:, 1.6165664662658652, 0.0029343520774406523, 0.00021459755499458682, -0.1253973439344316, -0.28086513163650506, 0.28896918691001344
flux1:, 1.617548823136469, 0.0026949637549377663, 0.00019582755967207125, -0.11731034584807275, -0.26296328535015584, 0.27012290908132275
flux1:, 1.618531180007073, 0.002497842850306569, 0.00018544970716429123, -0.11036922223233929, -0.2463263301532903, 0.2526023330177393
flux1:, 1.619513536877677, 0.0022922385167997643, 0.00016926938220360283, -0.10318242054629999, -0.23050107087743446, 0.2359951869813007
flux1:, 1.620495893748281, 0.002129361816431786, 0.00016014877788948594, -0.09704136643618717, -0.2158020584832078, 0.22057221618089998
flux1:, 1.621478250618885, 0.0019524057684824079, 0.00014622873016826066, -0.09065933721262841, -0.2018272617388008, 0.20595642534883404
flux1:, 1.6224606074894887, 0.001817925549304815, 0.0001382320351738132, -0.08523288215068175, -0.18885467560801256, 0.1923970753472832
flux1:, 1.6234429643600927, 0.0016652817543123203, 0.00012628337519638634, -0.07956969975151873, -0.17652746708133552, 0.1795494702533113
flux1:, 1.6244253212306967, 0.001554294383732876, 0.00011928901699782709, -0.07478077601440382, -0.16509146337157166, 0.16764323056223365
flux1:, 1.6254076781013007, 0.0014223180487627992, 0.00010905685078608233, -0.06975917914341989, -0.15422982825968623, 0.15636323965029783
flux1:, 1.6263900349719047, 0.0013307332191398909, 0.00010295273205190248, -0.06553841016266794, -0.14416002712781098, 0.14592113507043908
flux1:, 1.6273723918425085, 0.0012163710089918634, 9.421135995684055e-05, -0.0610890189470158, -0.1346006997079928, 0.13602889005911772
flux1:, 1.6283547487131127, 0.0011407916513750547, 8.889364051601465e-05, -0.05737403759702215, -0.12574424116583055, 0.1268816482901447
flux1:, 1.6293371055837165, 0.0010414906448643663, 8.144308772810161e-05, -0.05343461185131368, -0.1173408412986714, 0.11821619130484906
flux1:, 1.6303194624543205, 0.000979104637587023, 7.681567825540045e-05, -0.05016941695505771, -0.10956066865608934, 0.11021250844862429
flux1:, 1.6313018193249245, 0.000892730809479639, 7.047915814122059e-05, -0.046684165969822985, -0.10218204973395319, 0.10263009659547259
flux1:, 1.6322841761955285, 0.0008412150484394253, 6.645359698619852e-05, -0.043818521397950214, -0.09535538518493895, 0.09563499852800829
flux1:, 1.6332665330661325, 0.0007659817088574264, 6.107554080657106e-05, -0.04073746752734968, -0.08888416092637834, 0.08900750557752675
flux1:, 1.6342488899367362, 0.0007234190869162442, 5.7570997032600794e-05, -0.03822634816324342, -0.08290114133301044, 0.08290080722761313
flux1:, 1.6352312468073402, 0.0006578255133244625, 5.301537065861222e-05, -0.03550474583239231, -0.07723236263991774, 0.07711422618710256
flux1:, 1.6362136036779442, 0.0006226342059928067, 4.995860209559932e-05, -0.03330782918025726, -0.07199480903883465, 0.0717890923092196
flux1:, 1.6371959605485482, 0.0005654139917556986, 4.610733043019665e-05, -0.030905636951046422, -0.06703476742058871, 0.06674214156441823
flux1:, 1.6381783174191522, 0.0005362883270356892, 4.343251636720094e-05, -0.028986841109416316, -0.062455067250412874, 0.062103751488679554
flux1:, 1.639160674289756, 0.00048636671640914263, 4.01839183628381e-05, -0.0268682465182693, -0.0581202065750202, 0.0577065865854921
flux1:, 1.64014303116036, 0.00046222827249309484, 3.783234556876557e-05, -0.02519531168868246, -0.054120293177836204, 0.05367090397850206
flux1:, 1.641125388030964, 0.00041868742582812536, 3.509954906666001e-05, -0.02332830350615146, -0.05033621587685956, 0.04984393440173285
flux1:, 1.642107744901568, 0.0003986450260285371, 3.301918331315519e-05, -0.021872413704994605, -0.04684663355282282, 0.04633658012747857
flux1:, 1.643090101772172, 0.00036069593328381613, 3.072852615555849e-05, -0.020228396395581973, -0.04354719179554184, 0.0430093892457477
flux1:, 1.6440724586427757, 0.000344013003954599, 2.887351641395202e-05, -0.018963834778856, -0.04050624052545585, 0.03996461669854825
flux1:, 1.6450548155133797, 0.00031097313231455805, 2.6962962294412195e-05, -0.017517281402462028, -0.0376327068875441, 0.03707498281855857
flux1:, 1.6460371723839837, 0.0002970411143435915, 2.5293129622202247e-05, -0.01642112366873206, -0.03498565901581816, 0.034434749182087665
flux1:, 1.6470195292545877, 0.00026831645014246773, 2.3710724404534454e-05, -0.015149268727963822, -0.03248596618229107, 0.03192775734235525
flux1:, 1.6480018861251917, 0.0002566332288484514, 2.2191074582810988e-05, -0.014201105555040592, -0.03018434790353899, 0.029640881992084842
flux1:, 1.6489842429957955, 0.00023170395375391465, 2.08934712464162e-05, -0.013083664497695864, -0.02801239511706365, 0.027468122823709865
flux1:, 1.6499665998663995, 0.00022185611534973702, 1.9493758738362623e-05, -0.012265347723719693, -0.026013332505526017, 0.025489531030643345
flux1:, 1.6509489567370035, 0.00020026516283800651, 1.8444833978953786e-05, -0.011284263823976487, -0.024128355546912686, 0.02360838133436407
flux1:, 1.6519313136076075, 0.00019191342896321344, 1.7139187801361125e-05, -0.010579677445385976, -0.022393979965386612, 0.021898424922670107
flux1:, 1.6529136704782115, 0.0001732572433697269, 1.6308771059798096e-05, -0.009718893490364436, -0.020759979417917712, 0.020271401635959183
flux1:, 1.6538960273488152, 0.00016612432993900775, 1.5075377633870845e-05, -0.00911374682872208, -0.019256888225345214, 0.018795249465778364
flux1:, 1.6548783842194192, 0.0001500452165098313, 1.4438108213181974e-05, -0.008358999220977232, -0.017842112155409023, 0.017389430422618948
flux1:, 1.6558607410900232, 0.00014390574227639006, 1.32589325424923e-05, -0.007840639015153923, -0.016540881157145866, 0.01611652215782417
flux1:, 1.6568430979606272, 0.00013008577272004493, 1.2793253229196932e-05, -0.007179270760173436, -0.015317358399487124, 0.014903027393467171
flux1:, 1.6578254548312312, 0.00012475769674492846, 1.1653779517550381e-05, -0.006736511337661091, -0.014192102191846731, 0.013806584648074436
flux1:, 1.658807811701835, 0.00011291353660365515, 1.1341081736761563e-05, -0.0061573031328231815, -0.013135222260255514, 0.012760112054404138
flux1:, 1.659790168572439, 0.000108250912548467, 1.0230054850081432e-05, -0.005780271776756886, -0.012163198699836616, 0.011816700752933347
flux1:, 1.660772525443043, 9.812954662605102e-05, 1.0053978632544563e-05, -0.0052732880340337135, -0.011251334582499337, 0.010915110779103676
flux1:, 1.661754882313647, 9.401631454316811e-05, 8.96313261597762e-06, -0.004953284654025406, -0.010412589835196355, 0.010104250076408201
flux1:, 1.662737239184251, 8.539149139826557e-05, 8.909016277829274e-06, -0.0045097344679640265, -0.009626760270640364, 0.00932819488695461
flux1:, 1.6637195960548548, 8.173615801999705e-05, 7.832777687821776e-06, -0.004239105353916258, -0.008903811068758158, 0.008632008368122428
flux1:, 1.6647019529254587, 7.44054494947485e-05, 7.88724669361078e-06, -0.0038512177171088854, -0.008227378722179997, 0.00796460143553246
flux1:, 1.6656843097960627, 7.113651849322057e-05, 6.822416506919593e-06, -0.00362324234371645, -0.007604927963404855, 0.007367506497910507
flux1:, 1.6666666666666667, 6.49189250940215e-05, 6.973095385541508e-06, -0.003284154011566299, -0.007023329590584371, 0.006794028575303074
