flux1:, 1.1764705882352942, 0.009665015956263968, 0.00027841735413591904
flux1:, 1.1774529451058982, 0.000105250629356219, 0.0007512886948209139
flux1:, 1.1784353019765021, 0.004514139547217394, 0.00016962517357972797
flux1:, 1.179417658847106, 0.012688045703411437, 0.00010472683490451475
flux1:, 1.18040001571771, 0.0029562229286317875, 0.0006915056890143357
flux1:, 1.181382372588314, 0.00048093691000475406, 0.00025089650680511753
flux1:, 1.182364729458918, 0.01343529567895396, -1.4147072519473247e-05
flux1:, 1.183347086329522, 0.008435910515042128, 0.0007116344755624712
flux1:, 1.1843294432001257, -0.0024185128242318193, 0.0003669106245256278
flux1:, 1.1853118000707297, 0.010795402309428067, -0.00021373267810731466
flux1:, 1.1862941569413337, 0.015498729356186628, 0.0008138265862684232
flux1:, 1.1872765138119377, -0.0016920254090377835, 0.0008229137637119466
flux1:, 1.1882588706825417, 0.004442801893982185, -0.00043908994873114495
flux1:, 1.1892412275531457, 0.02120965241769455, 0.0007240802273382297
flux1:, 1.1902235844237494, 0.005237031767030069, 0.0019036740993358398
flux1:, 1.1912059412943534, -0.003240330430661106, -6.971185854875613e-05
flux1:, 1.1921882981649574, 0.02048528051423339, 0.00012688199813068495
flux1:, 1.1931706550355614, 0.017358701655354296, 0.003172609353789991
flux1:, 1.1941530119061654, -0.005845729824655577, 0.0018381810066107806
flux1:, 1.1951353687767692, 0.011094145650203068, -0.000424181061262039
flux1:, 1.1961177256473732, 0.026718821114367932, 0.0032959640796405465
flux1:, 1.1971000825179772, 0.0007536545234844493, 0.004872577065392274
flux1:, 1.1980824393885812, -0.0003274489672290648, 0.0005621047718423667
flux1:, 1.1990647962591852, 0.026847685343368583, 0.0019635774781075954
flux1:, 1.200047153129789, 0.01190801275594127, 0.007039778265689011
flux1:, 1.201029510000393, -0.006262142282770496, 0.003615102205253577
flux1:, 1.202011866870997, 0.020517067732508748, 0.0007344643155095936
flux1:, 1.202994223741601, 0.02197098976040966, 0.007153842689418685
flux1:, 1.203976580612205, -0.0060522281120155815, 0.007835863378695686
flux1:, 1.2049589374828087, 0.012601184747081745, 0.0014110431226765456
flux1:, 1.2059412943534127, 0.030518433694833563, 0.005547888092226511
flux1:, 1.2069236512240167, -0.0011403263748494344, 0.011849182162480605
flux1:, 1.2079060080946207, 0.004273739483337984, 0.005217007058822296
flux1:, 1.2088883649652247, 0.03966778922496758, 0.0035700416860764213
flux1:, 1.2098707218358287, 0.011204147356923691, 0.013955557843219203
flux1:, 1.2108530787064324, -0.005697833219013659, 0.012336550455173128
flux1:, 1.2118354355770364, 0.04752939691905527, 0.0036431540948023418
flux1:, 1.2128177924476404, 0.040096138889440976, 0.011946767919222523
flux1:, 1.2138001493182444, -0.01206695316270128, 0.01927053276657154
flux1:, 1.2147825061888484, 0.03917694664173493, 0.008001400411479806
flux1:, 1.2157648630594522, 0.08332661649279145, 0.005574413858927215
flux1:, 1.2167472199300562, 0.007833748989222816, 0.017219508170859307
flux1:, 1.2177295768006602, 0.005121625562334266, 0.01248209864803514
flux1:, 1.2187119336712642, 0.09839506706506883, 0.0005942928900740363
flux1:, 1.2196942905418682, 0.05754694807065315, 0.0068821549581720275
flux1:, 1.220676647412472, -0.019313079898845863, 0.010649645029831942
flux1:, 1.221659004283076, 0.06757934347781343, -0.000496612086425855
flux1:, 1.22264136115368, 0.10372469018673369, -0.000984256046807044
flux1:, 1.223623718024284, -0.007325562723928554, 0.00558034255855485
flux1:, 1.224606074894888, 0.02048164462644282, -0.0013919800428839582
flux1:, 1.2255884317654917, 0.1295033415781537, -0.004649765663277163
flux1:, 1.2265707886360957, 0.04184421444880993, 0.002192453665794688
flux1:, 1.2275531455066997, -0.01818783038458807, -0.0032726091724904535
flux1:, 1.2285355023773037, 0.13051457412741685, -0.007653606975016391
flux1:, 1.2295178592479077, 0.13530117314077192, 0.004378368173926816
flux1:, 1.2305002161185117, -0.014501083144919373, 0.001596821122637673
flux1:, 1.2314825729891155, 0.08689295904151627, -0.008636458272081909
flux1:, 1.2324649298597194, 0.25348592678761, 0.018610623643969027
flux1:, 1.2334472867303234, 0.11364656377370694, 0.04686852387676331
flux1:, 1.2344296436009274, -0.004367327819546325, 0.029675674748093073
flux1:, 1.2354120004715314, 0.1328561344110529, 0.02841622697062016
flux1:, 1.2363943573421352, 0.14417045087561484, 0.06852063825357244
flux1:, 1.2373767142127392, -0.0021050077490517276, 0.06654934510563451
flux1:, 1.2383590710833432, 0.028572868816740014, 0.029136663366591865
flux1:, 1.2393414279539472, 0.0890923648280185, 0.046155148159123374
flux1:, 1.2403237848245512, 0.002060327482664884, 0.07532347671166703
flux1:, 1.241306141695155, 0.01673024676067416, 0.04541676018357707
flux1:, 1.242288498565759, 0.0922774259169886, 0.03626074262339017
flux1:, 1.243270855436363, 0.0028262773277440644, 0.0842359137604297
flux1:, 1.244253212306967, 0.003327410855126317, 0.08566688629375153
flux1:, 1.245235569177571, 0.16048892140157703, 0.05496086309414181
flux1:, 1.2462179260481747, 0.07857995678336394, 0.10859391032090422
flux1:, 1.2472002829187787, -0.03180990766465339, 0.18561527957000248
flux1:, 1.2481826397893827, 0.27783423006235425, 0.1714056677799796
flux1:, 1.2491649966599867, 0.4899180482992213, 0.1425958582648858
flux1:, 1.2501473535305907, 0.16754852332885486, 0.16490522714280356
flux1:, 1.2511297104011945, -0.012740818556576685, 0.1377679611886409
flux1:, 1.2521120672717985, 0.23006081445781434, 0.04504077689490466
flux1:, 1.2530944241424025, 0.22354612003042365, 0.007726707544960052
flux1:, 1.2540767810130065, -0.03558936511789934, 0.029022044615266307
flux1:, 1.2550591378836105, 0.024487821939213783, 0.01948043436399033
flux1:, 1.2560414947542144, 0.16384403049943555, -0.003878673193156746
flux1:, 1.2570238516248182, 0.017852495965409852, 0.005214154203163969
flux1:, 1.2580062084954222, -0.03450235357984751, 0.011841061662688118
flux1:, 1.2589885653660262, 0.10827878730362316, -9.483638624320899e-05
flux1:, 1.2599709222366302, 0.060446827322628884, 0.0008388077066414456
flux1:, 1.2609532791072342, -0.04405863004898908, 0.008001163458812209
flux1:, 1.261935635977838, 0.05806660097828319, 0.0031331279655269105
flux1:, 1.262917992848442, 0.08601412404145709, 0.001917901968919717
flux1:, 1.263900349719046, -0.02863278355504986, 0.006747752718275235
flux1:, 1.26488270658965, 0.015519435884083844, 0.00478062529467893
flux1:, 1.265865063460254, 0.09331309718959321, 0.0041382504468744745
flux1:, 1.266847420330858, 0.0006263592820839581, 0.007713627223503651
flux1:, 1.2678297772014617, -0.014871665078394696, 0.005934308723175864
flux1:, 1.2688121340720657, 0.0832110790130257, 0.005801985376574219
flux1:, 1.2697944909426697, 0.03458203715750387, 0.010075672244396339
flux1:, 1.2707768478132737, -0.028907672198071763, 0.007867932885495145
flux1:, 1.2717592046838777, 0.05945634193921779, 0.006615421078036034
flux1:, 1.2727415615544815, 0.06440663548331134, 0.012638651593484769
flux1:, 1.2737239184250855, -0.02472480986243262, 0.011340101861474609
flux1:, 1.2747062752956895, 0.028787412779498502, 0.007293318000109628
flux1:, 1.2756886321662935, 0.08249476831488968, 0.014296546887582182
flux1:, 1.2766709890368975, -0.0041749349448295245, 0.01624036710299976
flux1:, 1.2776533459075012, -6.047900019398865e-05, 0.009101169299725403
flux1:, 1.2786357027781052, 0.08420435380422506, 0.014570182423835891
flux1:, 1.2796180596487092, 0.026838264294708137, 0.02159106501712531
flux1:, 1.2806004165193132, -0.018356108861917894, 0.013224009603224984
flux1:, 1.2815827733899172, 0.06941835339036323, 0.013969636897630115
flux1:, 1.282565130260521, 0.05936608945175903, 0.025942845535514854
flux1:, 1.283547487131125, -0.01988747950512672, 0.020111742712089407
flux1:, 1.284529844001729, 0.043101091434223096, 0.013974422903241648
flux1:, 1.285512200872333, 0.08370468936421067, 0.02806988598148681
flux1:, 1.286494557742937, -0.003174500975120293, 0.02905817494323999
flux1:, 1.2874769146135407, 0.014308871962912218, 0.01655033705671755
flux1:, 1.2884592714841447, 0.09241272224880363, 0.027718819146630137
flux1:, 1.2894416283547487, 0.027532765548374243, 0.0382501045356577
flux1:, 1.2904239852253527, -0.006369849809429446, 0.02331289243918942
flux1:, 1.2914063420959567, 0.08307493483919123, 0.02607896828130445
flux1:, 1.2923886989665605, 0.06312646109798105, 0.045376577329625446
flux1:, 1.2933710558371645, -0.010323817742601394, 0.034638055161852296
flux1:, 1.2943534127077685, 0.059692239201130905, 0.02568245852126374
flux1:, 1.2953357695783725, 0.09243777857526143, 0.048657257384391174
flux1:, 1.2963181264489765, 0.0057890576088634365, 0.049125292078543145
flux1:, 1.2973004833195805, 0.031880341509460564, 0.029628632192724273
flux1:, 1.2982828401901843, 0.10622983384868451, 0.04791806577287865
flux1:, 1.2992651970607882, 0.038315045729697135, 0.06376379470823187
flux1:, 1.3002475539313922, 0.011790016162375048, 0.04031254877990821
flux1:, 1.3012299108019962, 0.10099545421346842, 0.04521960840973406
flux1:, 1.3022122676726002, 0.07742778472574585, 0.07492165625007578
flux1:, 1.303194624543204, 0.009609197780995749, 0.058117831111082326
flux1:, 1.304176981413808, 0.08095694842808832, 0.04461637189010643
flux1:, 1.305159338284412, 0.11060153896871494, 0.07992786392087868
flux1:, 1.306141695155016, 0.029297554960486808, 0.08067821978781903
flux1:, 1.30712405202562, 0.05711620499793789, 0.050912184299765274
flux1:, 1.308106408896224, 0.12770094221353565, 0.07867823725500946
flux1:, 1.3090887657668278, 0.06643577188172285, 0.10321655333375718
flux1:, 1.3100711226374318, 0.04327445372527945, 0.06770505183299101
flux1:, 1.3110534795080357, 0.12573198502131844, 0.07452813506144168
flux1:, 1.3120358363786397, 0.10950382653537778, 0.12011503386910038
flux1:, 1.3130181932492437, 0.0502859240801205, 0.09542274034046493
flux1:, 1.3140005501198475, 0.11106541087133712, 0.07385839093244183
flux1:, 1.3149829069904515, 0.14461017071659155, 0.1273513927409474
flux1:, 1.3159652638610555, 0.0808689667107844, 0.13024852650229118
flux1:, 1.3169476207316595, 0.09766525954951141, 0.08413470049742536
flux1:, 1.3179299776022635, 0.16211188699377344, 0.12494553880319158
flux1:, 1.3189123344728673, 0.1275169692156336, 0.16468381097081647
flux1:, 1.3198946913434713, 0.10141211544127474, 0.11090684583290052
flux1:, 1.3208770482140753, 0.162362334835285, 0.11832497305768624
flux1:, 1.3218594050846793, 0.17514238124086998, 0.1899745065935375
flux1:, 1.3228417619552832, 0.1324684616448893, 0.15478374885377447
flux1:, 1.323824118825887, 0.15763621351769397, 0.11769672581483487
flux1:, 1.324806475696491, 0.20822431202018413, 0.19988266355939335
flux1:, 1.325788832567095, 0.18900769230732298, 0.20971326153147288
flux1:, 1.326771189437699, 0.16841669286904884, 0.13512448485040893
flux1:, 1.327753546308303, 0.22005617267227398, 0.19457904456681538
flux1:, 1.3287359031789068, 0.2557977855943274, 0.26370829762376186
flux1:, 1.3297182600495108, 0.21445983808405863, 0.17989086597982631
flux1:, 1.3307006169201148, 0.2201126733301208, 0.1830636777444521
flux1:, 1.3316829737907188, 0.3097698824313429, 0.3024761435650807
flux1:, 1.3326653306613228, 0.30363000929713385, 0.25357913671145105
flux1:, 1.3336476875319265, 0.23539506228230372, 0.18270105792053648
flux1:, 1.3346300444025305, 0.33209202548606737, 0.3154067547403135
flux1:, 1.3356124012731345, 0.4233988020646587, 0.3468065785403742
flux1:, 1.3365947581437385, 0.30324287594008414, 0.2152159743355105
flux1:, 1.3375771150143425, 0.32328333146409294, 0.30239787819807346
flux1:, 1.3385594718849465, 0.5402044407814673, 0.43945038070726594
flux1:, 1.3395418287555503, 0.4562187363248824, 0.29965093524981967
flux1:, 1.3405241856261543, 0.31576849725286704, 0.2794406008987729
flux1:, 1.3415065424967583, 0.6101993518012923, 0.5055083631548669
flux1:, 1.3424888993673623, 0.7033195351049959, 0.44397975521463745
flux1:, 1.3434712562379663, 0.37819420356690747, 0.28112096657240654
flux1:, 1.34445361310857, 0.6017794772983299, 0.5227222928086672
flux1:, 1.345435969979174, 1.0145797102488672, 0.637871848576014
flux1:, 1.346418326849778, 0.6086997369683256, 0.35952139200533006
flux1:, 1.347400683720382, 0.5274580404332871, 0.48653467053757216
flux1:, 1.348383040590986, 1.3167974058849972, 0.8491286618600244
flux1:, 1.34936539746159, 1.1209446665400422, 0.5820187989511691
flux1:, 1.3503477543321938, 0.4844005693400111, 0.42992348928245316
flux1:, 1.3513301112027978, 1.5059887582113858, 1.02535715716888
flux1:, 1.3523124680734018, 2.040170419877836, 1.0378918291358104
flux1:, 1.3532948249440058, 0.7235240961051017, 0.463454747690492
flux1:, 1.3542771818146098, 1.4785991932523723, 1.1007621583534706
flux1:, 1.3552595386852135, 3.56818546311468, 1.8919380818471363
flux1:, 1.3562418955558175, 1.8876124780380261, 0.9263091660060238
flux1:, 1.3572242524264215, 1.191297297523983, 1.0102981398111728
flux1:, 1.3582066092970255, 6.433043284768415, 3.7136992706619614
flux1:, 1.3591889661676295, 6.6355934406199335, 3.4759268766176317
flux1:, 1.3601713230382333, 0.9939479759788294, 0.843364404264528
flux1:, 1.3611536799088373, 17.1858097839825, 11.511528504208856
flux1:, 1.3621360367794413, 61.92159516529568, 42.80288754309066
flux1:, 1.3631183936500453, 90.25555832831029, 71.04354008988533
flux1:, 1.3641007505206493, 69.05196616935226, 66.2452656783429
flux1:, 1.365083107391253, 26.922420206905116, 33.475111921167596
flux1:, 1.366065464261857, 3.9605698007797905, 6.041907893676022
flux1:, 1.367047821132461, 0.49456454259894483, 0.9012526260744487
flux1:, 1.368030178003065, 0.7139043410507638, 4.578078758777026
flux1:, 1.369012534873669, 0.8042802702849533, 3.090142290144862
flux1:, 1.3699948917442728, 0.7859360217631093, 0.7545689117545458
flux1:, 1.3709772486148768, 0.34232548335391, 3.016445033185173
flux1:, 1.3719596054854808, 0.9815200736363388, 3.6565249475393133
flux1:, 1.3729419623560848, 1.0150072241721866, 0.8667778571180865
flux1:, 1.3739243192266888, 3.075577724419324, 6.901827975946847
flux1:, 1.3749066760972926, 17.221742520418285, 26.975857013637167
flux1:, 1.3758890329678966, 36.32910142152126, 43.82883978218069
flux1:, 1.3768713898385005, 35.79377901039841, 39.1823551068726
flux1:, 1.3778537467091045, 15.203292383097388, 19.221203021580468
flux1:, 1.3788361035797085, 1.2659988647526366, 4.1138175444985565
flux1:, 1.3798184604503125, 2.228284062808329, 1.315236700113261
flux1:, 1.3808008173209163, 3.1389795368730917, 2.874086810319505
flux1:, 1.3817831741915203, 0.5642120153817224, 2.3338009632968086
flux1:, 1.3827655310621243, 1.3374219530804972, 1.199563026934458
flux1:, 1.3837478879327283, 2.468937645404616, 1.4470549509744586
flux1:, 1.3847302448033323, 0.7674868215451938, 1.7814296883506537
flux1:, 1.3857126016739363, 0.9121373811949631, 1.372408332899323
flux1:, 1.38669495854454, 2.4467856571802016, 1.1991601819610505
flux1:, 1.387677315415144, 1.3504918359416944, 1.4908797284362592
flux1:, 1.388659672285748, 0.6913029475449767, 1.4761937999154997
flux1:, 1.389642029156352, 2.312543238889523, 1.2427461246583427
flux1:, 1.390624386026956, 2.0802308204333477, 1.3494172128788755
flux1:, 1.3916067428975598, 0.7952690258074532, 1.5060238520152982
flux1:, 1.3925890997681638, 1.9913004403670602, 1.3647310783394446
flux1:, 1.3935714566387678, 2.7112092807353987, 1.3199619233030233
flux1:, 1.3945538135093718, 1.2819741480207263, 1.4966280823616724
flux1:, 1.3955361703799758, 1.6305958835460983, 1.4852645856856126
flux1:, 1.3965185272505796, 3.048764279004077, 1.3704942287016995
flux1:, 1.3975008841211836, 2.069052467371163, 1.483690998766907
flux1:, 1.3984832409917876, 1.4573015554415554, 1.575847071537585
flux1:, 1.3994655978623916, 3.0254029211250577, 1.4683449948227159
flux1:, 1.4004479547329955, 2.948855340322471, 1.491965053211131
flux1:, 1.4014303116035993, 1.6617359152394566, 1.6342178344505007
flux1:, 1.4024126684742033, 2.7365056607979534, 1.5849510683571988
flux1:, 1.4033950253448073, 3.6621002770124047, 1.532772627763669
flux1:, 1.4043773822154113, 2.304261707814505, 1.6701639074321357
flux1:, 1.4053597390860153, 2.416208814558372, 1.6994160541860326
flux1:, 1.406342095956619, 4.000265851473594, 1.606764842710497
flux1:, 1.407324452827223, 3.2670207784593734, 1.6962742527203751
flux1:, 1.408306809697827, 2.355623799001898, 1.797998783533089
flux1:, 1.409289166568431, 3.9020239781604205, 1.708075311528006
flux1:, 1.410271523439035, 4.2666311751884125, 1.723486169368921
flux1:, 1.4112538803096388, 2.7799920338079747, 1.8705162547369003
flux1:, 1.4122362371802428, 3.509854892452303, 1.8260703108769911
flux1:, 1.4132185940508468, 4.93204759880973, 1.760653346247266
flux1:, 1.4142009509214508, 3.7080140721531514, 1.9068874682924661
flux1:, 1.4151833077920548, 3.1535985697571713, 1.9422563078267603
flux1:, 1.4161656646626586, 4.945988414494268, 1.8151638899528595
flux1:, 1.4171480215332626, 4.826490611347351, 1.898508291443572
flux1:, 1.4181303784038666, 3.216478804637492, 2.023819741141441
flux1:, 1.4191127352744706, 4.243875400693007, 1.8893881689135301
flux1:, 1.4200950921450746, 5.467704061184262, 1.8497157285194123
flux1:, 1.4210774490156786, 3.8312575453728397, 2.025603906993065
flux1:, 1.4220598058862823, 3.2056610623842734, 1.9691850716925912
flux1:, 1.4230421627568863, 4.920928142843047, 1.7980586275938333
flux1:, 1.4240245196274903, 4.508576327418066, 1.927497131456906
flux1:, 1.4250068764980943, 2.55786357067725, 2.0177235160794207
flux1:, 1.4259892333686983, 3.2498035755181602, 1.8136676158565626
flux1:, 1.4269715902393023, 4.326484283569764, 1.803787517021547
flux1:, 1.427953947109906, 2.664880942711837, 2.0124047154117246
flux1:, 1.42893630398051, 1.6978527078161234, 1.9361179869783693
flux1:, 1.429918660851114, 3.0996719900864087, 1.801112468671678
flux1:, 1.430901017721718, 3.011122087003855, 2.0010941429390057
flux1:, 1.431883374592322, 1.3698566778488053, 2.1230665167286467
flux1:, 1.4328657314629258, 1.80919568053729, 1.9830772718184313
flux1:, 1.4338480883335298, 2.9815267249447754, 2.0685837278152657
flux1:, 1.4348304452041338, 2.049941921246207, 2.3145026473326227
flux1:, 1.4358128020747378, 1.3751903873042848, 2.2851133828790307
flux1:, 1.4367951589453418, 2.623467450505112, 2.256760095066525
flux1:, 1.4377775158159456, 2.920746716296222, 2.5002832973694487
flux1:, 1.4387598726865496, 1.8954979007538313, 2.61570586254683
flux1:, 1.4397422295571536, 2.372045033867607, 2.550872096149058
flux1:, 1.4407245864277576, 3.4868616274530733, 2.7069885715979716
flux1:, 1.4417069432983616, 2.9485315149507554, 2.92370148850403
flux1:, 1.4426893001689653, 2.573661006451867, 2.907419640045307
flux1:, 1.4436716570395693, 3.725637329610703, 2.9616441949362744
flux1:, 1.4446540139101733, 4.045626338959448, 3.2004991824748985
flux1:, 1.4456363707807773, 3.3017439749885873, 3.278244825907437
flux1:, 1.4466187276513813, 3.877118494453234, 3.2708407383562004
flux1:, 1.447601084521985, 4.869669830561302, 3.4605359477646456
flux1:, 1.448583441392589, 4.3829957760907705, 3.6241161698533926
flux1:, 1.449565798263193, 4.212986976599859, 3.615638436777332
flux1:, 1.450548155133797, 5.342875243745671, 3.7207202643087167
flux1:, 1.451530512004401, 5.5139829564670295, 3.9207167143100166
flux1:, 1.4525128688750049, 4.875632713492691, 3.957050191421901
flux1:, 1.4534952257456089, 5.587514441762542, 3.9842017815769206
flux1:, 1.4544775826162128, 6.404191816665127, 4.15783791900307
flux1:, 1.4554599394868168, 5.8090797534570475, 4.2482219815668
flux1:, 1.4564422963574208, 5.817577283881313, 4.232153642551417
flux1:, 1.4574246532280246, 6.896880925980355, 4.33266526189126
flux1:, 1.4584070100986286, 6.789905256440571, 4.448740523878862
flux1:, 1.4593893669692326, 6.2052932336478195, 4.426902205709012
flux1:, 1.4603717238398366, 7.022096102993372, 4.440760231784653
flux1:, 1.4613540807104406, 7.540725536115298, 4.5353768018750555
flux1:, 1.4623364375810444, 6.781242623390941, 4.526080438260198
flux1:, 1.4633187944516486, 6.957987563543335, 4.470821067573204
flux1:, 1.4643011513222524, 7.870350173921945, 4.504901599699645
flux1:, 1.4652835081928564, 7.417168490208831, 4.501460206980033
flux1:, 1.4662658650634603, 6.920538827849024, 4.4084331937752745
flux1:, 1.4672482219340643, 7.7650847267942815, 4.369590408473804
flux1:, 1.4682305788046683, 7.895481557333881, 4.352564874047888
flux1:, 1.4692129356752721, 7.039654513711176, 4.248730036327084
flux1:, 1.470195292545876, 7.382196239715171, 4.151868418001047
flux1:, 1.47117764941648, 8.020650562845438, 4.10828248953436
flux1:, 1.472160006287084, 7.281654772427171, 4.010138344818632
flux1:, 1.473142363157688, 6.952734731144511, 3.884179899185395
flux1:, 1.4741247200282919, 7.719329902633912, 3.8168445230465986
flux1:, 1.4751070768988959, 7.460777668351446, 3.735200454241066
flux1:, 1.4760894337694999, 6.646148965045236, 3.6087652974302515
flux1:, 1.4770717906401039, 7.090365834751111, 3.5287140583937306
flux1:, 1.4780541475107078, 7.362298846015687, 3.470094470991867
flux1:, 1.4790365043813116, 6.479570086878749, 3.364083260578883
flux1:, 1.4800188612519156, 6.358737490675961, 3.2791019056174773
flux1:, 1.4810012181225196, 6.909175004678027, 3.2400691411325817
flux1:, 1.4819835749931236, 6.345580294441686, 3.1655046435234593
flux1:, 1.4829659318637276, 5.738156613599492, 3.0803508060741143
flux1:, 1.4839482887343314, 6.209929411649579, 3.0480523502007513
flux1:, 1.4849306456049354, 6.122447275624842, 3.00564381437311
flux1:, 1.4859130024755394, 5.321079137388515, 2.927956238800616
flux1:, 1.4868953593461434, 5.458007790227976, 2.889933630373437
flux1:, 1.4878777162167474, 5.753845708158069, 2.8713677191754803
flux1:, 1.4888600730873511, 5.0774013232101876, 2.8110196673464807
flux1:, 1.4898424299579551, 4.816810002859765, 2.763269069542671
flux1:, 1.4908247868285591, 5.259262785315192, 2.7552324773807637
flux1:, 1.4918071436991631, 4.915415673031963, 2.718643080563796
flux1:, 1.4927895005697671, 4.369279212021539, 2.6661794104231165
flux1:, 1.4937718574403709, 4.707731869116266, 2.6557087905512566
flux1:, 1.4947542143109749, 4.740440027493952, 2.6416781694409135
flux1:, 1.4957365711815789, 4.1170749322933995, 2.593941943811223
flux1:, 1.4967189280521829, 4.1837100297137475, 2.5725914371333496
flux1:, 1.4977012849227869, 4.489163302104137, 2.571942575710471
flux1:, 1.4986836417933906, 4.00055683199296, 2.5367238373400602
flux1:, 1.4996659986639946, 3.7561102319934365, 2.5021207052064582
flux1:, 1.5006483555345986, 4.1412145588330675, 2.500295734967464
flux1:, 1.5016307124052026, 3.925145411328547, 2.478447503692013
flux1:, 1.5026130692758066, 3.454959417571829, 2.4330092389287112
flux1:, 1.5035954261464104, 3.7146420382176983, 2.4144442406288533
flux1:, 1.5045777830170146, 3.7892777780551112, 2.397081354001502
flux1:, 1.5055601398876184, 3.259140681647453, 2.344470217744142
flux1:, 1.5065424967582224, 3.2521687034624587, 2.297927472254834
flux1:, 1.5075248536288264, 3.514269403865946, 2.2683809684404515
flux1:, 1.5085072104994304, 3.1004619091975503, 2.209519517526595
flux1:, 1.5094895673700344, 2.8036129168809727, 2.1330592604301444
flux1:, 1.5104719242406381, 3.0756536181201377, 2.075322300614027
flux1:, 1.5114542811112421, 2.8910600475401913, 2.007261515221675
flux1:, 1.5124366379818461, 2.408065548105809, 1.9100124097213378
flux1:, 1.5134189948524501, 2.5228819875334714, 1.82037257639664
flux1:, 1.5144013517230541, 2.5708234480319745, 1.7400218173642048
flux1:, 1.515383708593658, 2.080321906747965, 1.6376862764422668
flux1:, 1.516366065464262, 1.9616270642825975, 1.529349452313946
flux1:, 1.5173484223348659, 2.144951055171078, 1.4387614571296883
flux1:, 1.5183307792054699, 1.808620293572593, 1.3446055561967187
flux1:, 1.5193131360760739, 1.4963579656161314, 1.2388489491019823
flux1:, 1.5202954929466777, 1.6767882753824082, 1.1462561287939212
flux1:, 1.5212778498172816, 1.566313788229043, 1.065402546834108
flux1:, 1.5222602066878856, 1.1775277731620057, 0.9777030207956173
flux1:, 1.5232425635584896, 1.2450274961947458, 0.8934988885761093
flux1:, 1.5242249204290936, 1.3293226219705625, 0.8249804276336639
flux1:, 1.5252072772996974, 0.9929470497924933, 0.7589937177500227
flux1:, 1.5261896341703014, 0.9064366471419023, 0.6906932991001519
flux1:, 1.5271719910409054, 1.0884683680310712, 0.6326887440041747
flux1:, 1.5281543479115094, 0.8935494464814038, 0.5838172362796379
flux1:, 1.5291367047821134, 0.6831670843237784, 0.5334712371702612
flux1:, 1.5301190616527172, 0.8523409195328729, 0.4858321018775255
flux1:, 1.5311014185233212, 0.8243460639119254, 0.4477306983556237
flux1:, 1.5320837753939252, 0.5662471137249181, 0.4125502406220471
flux1:, 1.5330661322645291, 0.641702233343641, 0.3759237947200143
flux1:, 1.5340484891351331, 0.7455928408349746, 0.34456304289573547
flux1:, 1.535030846005737, 0.525237081025327, 0.31950811114468153
flux1:, 1.536013202876341, 0.47875375174376605, 0.29356783230512834
flux1:, 1.536995559746945, 0.6417887073608577, 0.26781189538108996
flux1:, 1.537977916617549, 0.5205822625378178, 0.24827136251970316
flux1:, 1.538960273488153, 0.37633746518681654, 0.23101033087163794
flux1:, 1.5399426303587567, 0.5198268087223415, 0.21120416361251548
flux1:, 1.5409249872293607, 0.5163881145420639, 0.19449150758855757
flux1:, 1.5419073440999647, 0.33215559184114174, 0.18281563480360677
flux1:, 1.5428897009705687, 0.3996285495453142, 0.16916392834765454
flux1:, 1.5438720578411727, 0.48995685986592474, 0.15461603522451975
flux1:, 1.5448544147117764, 0.330124081556573, 0.1454940987358586
flux1:, 1.5458367715823806, 0.30249155967730945, 0.13719339123024835
flux1:, 1.5468191284529844, 0.43522652655300637, 0.12537814998807803
flux1:, 1.5478014853235884, 0.3469919641542334, 0.11679408883304761
flux1:, 1.5487838421941924, 0.24210787977204365, 0.11203878136085424
flux1:, 1.5497661990647964, 0.36017064606509946, 0.10371470365465682
flux1:, 1.5507485559354004, 0.3603060854374938, 0.09505801788154698
flux1:, 1.5517309128060042, 0.2206594057713406, 0.09162903223835363
flux1:, 1.5527132696766082, 0.28065363768757295, 0.08692085291834183
flux1:, 1.5536956265472122, 0.354473795708084, 0.07877941249331494
flux1:, 1.5546779834178162, 0.22957173330467814, 0.07484095424760195
flux1:, 1.5556603402884202, 0.21368099951112576, 0.07289202647992166
flux1:, 1.556642697159024, 0.323696622165236, 0.06639598134175094
flux1:, 1.557625054029628, 0.2531126898690909, 0.0611430424816425
flux1:, 1.558607410900232, 0.17186979202949443, 0.060338720960177554
flux1:, 1.559589767770836, 0.2721157905624154, 0.05633995033673708
flux1:, 1.56057212464144, 0.2732740123949922, 0.050191567445470014
flux1:, 1.5615544815120437, 0.1597158551128777, 0.0488389831032509
flux1:, 1.5625368383826477, 0.21173692163803898, 0.0473098522271274
flux1:, 1.5635191952532517, 0.275162122258212, 0.041515456812731256
flux1:, 1.5645015521238557, 0.17201122848425332, 0.03861874947843693
flux1:, 1.5654839089944597, 0.15818601747720898, 0.0385924531163099
flux1:, 1.5664662658650634, 0.25199851421914304, 0.0344375699612918
flux1:, 1.5674486227356674, 0.19531035860817253, 0.030105714971010555
flux1:, 1.5684309796062714, 0.12469445433848313, 0.030180581258493978
flux1:, 1.5694133364768754, 0.20773932535693698, 0.0282522430016325
flux1:, 1.5703956933474794, 0.21295240695364656, 0.023493705578950325
flux1:, 1.5713780502180832, 0.116409476221049, 0.022558597682374695
flux1:, 1.5723604070886872, 0.15524691669900093, 0.022491666694788366
flux1:, 1.5733427639592912, 0.2120085877660599, 0.01856657846519676
flux1:, 1.5743251208298952, 0.1281653344162115, 0.016289239329942754
flux1:, 1.5753074777004992, 0.11025733082486425, 0.01706370014333799
flux1:, 1.576289834571103, 0.18861963805059948, 0.014823281370708418
flux1:, 1.577272191441707, 0.14723026258400232, 0.011667945422520622
flux1:, 1.578254548312311, 0.08425182846526102, 0.012180882302513532
flux1:, 1.579236905182915, 0.1488883036673903, 0.011738291530479072
flux1:, 1.580219262053519, 0.15944388269510562, 0.008605612096265884
flux1:, 1.5812016189241227, 0.079937911449914, 0.008162650313473324
flux1:, 1.5821839757947267, 0.10523581284912897, 0.00896661614437255
flux1:, 1.5831663326653307, 0.1553781336525179, 0.006717566354088761
flux1:, 1.5841486895359347, 0.09115637670301457, 0.005240000401194251
flux1:, 1.5851310464065387, 0.07049317952020519, 0.0064102238899419
flux1:, 1.5861134032771425, 0.1336923179146391, 0.005504868010818796
flux1:, 1.5870957601477467, 0.10656510237579803, 0.0034418878433008383
flux1:, 1.5880781170183504, 0.05262196617388879, 0.00416569815171644
flux1:, 1.5890604738889544, 0.1006678776381048, 0.004527667471163869
flux1:, 1.5900428307595584, 0.11493967076800994, 0.002578476178435512
flux1:, 1.5910251876301624, 0.05213470129187518, 0.0024110727184329535
flux1:, 1.5920075445007664, 0.06669257436293935, 0.0035196423735618576
flux1:, 1.5929899013713702, 0.10969280128247169, 0.002302239285834197
flux1:, 1.5939722582419742, 0.06284657857253506, 0.0012837289684634358
flux1:, 1.5949546151125782, 0.04153832467413977, 0.002427151571114157
flux1:, 1.5959369719831822, 0.0909254798460851, 0.0022189896733634195
flux1:, 1.5969193288537862, 0.07520927170665348, 0.0007879227327966132
flux1:, 1.59790168572439, 0.030471965249319947, 0.0013714772971934344
flux1:, 1.598884042594994, 0.06451815174417663, 0.0020152685273671133
flux1:, 1.599866399465598, 0.08058534772934756, 0.0007639182785004019
flux1:, 1.600848756336202, 0.03265744149857719, 0.0005469930470138657
flux1:, 1.601831113206806, 0.03898102794147751, 0.0015569133843574188
flux1:, 1.6028134700774097, 0.07464219037091796, 0.0009376826378244179
flux1:, 1.6037958269480137, 0.04224602232432044, 9.467645726413986e-05
flux1:, 1.6047781838186177, 0.021594549863696674, 0.00091116250235542
flux1:, 1.6057605406892217, 0.058573526170259196, 0.0010352863962954984
flux1:, 1.6067428975598257, 0.051425534196425225, 1.3527639002823514e-05
flux1:, 1.6077252544304295, 0.015518968356696552, 0.00027373307258739304
flux1:, 1.6087076113010335, 0.037860933291778136, 0.0009021385308738555
flux1:, 1.6096899681716375, 0.053940293447954854, 0.00016051788364233418
flux1:, 1.6106723250422414, 0.019001058717232306, -0.00016139556245364637
flux1:, 1.6116546819128454, 0.019359033686123395, 0.0005545362757012972
flux1:, 1.6126370387834492, 0.047510635951802, 0.00033520449361018926
flux1:, 1.6136193956540532, 0.026796524340210546, -0.000311160488047573
flux1:, 1.6146017525246572, 0.008161608329058182, 0.00013435242578243778
flux1:, 1.6155841093952612, 0.034210365143031274, 0.0003879888711439249
flux1:, 1.6165664662658652, 0.03292423928352267, -0.00023002759817827666
flux1:, 1.617548823136469, 0.005669217203410727, -0.00019479085969694175
flux1:, 1.618531180007073, 0.018883847595888962, 0.0002820110809301554
flux1:, 1.619513536877677, 0.03335172176361912, -5.4135912763592976e-05
flux1:, 1.620495893748281, 0.009575239424582146, -0.0003390774222652111
flux1:, 1.621478250618885, 0.006579066112237135, 8.113847922139508e-05
flux1:, 1.6224606074894887, 0.027401523089439793, 8.545823323828641e-05
flux1:, 1.6234429643600927, 0.015506037114443512, -0.00030566691602597936
flux1:, 1.6244253212306967, 0.0003119424258286184, -0.00011173905499360233
flux1:, 1.6254076781013007, 0.017420910470918167, 0.00012352009308557225
flux1:, 1.6263900349719047, 0.01930054649605282, -0.00017310392134715506
flux1:, 1.6273723918425085, 0.00014067491175399164, -0.00021902000868514893
flux1:, 1.6283547487131127, 0.00715380836649559, 6.995255429948711e-05
flux1:, 1.6293371055837165, 0.01875669041614106, -3.4751658078039686e-05
flux1:, 1.6303194624543205, 0.0037454614472712173, -0.00022046926715209246
flux1:, 1.6313018193249245, -0.00018446888335805727, -2.0834991544547987e-05
flux1:, 1.6322841761955285, 0.014132824646103987, 4.7279937371432786e-05
flux1:, 1.6332665330661325, 0.00793956571957741, -0.00014708076645500283
flux1:, 1.6342488899367362, -0.0031705248753901793, -9.158662113482669e-05
flux1:, 1.6352312468073402, 0.0074441237170527, 5.891130184528803e-05
flux1:, 1.6362136036779442, 0.010202606451982184, -5.2578829401945036e-05
flux1:, 1.6371959605485482, -0.002347571211774911, -0.00011121853015185955
flux1:, 1.6381783174191522, 0.0011704710906002935, 2.401906343419885e-05
flux1:, 1.639160674289756, 0.009535067833313787, 1.689267206479465e-05
flux1:, 1.64014303116036, 0.0004853283523654249, -8.246703997266353e-05
flux1:, 1.641125388030964, -0.0028890496591814836, -1.9163496290512578e-05
flux1:, 1.642107744901568, 0.006443647306481865, 4.114679605753489e-05
flux1:, 1.643090101772172, 0.0033105319630287464, -3.1542313350001475e-05
flux1:, 1.6440724586427757, -0.0041616368226888405, -4.1094293282563406e-05
flux1:, 1.6450548155133797, 0.002318874609201431, 2.782469286015164e-05
flux1:, 1.6460371723839837, 0.004722005553940266, 1.0830769040680006e-05
flux1:, 1.6470195292545877, -0.0032002731123700777, -3.356609778640996e-05
flux1:, 1.6480018861251917, -0.0013537568633857123, 7.919491922584932e-07
flux1:, 1.6489842429957955, 0.004276945348866791, 2.6298547827476987e-05
flux1:, 1.6499665998663995, -0.001177684166178631, -8.448165066643245e-06
flux1:, 1.6509489567370035, -0.0035866123988726652, -1.6739610647533736e-05
flux1:, 1.6519313136076075, 0.0023824751203844253, 1.5764003160296898e-05
flux1:, 1.6529136704782115, 0.0007044315059329319, 1.4029066140509858e-05
flux1:, 1.6538960273488152, -0.0041238844866639205, -1.486997944893324e-05
flux1:, 1.6548783842194192, -9.458751583065993e-05, -5.550335266839114e-06
flux1:, 1.6558607410900232, 0.0016465103762263857, 1.9210274373620795e-05
flux1:, 1.6568430979606272, -0.0033429333391856485, 5.351506498848359e-07
flux1:, 1.6578254548312312, -0.0022682707444395124, -2.0089392992411024e-05
flux1:, 1.658807811701835, 0.0014177905519688534, 5.932469986263269e-06
flux1:, 1.659790168572439, -0.0019598088204452963, 1.5091520709032656e-05
flux1:, 1.660772525443043, -0.003554805354456107, -1.893378780718858e-05
flux1:, 1.661754882313647, 0.000280655086417587, -1.513567741103265e-05
flux1:, 1.662737239184251, -0.0006989443875645636, 1.6834392927622478e-05
flux1:, 1.6637195960548548, -0.0038011374476131063, -5.489684485634117e-06
flux1:, 1.6647019529254587, -0.0012305044138192923, -3.0069754065798657e-05
flux1:, 1.6656843097960627, -4.775524984264281e-05, 3.601021334599667e-06
flux1:, 1.6666666666666667, -0.0032339606196593066, 9.000009869540603e-06
