flux1:, 1.1764705882352942, 0.010196517996296384, -0.0006001399913828655
flux1:, 1.1774529451058982, 0.0019318537070040582, 0.0003105843127723071
flux1:, 1.1784353019765021, 0.0020864990042221135, 6.943508307423533e-05
flux1:, 1.179417658847106, 0.01149711906671675, -0.0007292230559692579
flux1:, 1.18040001571771, 0.005766085325480852, 0.00014185182721765158
flux1:, 1.181382372588314, -0.0006850866612784637, 0.00027299771458162914
flux1:, 1.182364729458918, 0.010242512362797449, -0.0008888744693650494
flux1:, 1.183347086329522, 0.011040330872288957, -6.668189237306473e-05
flux1:, 1.1843294432001257, -0.00119718373010216, 0.0006943262959996739
flux1:, 1.1853118000707297, 0.006230848632433473, -0.0009961633553517962
flux1:, 1.1862941569413337, 0.01610656943980074, -0.0005958112932273241
flux1:, 1.1872765138119377, 0.0023275733105723216, 0.0014275986387490755
flux1:, 1.1882588706825417, 0.0004449213747445234, -0.0004984878201667935
flux1:, 1.1892412275531457, 0.018125771565422832, -0.0016587533706974144
flux1:, 1.1902235844237494, 0.010712908552037251, 0.001961148669409111
flux1:, 1.1912059412943534, -0.003762410616021366, 0.0014866617265196591
flux1:, 1.1921882981649574, 0.013879801211872362, -0.002511178607736844
flux1:, 1.1931706550355614, 0.020880581747613664, 0.0010355908377334953
flux1:, 1.1941530119061654, -0.0012927931214182639, 0.004730084868032906
flux1:, 1.1951353687767692, 0.004261366886590037, -0.0009738793527397326
flux1:, 1.1961177256473732, 0.025255928460669142, -0.0015647809303608656
flux1:, 1.1971000825179772, 0.008294954343441614, 0.006456230765805377
flux1:, 1.1980824393885812, -0.003433212957377075, 0.003841651667612924
flux1:, 1.1990647962591852, 0.02071458384646925, -0.0031314476044627918
flux1:, 1.200047153129789, 0.018490442015902695, 0.004473544539010671
flux1:, 1.201029510000393, -0.004368131031394079, 0.009251397897884102
flux1:, 1.202011866870997, 0.0123182326211698, -0.0009043372913101368
flux1:, 1.202994223741601, 0.025099153426438914, 0.0002728602270799437
flux1:, 1.203976580612205, -4.5400361680470864e-05, 0.012037116340510414
flux1:, 1.2049589374828087, 0.004590909749648401, 0.005350195328784245
flux1:, 1.2059412943534127, 0.02922398928722935, -0.002849131506792975
flux1:, 1.2069236512240167, 0.008085614752782225, 0.010639214884843887
flux1:, 1.2079060080946207, -0.0018874957375059997, 0.013955651315470276
flux1:, 1.2088883649652247, 0.032518776346317585, -0.00136904784412595
flux1:, 1.2098707218358287, 0.02297680209108394, 0.005146468511029732
flux1:, 1.2108530787064324, -0.00652202762494375, 0.021122479860567527
flux1:, 1.2118354355770364, 0.03193776984019638, 0.007645492586063153
flux1:, 1.2128177924476404, 0.05004575983029058, -0.0014189914905439105
flux1:, 1.2138001493182444, -0.00013073350843602826, 0.01963294292736209
flux1:, 1.2147825061888484, 0.01791348490089554, 0.020899059550880818
flux1:, 1.2157648630594522, 0.07839713922452761, -0.0016267627008477088
flux1:, 1.2167472199300562, 0.03378122936019382, 0.006094187714801558
flux1:, 1.2177295768006602, -0.004190354167580734, 0.023106185136934118
flux1:, 1.2187119336712642, 0.07181335013688922, 0.005395383861611309
flux1:, 1.2196942905418682, 0.07888271640174485, -0.0056828894249628115
flux1:, 1.220676647412472, -0.0037371804368358007, 0.011912752044346619
flux1:, 1.221659004283076, 0.03430526664057568, 0.008992118136189817
flux1:, 1.22264136115368, 0.10241736972346527, -0.008174925101995856
flux1:, 1.223623718024284, 0.026013533202726778, 0.0014903578071247814
flux1:, 1.224606074894888, -0.00021653586812102227, 0.00728651246822234
flux1:, 1.2255884317654917, 0.10102483974262337, -0.008287703669640944
flux1:, 1.2265707886360957, 0.07617655878150908, -0.0036963775186228103
flux1:, 1.2275531455066997, -0.011735041566597172, 0.00609390802681613
flux1:, 1.2285355023773037, 0.08052593591152545, -0.01054984634241962
flux1:, 1.2295178592479077, 0.14527715531375848, -0.007649346743674767
flux1:, 1.2305002161185117, 0.02692564312838946, 0.01515046831840201
flux1:, 1.2314825729891155, 0.044194043053502524, -0.004136810797561714
flux1:, 1.2324649298597194, 0.2113437957675486, -0.014803354734905596
flux1:, 1.2334472867303234, 0.1633145522327909, 0.0433435088313997
flux1:, 1.2344296436009274, 0.02379695185573687, 0.06586832841167643
flux1:, 1.2354120004715314, 0.0993713088266295, 0.014787496644965597
flux1:, 1.2363943573421352, 0.15826022417180932, 0.027726972755787633
flux1:, 1.2373767142127392, 0.0361681728880971, 0.0921828455309638
flux1:, 1.2383590710833432, 0.011462140427369321, 0.061333389695830805
flux1:, 1.2393414279539472, 0.083062642234774, 0.010375243035796096
flux1:, 1.2403237848245512, 0.02928074714724668, 0.06374594829953147
flux1:, 1.241306141695155, 0.0005326922856610922, 0.0906125675029274
flux1:, 1.242288498565759, 0.07810155712864046, 0.0260061566648586
flux1:, 1.243270855436363, 0.03774681070874431, 0.04144720065540443
flux1:, 1.244253212306967, -0.012368446737632799, 0.12174191916891618
flux1:, 1.245235569177571, 0.11590614011601819, 0.08651163837982694
flux1:, 1.2462179260481747, 0.1294274531146452, 0.04521443994884836
flux1:, 1.2472002829187787, -0.002859262758542913, 0.16623433225592066
flux1:, 1.2481826397893827, 0.16584685477817138, 0.2572478971228366
flux1:, 1.2491649966599867, 0.4473251595834419, 0.16094469638313458
flux1:, 1.2501473535305907, 0.2908804872312189, 0.08137627850102268
flux1:, 1.2511297104011945, 0.025708013349439025, 0.12067611522512706
flux1:, 1.2521120672717985, 0.13829351447857288, 0.10168787165156287
flux1:, 1.2530944241424025, 0.22947656073492964, 0.008036793005938852
flux1:, 1.2540767810130065, 0.0349560359652643, -0.004934041154907084
flux1:, 1.2550591378836105, -0.008614087132661314, 0.03168556569410466
flux1:, 1.2560414947542144, 0.12764404275572844, 0.011624183751758117
flux1:, 1.2570238516248182, 0.0664394691613417, -0.011933361285435942
flux1:, 1.2580062084954222, -0.030436495569119777, 0.007953502020931138
flux1:, 1.2589885653660262, 0.06482010467673233, 0.012114157405563918
flux1:, 1.2599709222366302, 0.08330209682005082, -0.004727784978614272
flux1:, 1.2609532791072342, -0.019110514657772918, 0.0006009697173322716
flux1:, 1.261935635977838, 0.021840197988835023, 0.009426297490304575
flux1:, 1.262917992848442, 0.0854582906184183, 0.0017523265425546716
flux1:, 1.263900349719046, 0.004773347743266547, 0.0007746640590957527
flux1:, 1.26488270658965, -0.00577407886031775, 0.006813864804431234
flux1:, 1.265865063460254, 0.07463797827310142, 0.005095436482335046
flux1:, 1.266847420330858, 0.031917325999156074, 0.004105807116722492
flux1:, 1.2678297772014617, -0.018119288548495753, 0.006381782721128301
flux1:, 1.2688121340720657, 0.05412569905351772, 0.005933569799949758
flux1:, 1.2697944909426697, 0.05531397764298058, 0.007626495905568713
flux1:, 1.2707768478132737, -0.015347185304264134, 0.00875225269529658
flux1:, 1.2717592046838777, 0.029080952049627688, 0.0061096324578588535
flux1:, 1.2727415615544815, 0.06936480902065328, 0.009549837698236472
flux1:, 1.2737239184250855, 0.0003859310961387925, 0.01312740591895332
flux1:, 1.2747062752956895, 0.005990633020993393, 0.007682958009110486
flux1:, 1.2756886321662935, 0.07075435204078268, 0.009527457908513406
flux1:, 1.2766709890368975, 0.024285149736307875, 0.017737433486230088
flux1:, 1.2776533459075012, -0.008691921262992569, 0.012033044428036273
flux1:, 1.2786357027781052, 0.05950802263996577, 0.008680416077102428
flux1:, 1.2796180596487092, 0.04945345874026522, 0.02065761279263452
flux1:, 1.2806004165193132, -0.01036377332147007, 0.01919382411153261
flux1:, 1.2815827733899172, 0.039423602771314584, 0.00914094752199614
flux1:, 1.282565130260521, 0.06847890048208191, 0.020774422281942383
flux1:, 1.283547487131125, 0.0020642491336930776, 0.02768725408200075
flux1:, 1.284529844001729, 0.017384917139217235, 0.01312847069999377
flux1:, 1.285512200872333, 0.07565121403313227, 0.018536902174011074
flux1:, 1.286494557742937, 0.025365438690633305, 0.03501859982170792
flux1:, 1.2874769146135407, 0.0014758221107858925, 0.02183852055094816
flux1:, 1.2884592714841447, 0.06906202262193456, 0.01612374942355797
flux1:, 1.2894416283547487, 0.05259684898073164, 0.03875348652063321
flux1:, 1.2904239852253527, -0.0016766938043008724, 0.034591799583620485
flux1:, 1.2914063420959567, 0.05171132321942085, 0.01682260482846772
flux1:, 1.2923886989665605, 0.07519194697694254, 0.037817834266674864
flux1:, 1.2933710558371645, 0.010548569973300824, 0.04869069800322011
flux1:, 1.2943534127077685, 0.030947742972417026, 0.02372349459273111
flux1:, 1.2953357695783725, 0.08602412535336897, 0.03347063646208048
flux1:, 1.2963181264489765, 0.035383087486238356, 0.060221978927171696
flux1:, 1.2973004833195805, 0.01612479840230321, 0.03816912711012461
flux1:, 1.2982828401901843, 0.0823747373479616, 0.02941048888768436
flux1:, 1.2992651970607882, 0.06525601060245527, 0.06566864750686066
flux1:, 1.3002475539313922, 0.01510609210344902, 0.05863153676170778
flux1:, 1.3012299108019962, 0.06753542038949971, 0.030740502792397897
flux1:, 1.3022122676726002, 0.09047813543005892, 0.0637818625209298
flux1:, 1.303194624543204, 0.030903487201103617, 0.08066035749831842
flux1:, 1.304176981413808, 0.05009774806198594, 0.041977858130155615
flux1:, 1.305159338284412, 0.1032410085447337, 0.0568978643335216
flux1:, 1.306141695155016, 0.05995642135376031, 0.09821624437657393
flux1:, 1.30712405202562, 0.04082399276789498, 0.06479128055594659
flux1:, 1.308106408896224, 0.10138417843376832, 0.050930621636833366
flux1:, 1.3090887657668278, 0.0931342669232723, 0.10613850325023343
flux1:, 1.3100711226374318, 0.04808027629762874, 0.09645722045104356
flux1:, 1.3110534795080357, 0.09016058071483299, 0.053685714417539276
flux1:, 1.3120358363786397, 0.11951397446402602, 0.10290164716305926
flux1:, 1.3130181932492437, 0.07369805169638541, 0.12995292403331551
flux1:, 1.3140005501198475, 0.08078885096753848, 0.07182793065507297
flux1:, 1.3149829069904515, 0.131688146388664, 0.09246124449821601
flux1:, 1.3159652638610555, 0.11133632594219853, 0.15608974310765683
flux1:, 1.3169476207316595, 0.08584694364722012, 0.10754194478568001
flux1:, 1.3179299776022635, 0.13035217812065839, 0.08409649182083453
flux1:, 1.3189123344728673, 0.14868581776647163, 0.16726353758176743
flux1:, 1.3198946913434713, 0.1130989039880321, 0.15633442244227927
flux1:, 1.3208770482140753, 0.1257502276186662, 0.08978546704166332
flux1:, 1.3218594050846793, 0.17331326101898875, 0.1615637096518228
flux1:, 1.3228417619552832, 0.16049225020142188, 0.20728479279545914
flux1:, 1.323824118825887, 0.1345054669470095, 0.11963385708370265
flux1:, 1.324806475696491, 0.1801277658756964, 0.14550806097013527
flux1:, 1.325788832567095, 0.21519029727239503, 0.24630503469666068
flux1:, 1.326771189437699, 0.17223793298452422, 0.17686483017258828
flux1:, 1.327753546308303, 0.1771426954791342, 0.13384119872626501
flux1:, 1.3287359031789068, 0.2583209442950888, 0.2618145211398245
flux1:, 1.3297182600495108, 0.2445389142096836, 0.254442254484006
flux1:, 1.3307006169201148, 0.18612097410054207, 0.14570467021680175
flux1:, 1.3316829737907188, 0.27486985216304183, 0.2510865995355627
flux1:, 1.3326653306613228, 0.3404217666586727, 0.335230485305174
flux1:, 1.3336476875319265, 0.23614926647921183, 0.19782860023041424
flux1:, 1.3346300444025305, 0.26558254187525165, 0.22485635858371864
flux1:, 1.3356124012731345, 0.4324998239754082, 0.39663477021090365
flux1:, 1.3365947581437385, 0.3509094315646945, 0.2967487836296048
flux1:, 1.3375771150143425, 0.25591653284718796, 0.20795711496913308
flux1:, 1.3385594718849465, 0.48650902869342183, 0.41918853489243557
flux1:, 1.3395418287555503, 0.5335454064187388, 0.43288680692755477
flux1:, 1.3405241856261543, 0.29696390706613046, 0.23485894001176866
flux1:, 1.3415065424967583, 0.47977224201880725, 0.3971103497065906
flux1:, 1.3424888993673623, 0.755383024801308, 0.5792511214004393
flux1:, 1.3434712562379663, 0.4553371325592313, 0.34077124996927644
flux1:, 1.34445361310857, 0.4249736410928668, 0.3481754340106808
flux1:, 1.345435969979174, 0.9553006712542593, 0.6964563561689251
flux1:, 1.346418326849778, 0.7930595008192753, 0.5509335780312389
flux1:, 1.347400683720382, 0.3942310305023896, 0.32123544881004046
flux1:, 1.348383040590986, 1.0549616428457573, 0.7441680457399328
flux1:, 1.34936539746159, 1.3436606892369454, 0.8723250931022121
flux1:, 1.3503477543321938, 0.5426978167896253, 0.4041132115162961
flux1:, 1.3513301112027978, 0.9929698609671651, 0.6983973793877303
flux1:, 1.3523124680734018, 2.096124636612767, 1.2932762370575472
flux1:, 1.3532948249440058, 1.1522272731364724, 0.7492668117795914
flux1:, 1.3542771818146098, 0.786539912785418, 0.5797007272461333
flux1:, 1.3552595386852135, 3.0064627296771667, 1.8000262672004814
flux1:, 1.3562418955558175, 2.8162208431600626, 1.702222605794008
flux1:, 1.3572242524264215, 0.6959732984762869, 0.5457870262339706
flux1:, 1.3582066092970255, 4.096000270546159, 2.446473434791969
flux1:, 1.3591889661676295, 7.654676301884371, 4.662048125085096
flux1:, 1.3601713230382333, 2.3864978880302314, 1.702048584815816
flux1:, 1.3611536799088373, 6.19747826417324, 3.8785759815982184
flux1:, 1.3621360367794413, 40.61082118280555, 28.061749128899756
flux1:, 1.3631183936500453, 80.97217570559802, 63.49700813538516
flux1:, 1.3641007505206493, 82.19255695967897, 74.66522278137255
flux1:, 1.365083107391253, 45.85943461512092, 48.8497797284139
flux1:, 1.366065464261857, 12.28671691865866, 14.524402371780246
flux1:, 1.367047821132461, 0.9587496433852606, 0.7500742462434178
flux1:, 1.368030178003065, 0.8508504682330218, 3.20962227645518
flux1:, 1.369012534873669, 1.2717168992883334, 3.869923105846703
flux1:, 1.3699948917442728, 1.0731342023541302, 1.0239846619366486
flux1:, 1.3709772486148768, 0.978408391329423, 1.964196556998109
flux1:, 1.3719596054854808, 1.150438848966235, 3.6386846454623925
flux1:, 1.3729419623560848, 0.8924436482857302, 1.2271508676682563
flux1:, 1.3739243192266888, 3.239046531286288, 4.282272905631752
flux1:, 1.3749066760972926, 15.63550274369422, 22.710638444561212
flux1:, 1.3758890329678966, 32.77999476570585, 43.54737847840086
flux1:, 1.3768713898385005, 34.35312691843437, 43.788807871088565
flux1:, 1.3778537467091045, 16.856260509699787, 23.49956776083564
flux1:, 1.3788361035797085, 2.2025126912599102, 5.126717429898417
flux1:, 1.3798184604503125, 1.515932992040007, 1.2251321057432643
flux1:, 1.3808008173209163, 3.0415934151145936, 3.3446324836278474
flux1:, 1.3817831741915203, 0.8486276927242676, 2.5641350756911874
flux1:, 1.3827655310621243, 0.9087594362240285, 1.077617379516928
flux1:, 1.3837478879327283, 2.338593053875055, 1.675559328877203
flux1:, 1.3847302448033323, 1.0928724356376118, 2.0111389632361374
flux1:, 1.3857126016739363, 0.6254965435119316, 1.2419967680917507
flux1:, 1.38669495854454, 2.167043636871724, 1.2533153505873609
flux1:, 1.387677315415144, 1.7014588012319287, 1.7504913866180534
flux1:, 1.388659672285748, 0.6272476370052414, 1.427554857059964
flux1:, 1.389642029156352, 1.8907780831829166, 1.1561388182813597
flux1:, 1.390624386026956, 2.3186052412515377, 1.5670657270264623
flux1:, 1.3916067428975598, 0.9898072305224034, 1.5854534066079966
flux1:, 1.3925890997681638, 1.549958489128136, 1.2165867692238634
flux1:, 1.3935714566387678, 2.710460590134024, 1.4216822614422955
flux1:, 1.3945538135093718, 1.6624977540195223, 1.681338027025728
flux1:, 1.3955361703799758, 1.3379220273792134, 1.375638614388639
flux1:, 1.3965185272505796, 2.7759424458794184, 1.331063560912652
flux1:, 1.3975008841211836, 2.4687544335550733, 1.6941950122587806
flux1:, 1.3984832409917876, 1.4397866819248324, 1.5807003707641796
flux1:, 1.3994655978623916, 2.5720932222293618, 1.329212383046803
flux1:, 1.4004479547329955, 3.173796529575371, 1.6313331197274612
flux1:, 1.4014303116035993, 1.9328197291525353, 1.768461397099259
flux1:, 1.4024126684742033, 2.290514488299725, 1.4379619040813492
flux1:, 1.4033950253448073, 3.580101939394272, 1.5354012525048955
flux1:, 1.4043773822154113, 2.739755582457012, 1.8770305916712862
flux1:, 1.4053597390860153, 2.1830826682273345, 1.6438929519132819
flux1:, 1.406342095956619, 3.614047749223184, 1.4755598723119114
flux1:, 1.407324452827223, 3.6430873837349074, 1.8703094652782823
flux1:, 1.408306809697827, 2.4577249496399247, 1.888522066465441
flux1:, 1.409289166568431, 3.3716609722295914, 1.5220376359416983
flux1:, 1.410271523439035, 4.355742309291311, 1.761645550263731
flux1:, 1.4112538803096388, 3.1738300303040403, 2.078045078623925
flux1:, 1.4122362371802428, 3.101624796728711, 1.7090295015816064
flux1:, 1.4132185940508468, 4.6303365785171655, 1.6240629714655506
flux1:, 1.4142009509214508, 4.1668606471618705, 2.115759238284389
flux1:, 1.4151833077920548, 3.1126318090165426, 1.9959915044833036
flux1:, 1.4161656646626586, 4.380758464112867, 1.5737198198101365
flux1:, 1.4171480215332626, 5.034156397698202, 1.9566050955882273
flux1:, 1.4181303784038666, 3.5963088075032306, 2.2461791063791368
flux1:, 1.4191127352744706, 3.776861972806454, 1.711242767667944
flux1:, 1.4200950921450746, 5.240205060028882, 1.6731494114872927
flux1:, 1.4210774490156786, 4.383872492448016, 2.26355789675559
flux1:, 1.4220598058862823, 3.2272562378231364, 2.0155741007283785
flux1:, 1.4230421627568863, 4.4442488623139385, 1.481871605238727
flux1:, 1.4240245196274903, 4.8154737390307165, 1.9509580369913941
flux1:, 1.4250068764980943, 3.101986528998338, 2.264559140425451
flux1:, 1.4259892333686983, 3.002420293169869, 1.6077506873555705
flux1:, 1.4269715902393023, 4.195082685417387, 1.5308053803744381
flux1:, 1.427953947109906, 3.2724901597941036, 2.199897700575458
flux1:, 1.42893630398051, 1.9408862467301888, 1.9930294616586672
flux1:, 1.429918660851114, 2.7749489635131055, 1.4345115360387932
flux1:, 1.430901017721718, 3.2030146692036614, 1.9012920845743095
flux1:, 1.431883374592322, 1.8659235695272687, 2.308229535394845
flux1:, 1.4328657314629258, 1.6693597438040526, 1.786686168883578
flux1:, 1.4338480883335298, 2.7351672618088765, 1.737333294191796
flux1:, 1.4348304452041338, 2.3816018498387748, 2.383054781544657
flux1:, 1.4358128020747378, 1.5433198242488828, 2.308566256125514
flux1:, 1.4367951589453418, 2.26253072801701, 1.917725592768343
flux1:, 1.4377775158159456, 2.8755877100673533, 2.348012494332745
flux1:, 1.4387598726865496, 2.1972862662046335, 2.7167108587931255
flux1:, 1.4397422295571536, 2.2018190389017884, 2.364704854797186
flux1:, 1.4407245864277576, 3.146893155767089, 2.40559128754174
flux1:, 1.4417069432983616, 3.1191829712699453, 2.9372204529045325
flux1:, 1.4426893001689653, 2.676037049297941, 2.8843637588225253
flux1:, 1.4436716570395693, 3.337564478639671, 2.6555668864338906
flux1:, 1.4446540139101733, 3.931708944813441, 3.0526510245688128
flux1:, 1.4456363707807773, 3.543967692762055, 3.3194391122551403
flux1:, 1.4466187276513813, 3.6707635711918316, 3.0701744589393836
flux1:, 1.447601084521985, 4.508738707914535, 3.187539649323049
flux1:, 1.448583441392589, 4.5443551986899084, 3.6080774129556947
flux1:, 1.449565798263193, 4.273599635133533, 3.5416084656031455
flux1:, 1.450548155133797, 4.920089409239205, 3.423225828007998
flux1:, 1.451530512004401, 5.432678769163189, 3.7777915782416556
flux1:, 1.4525128688750049, 5.114569244252036, 3.9479082308658735
flux1:, 1.4534952257456089, 5.317945430995035, 3.7580047897938855
flux1:, 1.4544775826162128, 6.071556608038925, 3.901880372387352
flux1:, 1.4554599394868168, 6.030886169510218, 4.209265683071218
flux1:, 1.4564422963574208, 5.822217198543737, 4.113734166894658
flux1:, 1.4574246532280246, 6.458677851699479, 4.0417304100256155
flux1:, 1.4584070100986286, 6.813356988443033, 4.314534347189566
flux1:, 1.4593893669692326, 6.445678036118125, 4.38091998706887
flux1:, 1.4603717238398366, 6.69165273528944, 4.202860390032746
flux1:, 1.4613540807104406, 7.3059167887280205, 4.307709493305054
flux1:, 1.4623364375810444, 7.086054769690617, 4.478640424266073
flux1:, 1.4633187944516486, 6.892111548923189, 4.330021668379394
flux1:, 1.4643011513222524, 7.471763691688923, 4.244482032777423
flux1:, 1.4652835081928564, 7.582601763337453, 4.394600301751459
flux1:, 1.4662658650634603, 7.1295804747234595, 4.346480787778835
flux1:, 1.4672482219340643, 7.394273164101016, 4.15042122542972
flux1:, 1.4682305788046683, 7.799829925458067, 4.180578532496732
flux1:, 1.4692129356752721, 7.381040992622083, 4.211557648291869
flux1:, 1.470195292545876, 7.215973023649493, 4.01468970119122
flux1:, 1.47117764941648, 7.690141964225581, 3.9111404221541592
flux1:, 1.472160006287084, 7.538768320759017, 3.952396318051735
flux1:, 1.473142363157688, 7.049534186418003, 3.82368365489882
flux1:, 1.4741247200282919, 7.310561750424659, 3.64360471201655
flux1:, 1.4751070768988959, 7.46684460531467, 3.642748220151003
flux1:, 1.4760894337694999, 6.910245362252897, 3.593884438902734
flux1:, 1.4770717906401039, 6.793725499306808, 3.4090444297993194
flux1:, 1.4780541475107078, 7.097422435458506, 3.350841008458444
flux1:, 1.4790365043813116, 6.723559543642742, 3.3593805027563906
flux1:, 1.4800188612519156, 6.280044408099109, 3.2201116904034306
flux1:, 1.4810012181225196, 6.498043741853405, 3.110889481004771
flux1:, 1.4819835749931236, 6.40980422891087, 3.1388327318627933
flux1:, 1.4829659318637276, 5.847293479712294, 3.0706003746245663
flux1:, 1.4839482887343314, 5.826646178703928, 2.931765891357309
flux1:, 1.4849306456049354, 5.956766736624488, 2.9363257237627916
flux1:, 1.4859130024755394, 5.494692797794313, 2.938929087521841
flux1:, 1.4868953593461434, 5.225568602068937, 2.8083325036254485
flux1:, 1.4878777162167474, 5.417580659237889, 2.7605660113494785
flux1:, 1.4888600730873511, 5.180025179650861, 2.8058043881218464
flux1:, 1.4898424299579551, 4.763400367206015, 2.723834159594697
flux1:, 1.4908247868285591, 4.8697256644875, 2.625516271585482
flux1:, 1.4918071436991631, 4.861773469569056, 2.6682368160252894
flux1:, 1.4927895005697671, 4.439603111673087, 2.655172803283574
flux1:, 1.4937718574403709, 4.38084062287564, 2.5378770375285953
flux1:, 1.4947542143109749, 4.520112675876905, 2.5382721089094855
flux1:, 1.4957365711815789, 4.212644246581155, 2.582178361958647
flux1:, 1.4967189280521829, 3.9910956672311806, 2.4891683121796446
flux1:, 1.4977012849227869, 4.158375081033096, 2.4317483178329202
flux1:, 1.4986836417933906, 4.026139050293722, 2.4939920761500995
flux1:, 1.4996659986639946, 3.7072408596364266, 2.4568269301101875
flux1:, 1.5006483555345986, 3.7937467347151452, 2.3558876012370886
flux1:, 1.5016307124052026, 3.826203825752729, 2.388989382971837
flux1:, 1.5026130692758066, 3.503882266179062, 2.410406492967412
flux1:, 1.5035954261464104, 3.4445712988530124, 2.3008260329311194
flux1:, 1.5045777830170146, 3.571195743815557, 2.2694808140102185
flux1:, 1.5055601398876184, 3.3301310622666014, 2.319323890176674
flux1:, 1.5065424967582224, 3.1196329643507337, 2.2375419242329677
flux1:, 1.5075248536288264, 3.238179036076261, 2.1348399881921782
flux1:, 1.5085072104994304, 3.1229383114671436, 2.1618767282924125
flux1:, 1.5094895673700344, 2.8135793522740444, 2.1252419635523543
flux1:, 1.5104719242406381, 2.8301364249090186, 1.9775209235684987
flux1:, 1.5114542811112421, 2.830153856509291, 1.9356863449877688
flux1:, 1.5124366379818461, 2.51128630494384, 1.9310546396951689
flux1:, 1.5134189948524501, 2.381166560943854, 1.7860191983393174
flux1:, 1.5144013517230541, 2.4389208108039058, 1.6637145402288231
flux1:, 1.515383708593658, 2.199525520937627, 1.6549471366016797
flux1:, 1.516366065464262, 1.9479011558123387, 1.5547681083191909
flux1:, 1.5173484223348659, 1.9886961776671912, 1.3851541844995183
flux1:, 1.5183307792054699, 1.8771699578713816, 1.3373701739045745
flux1:, 1.5193131360760739, 1.5824207157911538, 1.2932409879644917
flux1:, 1.5202954929466777, 1.5502334453760283, 1.1329707767610224
flux1:, 1.5212778498172816, 1.555486458285151, 1.0359015620487775
flux1:, 1.5222602066878856, 1.305843317631162, 1.0251084125842198
flux1:, 1.5232425635584896, 1.1858195815657997, 0.9185817397650649
flux1:, 1.5242249204290936, 1.2513429364972146, 0.7915787951649583
flux1:, 1.5252072772996974, 1.1050776028720282, 0.7782996512020453
flux1:, 1.5261896341703014, 0.9241387808292439, 0.7363295994911001
flux1:, 1.5271719910409054, 0.9816654269791297, 0.614357478151713
flux1:, 1.5281543479115094, 0.9499521506556362, 0.5743893997872863
flux1:, 1.5291367047821134, 0.7598903220795798, 0.5774244099172696
flux1:, 1.5301190616527172, 0.7608282396160273, 0.4909469093690854
flux1:, 1.5311014185233212, 0.8130561293969852, 0.42288656388696816
flux1:, 1.5320837753939252, 0.6663195742003809, 0.43876244706564366
flux1:, 1.5330661322645291, 0.597885100054511, 0.4003448831465258
flux1:, 1.5340484891351331, 0.6810378602133622, 0.32101790893491744
flux1:, 1.535030846005737, 0.6096944904426117, 0.32299319269923715
flux1:, 1.536013202876341, 0.49311870893668, 0.32545889892462404
flux1:, 1.536995559746945, 0.5555462551283722, 0.25742676567775724
flux1:, 1.537977916617549, 0.5613037941670285, 0.2340926099046821
flux1:, 1.538960273488153, 0.43661367814763313, 0.2576083501187537
flux1:, 1.5399426303587567, 0.44686404399912816, 0.21747069712851502
flux1:, 1.5409249872293607, 0.5047587785583436, 0.1732774126847679
flux1:, 1.5419073440999647, 0.4109307487161401, 0.1956474442753688
flux1:, 1.5428897009705687, 0.3652688224752154, 0.18790339047797983
flux1:, 1.5438720578411727, 0.43731863825093004, 0.137377884429398
flux1:, 1.5448544147117764, 0.3968993071951199, 0.14270778178672114
flux1:, 1.5458367715823806, 0.31477964592478824, 0.15975288012522826
flux1:, 1.5468191284529844, 0.36608205335507804, 0.11944423790741569
flux1:, 1.5478014853235884, 0.3794826569925425, 0.10274527749339467
flux1:, 1.5487838421941924, 0.2914482932691274, 0.1293318020064633
flux1:, 1.5497661990647964, 0.3018286473521899, 0.11062521372942843
flux1:, 1.5507485559354004, 0.35111269963574265, 0.07785406780957982
flux1:, 1.5517309128060042, 0.2855051376687541, 0.09774245163727527
flux1:, 1.5527132696766082, 0.25349503161182463, 0.10257883145261151
flux1:, 1.5536956265472122, 0.3117943398377963, 0.06670986992505205
flux1:, 1.5546779834178162, 0.28520333011927973, 0.06915167467431318
flux1:, 1.5556603402884202, 0.2249790098869951, 0.08983343046661468
flux1:, 1.556642697159024, 0.266912731178329, 0.06447703121416982
flux1:, 1.557625054029628, 0.2804098300325689, 0.0481660409773208
flux1:, 1.558607410900232, 0.21442499283807612, 0.07131460167912618
flux1:, 1.559589767770836, 0.224171287061596, 0.06439477545215816
flux1:, 1.56057212464144, 0.2650224284615202, 0.03712158665020896
flux1:, 1.5615544815120437, 0.21531456788748007, 0.05015438389219849
flux1:, 1.5625368383826477, 0.1906484787309979, 0.06056958492008881
flux1:, 1.5635191952532517, 0.23809309658315891, 0.03458885859724593
flux1:, 1.5645015521238557, 0.2187009341371802, 0.031526557898985
flux1:, 1.5654839089944597, 0.17039581711991178, 0.05053766018804096
flux1:, 1.5664662658650634, 0.20361305419173673, 0.036066584124258824
flux1:, 1.5674486227356674, 0.21614527846805828, 0.019548026840718543
flux1:, 1.5684309796062714, 0.16296988036242618, 0.035961828166948366
flux1:, 1.5694133364768754, 0.16874662041802782, 0.036466672390872014
flux1:, 1.5703956933474794, 0.20264430811446618, 0.015129683222625003
flux1:, 1.5713780502180832, 0.16354216075331024, 0.02103813964478747
flux1:, 1.5723604070886872, 0.14076370187044934, 0.032683586536371205
flux1:, 1.5733427639592912, 0.17833979158517266, 0.015977280173209776
flux1:, 1.5743251208298952, 0.16487963872342298, 0.009851188513314055
flux1:, 1.5753074777004992, 0.123904137276609, 0.02465941892328303
flux1:, 1.576289834571103, 0.1480437847443234, 0.018307765132564335
flux1:, 1.577272191441707, 0.16042807126009578, 0.004403527226294388
flux1:, 1.578254548312311, 0.11775322776397976, 0.014690151828645392
flux1:, 1.579236905182915, 0.11877534387714205, 0.0188854774989533
flux1:, 1.580219262053519, 0.14696939783850038, 0.004149945412943438
flux1:, 1.5812016189241227, 0.11786522391966738, 0.0058257994216794565
flux1:, 1.5821839757947267, 0.0966044740099895, 0.01627719529154711
flux1:, 1.5831663326653307, 0.12560822796023088, 0.006777545759455277
flux1:, 1.5841486895359347, 0.11809568824517822, 0.0003612103643793154
flux1:, 1.5851310464065387, 0.08429665830744906, 0.011020009269112422
flux1:, 1.5861134032771425, 0.1008273152670155, 0.009515758122518137
flux1:, 1.5870957601477467, 0.11335874775381008, -0.0010047412439676312
flux1:, 1.5880781170183504, 0.08063546104757748, 0.004950291538112243
flux1:, 1.5890604738889544, 0.07827163731911908, 0.010330031303487855
flux1:, 1.5900428307595584, 0.10157617791330295, 0.0008001336722927489
flux1:, 1.5910251876301624, 0.08143636043615403, 0.00014899526463193376
flux1:, 1.5920075445007664, 0.0623384637232588, 0.008589807035219625
flux1:, 1.5929899013713702, 0.08414696964396998, 0.003847673628329109
flux1:, 1.5939722582419742, 0.08160159625376681, -0.0020276583013921342
flux1:, 1.5949546151125782, 0.05455024274254558, 0.0050558695631043385
flux1:, 1.5959369719831822, 0.06495456006281106, 0.006152811462581798
flux1:, 1.5969193288537862, 0.07728193649794314, -0.0014643450491272003
flux1:, 1.59790168572439, 0.05325281451733548, 0.0012871222845330665
flux1:, 1.598884042594994, 0.0484754493243306, 0.0065155218806563515
flux1:, 1.599866399465598, 0.06729531752648102, 0.0008128846356625106
flux1:, 1.600848756336202, 0.054628248324688634, -0.001217490005306296
flux1:, 1.601831113206806, 0.03782826952024077, 0.004910626604147438
flux1:, 1.6028134700774097, 0.05330813364039466, 0.0032475637399408718
flux1:, 1.6037958269480137, 0.054514401461964575, -0.001730626213328838
flux1:, 1.6047781838186177, 0.03356861786965716, 0.0022907269349513614
flux1:, 1.6057605406892217, 0.038791349102246624, 0.004541899195983337
flux1:, 1.6067428975598257, 0.05021965197886585, -0.0005385753599890693
flux1:, 1.6077252544304295, 0.03370478762675086, -4.5704281844646574e-05
flux1:, 1.6087076113010335, 0.027273205663947184, 0.004218010816812458
flux1:, 1.6096899681716375, 0.041529192327106106, 0.0013551093598250462
flux1:, 1.6106723250422414, 0.03486409233831661, -0.0011557726538006551
flux1:, 1.6116546819128454, 0.020727259962097327, 0.0026907746596073366
flux1:, 1.6126370387834492, 0.03047711881924436, 0.00284137934685461
flux1:, 1.6136193956540532, 0.03398674718294003, -0.0008526660206962703
flux1:, 1.6146017525246572, 0.018860080481626344, 0.000883138402130176
flux1:, 1.6155841093952612, 0.020085126185361412, 0.003262428777223855
flux1:, 1.6165664662658652, 0.0296736884960028, 0.00035350619851384925
flux1:, 1.617548823136469, 0.019569318111649487, -0.0003362825839580729
flux1:, 1.618531180007073, 0.01279832250995894, 0.002630638956377242
flux1:, 1.619513536877677, 0.022555853663057526, 0.001653945532448693
flux1:, 1.620495893748281, 0.02020473496594209, -0.0005653042431307866
flux1:, 1.621478250618885, 0.009438165075806245, 0.0014662331108051558
flux1:, 1.6224606074894887, 0.014634729396331345, 0.00239774419149185
flux1:, 1.6234429643600927, 0.01888663582532075, 4.6842831688837384e-05
flux1:, 1.6244253212306967, 0.009112581407808665, 0.0004250288943410653
flux1:, 1.6254076781013007, 0.008083270374458471, 0.0023607145011992963
flux1:, 1.6263900349719047, 0.01521670164764757, 0.0010024451075850735
flux1:, 1.6273723918425085, 0.009961187138314662, -4.5381954398588776e-05
flux1:, 1.6283547487131127, 0.004192752203425679, 0.0017428360612875865
flux1:, 1.6293371055837165, 0.010138979976523329, 0.0017704486612551064
flux1:, 1.6303194624543205, 0.010209647759243752, 0.00013622465803597247
flux1:, 1.6313018193249245, 0.00295596985846986, 0.000970159379342231
flux1:, 1.6322841761955285, 0.005187735189964732, 0.002036059298142095
flux1:, 1.6332665330661325, 0.008949757751035273, 0.0007333323580592379
flux1:, 1.6342488899367362, 0.0033585783822320764, 0.00044475035495753244
flux1:, 1.6352312468073402, 0.0016263272641554207, 0.0017921640059071625
flux1:, 1.6362136036779442, 0.006323617936022265, 0.0013705372847652583
flux1:, 1.6371959605485482, 0.00407321027611467, 0.0003644050143441077
flux1:, 1.6381783174191522, -7.430434392370435e-05, 0.001273501543948493
flux1:, 1.639160674289756, 0.0031689223549326824, 0.0017352247871528007
flux1:, 1.64014303116036, 0.004118671768986307, 0.0006727434832904746
flux1:, 1.641125388030964, -0.0002524337214601848, 0.0007959422816356248
flux1:, 1.642107744901568, 0.0004399949070560588, 0.0017108906550303382
flux1:, 1.643090101772172, 0.0031799991648042846, 0.0011360119690029052
flux1:, 1.6440724586427757, 0.00030040362260301486, 0.0005889724804220523
flux1:, 1.6450548155133797, -0.0012588630679824658, 0.0013944302690364536
flux1:, 1.6460371723839837, 0.0015393445456015062, 0.0014904024243145176
flux1:, 1.6470195292545877, 0.0007944221459114503, 0.0006998382840745247
flux1:, 1.6480018861251917, -0.0018476122713026893, 0.001007489950806576
flux1:, 1.6489842429957955, -0.00023259895618539905, 0.001578478731875967
flux1:, 1.6499665998663995, 0.000761897130718014, 0.0010045849527863778
flux1:, 1.6509489567370035, -0.0016650565446992907, 0.0007615867258629096
flux1:, 1.6519313136076075, -0.0016144881440276484, 0.001408621488797356
flux1:, 1.6529136704782115, 0.00014585088106404165, 0.0013036519633963912
flux1:, 1.6538960273488152, -0.0012164670612479411, 0.0007523138076767615
flux1:, 1.6548783842194192, -0.0023481570590603972, 0.0011194200949265218
flux1:, 1.6558607410900232, -0.0008078854131451385, 0.0014393427578427813
flux1:, 1.6568430979606272, -0.0009257601407601866, 0.0009323256059166056
flux1:, 1.6578254548312312, -0.0024777970747058005, 0.0008830069956434729
flux1:, 1.658807811701835, -0.0017500745440175007, 0.0013703212286218448
flux1:, 1.659790168572439, -0.000992793038223527, 0.0011640433717938652
flux1:, 1.660772525443043, -0.002251318498779339, 0.0008083720105431397
flux1:, 1.661754882313647, -0.002410276304537711, 0.0011709573675406238
flux1:, 1.662737239184251, -0.0013829887797178776, 0.0013105047292786113
flux1:, 1.6637195960548548, -0.001964413627842896, 0.0008963316181641448
flux1:, 1.6647019529254587, -0.002692617576861046, 0.0009687626646493299
flux1:, 1.6656843097960627, -0.0019161554956114014, 0.0013085281054651936
flux1:, 1.6666666666666667, -0.0018276505378098337, 0.0010616099508020524
