flux1:, 1.1764705882352942, 0.00012723112034549182, 1.64359032582361e-05, 0.003623070192487385, -0.008378483450574278, 0.004249376696483656
flux1:, 1.1774529451058982, 0.00013704408983322884, 1.7257405216899184e-05, 0.0039348699846546145, -0.009110233158737132, 0.004629175620526426
flux1:, 1.1784353019765021, 0.00014748891653462037, 1.8067162944156674e-05, 0.004271582816767281, -0.00990361825412728, 0.005041938234296687
flux1:, 1.179417658847106, 0.0001584659217649521, 1.8929818261684814e-05, 0.004635246559156454, -0.010763238667968777, 0.005490261682641898
flux1:, 1.18040001571771, 0.00017013688078890832, 1.980118025345401e-05, 0.005027963375469554, -0.011694374860050526, 0.005977229616729029
flux1:, 1.181382372588314, 0.00018239981878202276, 2.0744308743100354e-05, 0.005452164912691455, -0.012702320234186723, 0.006505879934996081
flux1:, 1.182364729458918, 0.0001954365110279762, 2.1714311020458485e-05, 0.005910296760546371, -0.013793124108165248, 0.007079793665778071
flux1:, 1.183347086329522, 0.00020914056536386875, 2.2772292604158163e-05, 0.006405184957776497, -0.014972866796320107, 0.007702510948318863
flux1:, 1.1843294432001257, 0.00022371203497117482, 2.3873587603209345e-05, 0.0069396434647584875, -0.01624846795348647, 0.008378185192103272
flux1:, 1.1853118000707297, 0.00023903908359918695, 2.507755089887618e-05, 0.007516938274950603, -0.01762690127549903, 0.009110937425377278
flux1:, 1.1862941569413337, 0.0002553395462422129, 2.6340861569473207e-05, 0.00814030665905672, -0.019116071456011186, 0.009905580160019616
flux1:, 1.1872765138119377, 0.00027249586507364215, 2.772139819693509e-05, 0.008813516905240735, -0.020723961876300746, 0.0107669038400002
flux1:, 1.1882588706825417, 0.00029074385651774366, 2.917830628385896e-05, 0.009540294830310946, -0.022459585352065676, 0.011700477861061532
flux1:, 1.1892412275531457, 0.0003099607927787401, 3.076818202626231e-05, 0.01032498270437279, -0.02433206034265306, 0.012711861881774204
flux1:, 1.1902235844237494, 0.0003304010836360078, 3.24537983861482e-05, 0.011171873392401296, -0.026351640838337756, 0.01380749300590908
flux1:, 1.1912059412943534, 0.0003519379407737544, 3.4290586234613234e-05, 0.012085967495465358, -0.028528715506204394, 0.014993813897766247
flux1:, 1.1921882981649574, 0.00037484546482130136, 3.624627328324132e-05, 0.013072215607855896, -0.03087492304930656, 0.016278255434838473
flux1:, 1.1931706550355614, 0.00039899425983086967, 3.8375210942652815e-05, 0.014136373488764621, -0.033402067594230936, 0.01766827147571995
flux1:, 1.1941530119061654, 0.0004246795305979514, 4.065170530871964e-05, 0.015284156488680697, -0.03612332524889331, 0.019172427284459653
flux1:, 1.1951353687767692, 0.00045177136616023403, 4.3129150223090044e-05, 0.016522189226298313, -0.03905206909376304, 0.0207993323552369
flux1:, 1.1961177256473732, 0.0004805881713760418, 4.5790522055443255e-05, 0.017857078795204245, -0.04220317227473774, 0.022558845794090534
flux1:, 1.1971000825179772, 0.0005110026861473431, 4.8688434352927566e-05, 0.019296456494653863, -0.04559173361824965, 0.02446089544611134
flux1:, 1.1980824393885812, 0.0005433601460827548, 5.1817203955061114e-05, 0.020847979902139744, -0.04923448121147255, 0.026516812721464715
flux1:, 1.1990647962591852, 0.0005775414318660439, 5.522872402827316e-05, 0.022520462385434762, -0.053148388002228125, 0.028738025558662394
flux1:, 1.200047153129789, 0.0006139257322600011, 5.893171674591413e-05, 0.024322819743948104, -0.05735217796420616, 0.031137536413292734
flux1:, 1.201029510000393, 0.0006524128766477815, 6.297629958556355e-05, 0.02626528382758203, -0.061864817547212216, 0.033728475598196125
flux1:, 1.202011866870997, 0.0006934312043948733, 6.738749063828241e-05, 0.028358314572642297, -0.06670712465328037, 0.03652573770996708
flux1:, 1.202994223741601, 0.0007369226874782293, 7.220761845440414e-05, 0.03061388979393633, -0.07190012309028464, 0.03954437996038872
flux1:, 1.203976580612205, 0.0007833980007994574, 7.747233302127179e-05, 0.03304439693444479, -0.07746676525003568, 0.04280143464561002
flux1:, 1.2049589374828087, 0.0008328881617877029, 8.319270568837351e-05, 0.0356639526655598, -0.08343017069336603, 0.046314137956920916
flux1:, 1.2059412943534127, 0.0008860470815837286, 8.938257820315699e-05, 0.03848720708498047, -0.08981555791219568, 0.050101942050527704
flux1:, 1.2069236512240167, 0.0009430612670800447, 9.595184915739265e-05, 0.04153046575755183, -0.09664856155446157, 0.0541845651188074
flux1:, 1.2079060080946207, 0.001004770244071006, 0.00010280403402691143, 0.044810045709782066, -0.10395775679374927, 0.058584239486532234
flux1:, 1.2088883649652247, 0.0010714663660956855, 0.00010962768472525951, 0.04834263665924712, -0.11177356666463341, 0.0633235796863919
flux1:, 1.2098707218358287, 0.0011439321511957075, 0.00011615660346043766, 0.05214290336665618, -0.12013169490316515, 0.06842809051886709
flux1:, 1.2108530787064324, 0.0012220617341246773, 0.00012194286712743936, 0.05622382589768079, -0.12907183827323593, 0.07392377813711895
flux1:, 1.2118354355770364, 0.0013059411670979285, 0.00012692053608642141, 0.06059632458410717, -0.13863933007197002, 0.07983981855389155
flux1:, 1.2128177924476404, 0.0013947119523777206, 0.00013107012284922564, 0.06527325723694219, -0.1488800677865796, 0.08620575695728755
flux1:, 1.2138001493182444, 0.001488145157637841, 0.00013496323391687636, 0.07027176760131769, -0.15983980623285746, 0.0930544049773873
flux1:, 1.2147825061888484, 0.0015857067451866189, 0.0001389567814187385, 0.07561569344540699, -0.17156047148746353, 0.10041886775883067
flux1:, 1.2157648630594522, 0.0016879373978583524, 0.0001436972214157578, 0.08133335438327469, -0.1840842250425877, 0.10833598117927369
flux1:, 1.2167472199300562, 0.0017950638865611658, 0.0001492782523272704, 0.08745620872931358, -0.19745311575582894, 0.11684313389901625
flux1:, 1.2177295768006602, 0.0019081169688072376, 0.0001560571238808986, 0.09401644004987972, -0.21171362262102789, 0.12598204597946086
flux1:, 1.2187119336712642, 0.0020275215952895442, 0.00016385846215458588, 0.10104713076100161, -0.22691444250351142, 0.13579513182798464
flux1:, 1.2196942905418682, 0.0021543291765256534, 0.00017292873979082805, 0.10858178527083101, -0.2431095499328864, 0.1463296174076925
flux1:, 1.220676647412472, 0.0022889199405945397, 0.00018301179881242375, 0.11665516877185401, -0.2603549136666285, 0.15763345943136867
flux1:, 1.221659004283076, 0.0024322943116984867, 0.00019438985374157716, 0.12530339851494338, -0.2787115115898634, 0.1697599214987309
flux1:, 1.22264136115368, 0.0025848080645391866, 0.0002067944830843235, 0.13456436928290363, -0.29824193614525607, 0.1827630336902345
flux1:, 1.223623718024284, 0.0027474584730000006, 0.00022059353002755022, 0.14447812895024353, -0.3190137313189459, 0.19670269884186653
flux1:, 1.224606074894888, 0.002920628004813956, 0.00023551030100340135, 0.15508668582881108, -0.341095974920107, 0.21163962736082298
flux1:, 1.2255884317654917, 0.0031053508260162257, 0.00025202170648761153, 0.166434868333914, -0.3645628565424601, 0.227641040736596
flux1:, 1.2265707886360957, 0.003302067189565238, 0.00026983458708913045, 0.1785694052487425, -0.3894902096479877, 0.2447750005720753
flux1:, 1.2275531455066997, 0.0035118682269110846, 0.00028956518654968047, 0.19154052933291352, -0.4159592107439384, 0.263116795920601
flux1:, 1.2285355023773037, 0.0037352649604709214, 0.0003109015081793992, 0.20540008505699844, -0.4440528984099206, 0.282742571080952
flux1:, 1.2295178592479077, 0.0039734127178259965, 0.00033465179471654257, 0.22020413476965642, -0.4738598287067849, 0.30373652233217374
flux1:, 1.2305002161185117, 0.004226892881386446, 0.00036049956193002293, 0.2360092765963248, -0.5054705968226496, 0.32618380674442743
flux1:, 1.2314825729891155, 0.004496926134306484, 0.0003895413055314975, 0.2528785789432372, -0.5389819803754361, 0.3501786338239254
flux1:, 1.2324649298597194, 0.004784150808120245, 0.000421509159738429, 0.27088058023183786, -0.5744950472975098, 0.3758147680475326
flux1:, 1.2334472867303234, 0.005089859600064235, 0.00045797585958610835, 0.2900836517394893, -0.612113864775465, 0.4031970715837352
flux1:, 1.2344296436009274, 0.005414746086078845, 0.0004988779932996458, 0.31055544876905544, -0.6519460309262812, 0.43243177307300323
flux1:, 1.2354120004715314, 0.005760254395456421, 0.0005466740695299761, 0.33237700893806027, -0.6941041590282486, 0.4636353592324682
flux1:, 1.2363943573421352, 0.006127248749260934, 0.0006019463273544629, 0.3556277384264519, -0.7387050109867705, 0.4969253307373875
flux1:, 1.2373767142127392, 0.0065178561754777545, 0.0006690300266102972, 0.38040482248689733, -0.7858637184668603, 0.5324320315619403
flux1:, 1.2383590710833432, 0.006934224778854906, 0.0007504172641996556, 0.40680853095579195, -0.8356942033777021, 0.5702867848817936
flux1:, 1.2393414279539472, 0.007382718580701179, 0.0008547670699426456, 0.4349864782180179, -0.8882791321014283, 0.6106360740803342
flux1:, 1.2403237848245512, 0.007875723831657116, 0.0009890423958164483, 0.4651376226262905, -0.9436436737638004, 0.6536266733423932
flux1:, 1.241306141695155, 0.008450950046847662, 0.001166134641336023, 0.4976776177164412, -1.001583693570987, 0.6994177654219654
flux1:, 1.242288498565759, 0.00919801526186006, 0.0013697010818643001, 0.5333858453883902, -1.0614274838587947, 0.74813933632942
flux1:, 1.243270855436363, 0.010279281328140554, 0.0014794349565290963, 0.573412397065216, -1.1219209723961328, 0.7998365521858402
flux1:, 1.244253212306967, 0.01156879442503388, 0.0012455107591226686, 0.6163430710227127, -1.184625450489475, 0.854498449309423
flux1:, 1.245235569177571, 0.012512431075894776, 0.0008390007972765332, 0.6581821162962311, -1.2548118906897963, 0.9125379172585547
flux1:, 1.2462179260481747, 0.013124027467389346, 0.0006130918109700498, 0.6998818156633699, -1.3322360707688166, 0.974433460299889
flux1:, 1.2472002829187787, 0.013717531852713419, 0.0005505552990603583, 0.7440316489995914, -1.4141621601336196, 1.040323041525463
flux1:, 1.2481826397893827, 0.014388802810559015, 0.0005654475535716916, 0.7913520853555255, -1.499952412022712, 1.1103295865971725
flux1:, 1.2491649966599867, 0.0151549575353562, 0.0006100251884577326, 0.8420034296532671, -1.5897035242047586, 1.184632151570361
flux1:, 1.2501473535305907, 0.01600540346044761, 0.0006695769331502315, 0.8960054191490631, -1.6837385514142553, 1.2634471106438332
flux1:, 1.2511297104011945, 0.01693830797940406, 0.0007345798881046607, 0.9534576480185548, -1.782314010789534, 1.3470077989613358
flux1:, 1.2521120672717985, 0.017947674168860884, 0.0008049455421796259, 1.014455403521268, -1.8857143106542376, 1.435561309031173
flux1:, 1.2530944241424025, 0.019035423511377648, 0.0008774539055657533, 1.0791541163159624, -1.9941697055499654, 1.529366415438217
flux1:, 1.2540767810130065, 0.020200146104247953, 0.0009540381723552932, 1.1476996442155623, -2.10793677276497, 1.6286917673716348
flux1:, 1.2550591378836105, 0.021445821812980517, 0.0010327891146189008, 1.2202795511212852, -2.22724060141119, 1.7338187467986892
flux1:, 1.2560414947542144, 0.022773449855409394, 0.0011158050592079052, 1.2970694558577924, -2.352332637943305, 1.8450374660462394
flux1:, 1.2570238516248182, 0.024188039114130686, 0.0012015976614855014, 1.3782791960905805, -2.4834441159850984, 1.9626523477142148
flux1:, 1.2580062084954222, 0.025692073467072876, 0.001292145173416507, 1.4641063672431303, -2.6208311365478147, 2.0869759027337653
flux1:, 1.2589885653660262, 0.02729122413022518, 0.0013861744987025023, 1.5547799196807093, -2.7647355737055523, 2.2183364646891066
flux1:, 1.2599709222366302, 0.028989104809132343, 0.001485520391626436, 1.6505165582363508, -2.915422537708695, 2.3570699474290393
flux1:, 1.2609532791072342, 0.030791948526887172, 0.001589062673063553, 1.751563550220369, -3.073146473021022, 2.503529498323938
flux1:, 1.261935635977838, 0.032704384253490995, 0.001698512649502916, 1.8581556867254772, -3.2381837020609696, 2.6580753732332587
flux1:, 1.262917992848442, 0.03473321550026577, 0.0018128780413071224, 1.970558601086344, -3.4108021951508882, 2.8210863944195914
flux1:, 1.263900349719046, 0.03688408534640378, 0.001933769591632798, 2.089024885348543, -3.5912907708354807, 2.9929480114832274
flux1:, 1.26488270658965, 0.03916442888296503, 0.00206031023859445, 2.2138389034176846, -3.779931494450539, 3.174065513170402
flux1:, 1.265865063460254, 0.041580966182139495, 0.002194028721819478, 2.3452710760068762, -3.977026537759323, 3.364850298987764
flux1:, 1.266847420330858, 0.04414185742290355, 0.0023341555688166904, 2.483624984263187, -4.182872478238341, 3.5657348320399556
flux1:, 1.2678297772014617, 0.04685500474900127, 0.0024821515568543106, 2.629189047100052, -4.397785502707762, 3.777157112461447
flux1:, 1.2688121340720657, 0.04972940971641628, 0.002637350178480571, 2.7822865789725215, -4.622077062875511, 3.9995773846831533
flux1:, 1.2697944909426697, 0.05277429463684213, 0.0028011548153415882, 2.9432242163004196, -4.856077928691051, 4.233460784592232
flux1:, 1.2707768478132737, 0.05599964074263141, 0.0029729989489528643, 3.112345530128315, -5.100114790665432, 4.479295833883865
flux1:, 1.2717592046838777, 0.05941615819811989, 0.0031542363509879266, 3.2899756109076366, -5.354533544308014, 4.737575213557878
flux1:, 1.2727415615544815, 0.06303496680825148, 0.0033443988966897456, 3.476478810326831, -5.619676514365858, 5.00881608881689
flux1:, 1.2737239184250855, 0.06686845943452735, 0.003544796613745535, 3.6721989290548946, -5.895905271878779, 5.293538952769566
flux1:, 1.2747062752956895, 0.07092907489895978, 0.003755059138727982, 3.877521601286437, -6.183578220903644, 5.5922898433869195
flux1:, 1.2756886321662935, 0.0752311111703699, 0.0039764573832773336, 4.092809566620697, -6.483073199176731, 5.905617184100536
flux1:, 1.2766709890368975, 0.07978852846054986, 0.004208718967327722, 4.318470261610236, -6.794765196421142, 6.234095957845322
flux1:, 1.2776533459075012, 0.08461777969015472, 0.004453079176042658, 4.55488563047005, -7.119048965102814, 6.578302471793045
flux1:, 1.2786357027781052, 0.08973457151118613, 0.00470936440739501, 4.80248544131707, -7.456316673955206, 6.93884056467241
flux1:, 1.2796180596487092, 0.0951577901932615, 0.004978777367126401, 5.061671105028758, -7.806980712902649, 7.316314206804383
flux1:, 1.2806004165193132, 0.10090513834095921, 0.005261244809554212, 5.3328952679115105, -8.171451100843642, 7.711355824038065
flux1:, 1.2815827733899172, 0.10699824288689652, 0.005557939374131674, 5.616579086415014, -8.550158663812855, 8.12459664416522
flux1:, 1.282565130260521, 0.113457076456674, 0.005868890215855825, 5.91319866315279, -8.943532028156394, 8.556697228102314
flux1:, 1.283547487131125, 0.12030634455579163, 0.006195242349886861, 6.2231952062726466, -9.352021332544856, 9.008315464492439
flux1:, 1.284529844001729, 0.12756859076192087, 0.006537129773209728, 6.547068889467786, -9.776074640913547, 9.480139404516702
flux1:, 1.285512200872333, 0.13527196986084386, 0.006895672216601833, 6.885281293951627, -10.216162349737232, 9.972852800551292
flux1:, 1.286494557742937, 0.1434419270735512, 0.007271111455827, 7.238357289396074, -10.672752854321063, 10.487170352439563
flux1:, 1.2874769146135407, 0.15211047314772927, 0.007664544561812377, 7.606779161261382, -11.146337795066708, 11.023800681708
flux1:, 1.2884592714841447, 0.1613063161725914, 0.008076324461348382, 7.991097161156196, -11.637406811053907, 11.58348410227003
flux1:, 1.2894416283547487, 0.17106576698773582, 0.008507527954190422, 8.39181463009574, -12.146473780524275, 12.166952910752437
flux1:, 1.2904239852253527, 0.1814211948960577, 0.008958622518880601, 8.809507876924227, -12.674050490530924, 12.77497180224472
flux1:, 1.2914063420959567, 0.19241370133932878, 0.009430667489222163, 9.24470161298612, -13.220674025537859, 13.408295356501428
flux1:, 1.2923886989665605, 0.20407975748392743, 0.00992424861750769, 9.69799886635167, -13.786879167276787, 14.067711230374465
flux1:, 1.2933710558371645, 0.2164657967294553, 0.010440410483954549, 10.169945989251012, -14.373227087632909, 14.75399470847401
flux1:, 1.2943534127077685, 0.22961288355494217, 0.010979860643764872, 10.661173351876561, -14.980276288843465, 15.467954812771483
flux1:, 1.2953357695783725, 0.24357338624985, 0.011543631637815858, 11.172249138275784, -15.60861276859956, 16.21038577757816
flux1:, 1.2963181264489765, 0.2583935159152458, 0.012132556142711208, 11.703831614555693, -16.258819296218203, 16.982116228184516
flux1:, 1.2973004833195805, 0.2741322531926044, 0.01274765716322094, 12.256510872907905, -16.93150722678703, 17.78395743269051
flux1:, 1.2982828401901843, 0.2908415855188953, 0.013389895320022993, 12.83097352800401, -17.627283898915344, 18.616755713523343
flux1:, 1.2992651970607882, 0.3085878740118694, 0.014060286170981762, 13.427831515697195, -18.34678629353922, 19.481337316747062
flux1:, 1.3002475539313922, 0.3274296097624798, 0.014759920412025672, 14.047800131476, -19.090646314891192, 20.378564232697276
flux1:, 1.3012299108019962, 0.34744141591192756, 0.01548980773995634, 14.691512926930075, -19.859526510826836, 21.309275512718244
flux1:, 1.3022122676726002, 0.36868913474437187, 0.01625117002054835, 15.359714082317726, -20.65408298821974, 22.274346694458874
flux1:, 1.303194624543204, 0.3912566750769241, 0.017045011853900213, 16.053058380758408, -21.475003434312853, 23.274627377255857
flux1:, 1.304176981413808, 0.4152182340944372, 0.017872686273619952, 16.77231899685924, -22.32296739756518, 24.311004459269522
flux1:, 1.305159338284412, 0.44066820910055704, 0.01873519278710215, 17.51817144014159, -23.198686880507083, 25.384335779078608
flux1:, 1.306141695155016, 0.46769035714536933, 0.019634014266365962, 18.29141793732252, -24.102863690623234, 26.49551739692428
flux1:, 1.30712405202562, 0.4963909918192893, 0.02057014410964502, 19.09275417025031, -25.03623291101989, 27.64541307273438
flux1:, 1.308106408896224, 0.5268648892830776, 0.021545192378509725, 19.92301155668223, -25.999517003921177, 28.834925856009377
flux1:, 1.3090887657668278, 0.5592320051641085, 0.022560144728277477, 20.782905504515835, -26.993472507267455, 30.064923166527418
flux1:, 1.3100711226374318, 0.5935999231938257, 0.023616734627947323, 21.6732970359728, -28.018840543086256, 31.3363129600108
flux1:, 1.3110534795080357, 0.6301043371251386, 0.024715937703509855, 22.594921178187604, -29.076397128467747, 32.6499641580442
flux1:, 1.3120358363786397, 0.6688678584974128, 0.025859606140562163, 23.54866952922203, -30.16689970333795, 34.006787718754715
flux1:, 1.3130181932492437, 0.710044503313179, 0.02704870332639356, 24.535297298328278, -31.29114150644343, 35.40765210129516
flux1:, 1.3140005501198475, 0.75377468728029, 0.028285195395441283, 25.55572862409408, -32.44989369234039, 36.85346961899842
flux1:, 1.3149829069904515, 0.8002339546389478, 0.029570032423935973, 26.610740625040584, -33.643964285585696, 38.34510661333324
flux1:, 1.3159652638610555, 0.8495840343473692, 0.03090529055993628, 27.70129351207137, -34.87413539864817, 39.88347548441866
flux1:, 1.3169476207316595, 0.9020260279103601, 0.03229190756492387, 28.828189867502292, -36.141227334192166, 41.46943923574224
flux1:, 1.3179299776022635, 0.9577474211645698, 0.03373206805267259, 29.992431867860542, -37.44603035915845, 43.10390964095961
flux1:, 1.3189123344728673, 1.0169799763730674, 0.03522670234483165, 31.19485381594382, -38.78937461547993, 44.787745757946226
flux1:, 1.3198946913434713, 1.0799426236876022, 0.036778107096812965, 32.43650914593956, -40.172055800993164, 46.52185877966623
flux1:, 1.3208770482140753, 1.1469042808157166, 0.038387217529852316, 33.718274072246096, -41.594911561283496, 48.307104063652865
flux1:, 1.3218594050846793, 1.218122639735121, 0.04005645229264873, 35.04126736580362, -43.05874040253244, 50.14439332690404
flux1:, 1.3228417619552832, 1.2939121123242312, 0.041786772949909214, 36.40642270410772, -44.56438542646267, 52.03457968285448
flux1:, 1.323824118825887, 1.3745786138568843, 0.043580742385194805, 37.81494482034322, -46.11264554509755, 53.97857793254699
flux1:, 1.324806475696491, 1.4604927978042805, 0.045439384340649154, 39.2678478085526, -47.70436743337036, 55.977242043708266
flux1:, 1.325788832567095, 1.552021087736117, 0.04736544415614319, 40.766451783615764, -49.34034803673736, 58.03149448508801
flux1:, 1.326771189437699, 1.6496043513495535, 0.04936006408677769, 42.31188415027415, -51.021435740765995, 60.14219553273231
flux1:, 1.327753546308303, 1.7536855485905904, 0.05142623324492283, 43.90562162285309, -52.74842294848577, 62.310282768014886
flux1:, 1.3287359031789068, 1.8647939853552509, 0.05356529540388771, 45.54895099610567, -54.52215755550877, 64.53663154840297
flux1:, 1.3297182600495108, 1.983470185160422, 0.05578057621055531, 47.243562378240654, -56.343424085845335, 66.82220606819024
flux1:, 1.3307006169201148, 2.110355806027346, 0.058073741808341385, 48.990965580722786, -58.21306668014412, 69.16791028409259
flux1:, 1.3316829737907188, 2.2461166416860716, 0.06044859051557708, 50.79314149766744, -60.13185697594644, 71.57475231841468
flux1:, 1.3326653306613228, 2.3915382488323598, 0.06290728162863418, 52.6519097061354, -62.10062989602481, 74.04368511902541
flux1:, 1.3336476875319265, 2.5474483769284504, 0.06545428237265581, 54.56964649483879, -64.12013602857505, 76.5757864631809
flux1:, 1.3346300444025305, 2.714818306016998, 0.06809248602042045, 56.54859864907029, -66.19119163288956, 79.17208868437463
flux1:, 1.3356124012731345, 2.894686536500689, 0.07082730816560494, 58.591678535329926, -68.31451272562613, 81.83377723332214
flux1:, 1.3365947581437385, 3.0882657664230253, 0.07366271459446001, 60.701718347899224, -70.49088080202944, 84.56200893034327
flux1:, 1.3375771150143425, 3.2968703823239833, 0.07660546682154948, 62.88235510888833, -72.72095514941022, 87.35813299341697
flux1:, 1.3385594718849465, 3.5220288803337665, 0.0796610806176451, 65.1372187804241, -75.0054558287303, 90.22349756409884
flux1:, 1.3395418287555503, 3.765418615977274, 0.08283823213079955, 67.4709231290123, -77.34494977186714, 93.15969844631147
flux1:, 1.3405241856261543, 4.0289832086193265, 0.08614467008777485, 69.88817981332834, -79.74005257738058, 96.16837418622247
flux1:, 1.3415065424967583, 4.31487912221291, 0.08959180943944331, 72.394914724515, -82.19118272003871, 99.25148964216889
flux1:, 1.3424888993673623, 4.625596964538075, 0.09319062387850024, 74.99729792630565, -84.69878363090707, 102.41112073141903
flux1:, 1.3434712562379663, 4.96392562451013, 0.09695648107663345, 77.70300875651226, -87.26303867829319, 105.64978254722969
flux1:, 1.34445361310857, 5.333074824952891, 0.10090505177548549, 80.52016674311409, -89.88411490071475, 108.97020608781348
flux1:, 1.345435969979174, 5.73666314236402, 0.10505748240809634, 83.4587706125926, -92.5618294188733, 112.37572398386361
flux1:, 1.346418326849778, 6.178835285335661, 0.10943637621400355, 86.52950406551892, -95.29591638745234, 115.87004278792989
flux1:, 1.347400683720382, 6.66427859552534, 0.11407146612770547, 89.74536838029475, -98.08563364133792, 119.4577029845669
flux1:, 1.348383040590986, 7.198318761645013, 0.1189957630555034, 93.12030900898553, -100.93005625172857, 123.14385029212356
flux1:, 1.34936539746159, 7.7869604398868795, 0.12425200074620454, 96.67103347158235, -103.82761269612192, 126.93478798683888
flux1:, 1.3503477543321938, 8.436920510478222, 0.1298891200893345, 100.41533346794199, -106.77641627435453, 130.83774396569115
flux1:, 1.3513301112027978, 9.155659150144393, 0.13596992907127498, 104.37398852490783, -109.77373059035268, 134.8615235749895
flux1:, 1.3523124680734018, 9.951247603639489, 0.14256821717335094, 108.56847511000952, -112.8163783430103, 139.01623921160956
flux1:, 1.3532948249440058, 10.832272278452592, 0.1497783236432802, 113.0225944822643, -115.90018119511296, 143.31402223533686
flux1:, 1.3542771818146098, 11.807277622462715, 0.15771333802685578, 117.75878841033807, -119.0205788531681, 147.76857775131657
flux1:, 1.3552595386852135, 12.884202181573306, 0.16651752929742453, 122.7984215587808, -122.17224622819643, 152.39573835499334
flux1:, 1.3562418955558175, 14.068751498520108, 0.17636606784211833, 128.15472641611936, -125.35035155273205, 157.21238019856074
flux1:, 1.3572242524264215, 15.362467065553261, 0.18748101141535384, 133.82885977229876, -128.55105964259639, 162.2360542564751
flux1:, 1.3582066092970255, 16.7584934752237, 0.20013161484566885, 139.7946187790194, -131.77475859875315, 167.48185161010835
flux1:, 1.3591889661676295, 18.23616106088725, 0.21465127923239644, 145.98322409689285, -135.0296736038978, 172.95881661751116
flux1:, 1.3601713230382333, 19.750936280126044, 0.23142960846204993, 152.24905381728848, -138.34093958273078, 178.66091076708372
flux1:, 1.3611536799088373, 21.221666898910108, 0.2509108019043525, 158.3291177955954, -141.76355383681977, 184.55438837507376
flux1:, 1.3621360367794413, 22.510575355853987, 0.2735333891297597, 163.77320846111772, -145.40704317356042, 190.5545177510064
flux1:, 1.3631183936500453, 23.40221070735076, 0.29961987651099287, 167.86737445190172, -149.47102882741416, 196.4943452515982
flux1:, 1.3641007505206493, 23.58246383992201, 0.32908492454700344, 169.5437733525078, -154.2995797207208, 202.08120578716836
flux1:, 1.365083107391253, 22.64518203665521, 0.36088082066376126, 167.361147933739, -160.44069987578922, 206.8601734883177
flux1:, 1.366065464261857, 20.162376195944965, 0.3919095488362434, 159.66685894443216, -168.67971004156502, 210.2189590109464
flux1:, 1.367047821132461, 15.908744418345139, 0.41529066871163456, 145.256619839496, -179.92289944191072, 211.5406891315944
flux1:, 1.368030178003065, 10.314343692291883, 0.4184129763089916, 124.88601492366605, -194.6896491183271, 210.66239387568652
flux1:, 1.369012534873669, 5.050784688120423, 0.38374713559470497, 103.5886772818586, -211.92576333097287, 208.72733610549147
flux1:, 1.3699948917442728, 2.9464414895102697, 0.29892988719678726, 91.36878358491323, -227.70720911363463, 208.76498191957836
flux1:, 1.3709772486148768, 6.012564154120145, 0.17582513614237333, 97.3636555885254, -236.4187158547059, 214.19773236866058
flux1:, 1.3719596054854808, 12.933520732869905, 0.05262808635611173, 120.0254792719968, -235.65025027332328, 225.38900572455182
flux1:, 1.3729419623560848, 20.119973475756815, -0.036944184341903344, 148.04734873211592, -228.62333082528514, 239.09371047352894
flux1:, 1.3739243192266888, 25.067508725795456, -0.08598988639755914, 171.54791728335042, -220.36128016251095, 251.86746330420777
flux1:, 1.3749066760972926, 27.361824939843032, -0.10510082201455372, 187.28000478293427, -213.9290026994879, 262.2326836352477
flux1:, 1.3758890329678966, 27.657701079302793, -0.10703402510119177, 196.2384519019673, -210.19418423530877, 270.2358817243072
flux1:, 1.3768713898385005, 26.748711773314017, -0.10072808340955249, 200.54521535046345, -208.92483876532765, 276.4670558912123
flux1:, 1.3778537467091045, 25.234244598115925, -0.09127757394667964, 202.0571004638828, -209.57976948024648, 281.5321170524003
flux1:, 1.3788361035797085, 23.491114013801756, -0.08128736702071225, 202.05909222353057, -211.63963153790803, 285.893019719161
flux1:, 1.3798184604503125, 21.733944204768363, -0.0719855704427195, 201.35669156191227, -214.69549817375196, 289.8636466403792
flux1:, 1.3808008173209163, 20.0736072816413, -0.0638895807471793, 200.41839149401787, -218.44994340430253, 293.6436952059877
flux1:, 1.3817831741915203, 18.56073558802136, -0.057171893329617765, 199.5047543371434, -222.692839202029, 297.35564242357424
flux1:, 1.3827655310621243, 17.2118041646973, -0.05184178346076816, 198.74601903797736, -227.27830954238834, 301.07092387807626
flux1:, 1.3837478879327283, 16.02553886550638, -0.04784174038293368, 198.20045258125882, -232.10454211089578, 304.82951040092104
flux1:, 1.3847302448033323, 14.991688445837275, -0.04508899144639748, 197.88140056284533, -237.10103741774307, 308.65110366053244
flux1:, 1.3857126016739363, 14.096344533701293, -0.043499325795237846, 197.78133185703206, -242.21792209737208, 312.54374174189877
flux1:, 1.38669495854454, 13.324541624087724, -0.042993450739806836, 197.87858103625757, -247.42047016701153, 316.50781680680706
flux1:, 1.387677315415144, 12.661750650119806, -0.04350218217058882, 198.14823743819, -252.6835849719738, 320.5399093378084
flux1:, 1.388659672285748, 12.094515578269972, -0.04496488548553428, 198.5617506081866, -257.9898466078814, 324.63389589185834
flux1:, 1.389642029156352, 11.610704370574556, -0.04733014390331432, 199.0929698120419, -263.3264115624189, 328.7828389753318
flux1:, 1.390624386026956, 11.199584466691075, -0.05055293216515991, 199.71543870462617, -268.6846516173007, 332.97897079701556
flux1:, 1.3916067428975598, 10.851700867861611, -0.05459457526322516, 200.40661936452443, -274.0581616588562, 337.2147875204033
flux1:, 1.3925890997681638, 10.558830233062396, -0.05941996340800468, 201.14455607465095, -279.4431040434441, 341.48261534858597
flux1:, 1.3935714566387678, 10.313771101564834, -0.0649979823752361, 201.91137973228248, -284.8367301743395, 345.7753679436984
flux1:, 1.3945538135093718, 10.11030158938932, -0.07129869583773503, 202.68989877436707, -290.23803057343224, 350.08597131729175
flux1:, 1.3955361703799758, 9.942970283286169, -0.0782947742449812, 203.46677942738575, -295.6464985142809, 354.4079699344734
flux1:, 1.3965185272505796, 9.807083521453324, -0.08595822160189516, 204.2292290611015, -301.06290391197456, 358.7349185230717
flux1:, 1.3975008841211836, 9.698520169890857, -0.09426318410663055, 204.96799408878863, -306.4881729118021, 363.0609140389914
flux1:, 1.3984832409917876, 9.613746017589834, -0.1031817155930634, 205.67416812888044, -311.92420328175916, 367.37999648828486
flux1:, 1.3994655978623916, 9.549654742301398, -0.11268832369780059, 206.34205850699624, -317.3728018118777, 371.686640428638
flux1:, 1.4004479547329955, 9.503600940563043, -0.12275424901193452, 206.96611152845654, -322.83650612088013, 375.97518096855134
flux1:, 1.4014303116035993, 9.473263686251892, -0.13335410683639703, 207.54366794851745, -328.3175547886963, 380.24028060424234
flux1:, 1.4024126684742033, 9.456690356073146, -0.14445815269595705, 208.07199025905746, -333.818703564057, 384.4763861588727
flux1:, 1.4033950253448073, 9.452178254259515, -0.15604138002451984, 208.550919066052, -339.3422194134154, 388.6781789697377
flux1:, 1.4043773822154113, 9.458323556904448, -0.16807324738693344, 208.979990270415, -344.89068996443814, 392.84006420052515
flux1:, 1.4053597390860153, 9.47391704784091, -0.18052959095448712, 209.3610032405195, -350.46603997730034, 396.9566086020133
flux1:, 1.406342095956619, 9.497994609090343, -0.1933793012091368, 209.69522044670202, -356.0703369467606, 401.0220614815631
flux1:, 1.407324452827223, 9.529743976830503, -0.20659940854203226, 209.9858586404606, -361.7048306094052, 405.0307820331998
flux1:, 1.408306809697827, 9.568554835090225, -0.2201582097814309, 210.23536687913978, -367.3707576600547, 408.9767900017811
flux1:, 1.409289166568431, 9.613934269460435, -0.23403388401210531, 210.44785140252932, -373.06840398086814, 412.8541831238918
flux1:, 1.410271523439035, 9.665555634142482, -0.2481935857214688, 210.6264290372351, -378.7979091822315, 416.6567147900786
flux1:, 1.4112538803096388, 9.723180909308114, -0.2626159390171582, 210.7755946518993, -384.5583486003052, 420.37820113657165
flux1:, 1.4122362371802428, 9.786708150794963, -0.2772656314287488, 210.89864603757252, -390.3485349676358, 424.01212250859794
flux1:, 1.4132185940508468, 9.85609925215724, -0.2921201220425995, 210.99999959370552, -396.1661139023412, 427.5520192129934
flux1:, 1.4142009509214508, 9.93142606067919, -0.3071392793292427, 211.08268056973836, -402.0083562360911, 430.9911136131366
flux1:, 1.4151833077920548, 10.012802121510807, -0.3222966131920357, 211.1505891798091, -407.87125722113916, 434.32269335761987
flux1:, 1.4161656646626586, 10.100427519577856, -0.33754350402040223, 211.20604722275186, -413.75030912464354, 437.5397512385037
flux1:, 1.4171480215332626, 10.194523094792583, -0.35284523531552225, 211.25201305296056, -419.63959089141645, 440.6353548615334
flux1:, 1.4181303784038666, 10.295373828924415, -0.3681393551759787, 211.2896727764414, -425.5325068938883, 443.6023019253199
flux1:, 1.4191127352744706, 10.403263770124747, -0.3833767360654538, 211.3205993586832, -431.42085039478303, 446.43347573915094
flux1:, 1.4200950921450746, 10.518517354131818, -0.3984736156444047, 211.3443743209894, -437.29549043481893, 449.1215145593092
flux1:, 1.4210774490156786, 10.641432872727503, -0.41335785749528015, 211.36068377571848, -443.14538925046924, 451.6591531355763
flux1:, 1.4220598058862823, 10.772320526965023, -0.4279142308295771, 211.36695553396976, -448.95821599749445, 454.03890602189057
flux1:, 1.4230421627568863, 10.9114317407075, -0.44203599323135123, 211.36038419985417, -454.71929625830376, 456.25339654046496
flux1:, 1.4240245196274903, 11.058992018078563, -0.4555630443707279, 211.3355700267907, -460.41212999322096, 458.29505597205423
flux1:, 1.4250068764980943, 11.21512278131917, -0.4683389424140187, 211.28646802042348, -466.0172529786708, 460.1564433436949
flux1:, 1.4259892333686983, 11.37986637991693, -0.48014176011273557, 211.20402160590416, -471.5126412321794, 461.8299654499927
flux1:, 1.4269715902393023, 11.553096645375772, -0.4907467343361786, 211.07804068301104, -476.8724757922914, 463.30819404695194
flux1:, 1.427953947109906, 11.734533047026044, -0.4998500885181603, 210.89484033225747, -482.06743522142557, 464.5836161074525
flux1:, 1.42893630398051, 11.923636401468729, -0.5071378236577592, 210.63907669374956, -487.063388031879, 465.64895977260653
flux1:, 1.429918660851114, 12.119610112743143, -0.5122036264816398, 210.29143674066344, -491.82162406855036, 466.49699047537
flux1:, 1.430901017721718, 12.321279743422656, -0.5146250179171586, 209.83050790778836, -496.2975722155946, 467.12086304837663
flux1:, 1.431883374592322, 12.527083278601474, -0.5138779947953933, 209.23062987077202, -500.4411223392898, 467.5139861014828
flux1:, 1.4328657314629258, 12.734939892083842, -0.509422986921575, 208.4639534431344, -504.19560217856474, 467.67042261863725
flux1:, 1.4338480883335298, 12.942241048395111, -0.5006211673965023, 207.49866305111487, -507.4985126938962, 467.5848480132064
flux1:, 1.4348304452041338, 13.145727727675068, -0.4868343119517722, 206.3014851378636, -510.2812030055246, 467.25301839692594
flux1:, 1.4358128020747378, 13.341512457941073, -0.4673503116915995, 204.83659535918184, -512.4705627194061, 466.6718365778898
flux1:, 1.4367951589453418, 13.525006505772959, -0.4415019664469348, 203.06891216667253, -513.9900413301173, 465.83988206870424
flux1:, 1.4377775158159456, 13.69102723210547, -0.40861029073037314, 200.96402040109723, -514.7629764551593, 464.75755749746094
flux1:, 1.4387598726865496, 13.833839130791599, -0.3681246664134542, 198.49248685998433, -514.715587222296, 463.42761064204973
flux1:, 1.4397422295571536, 13.94741481057073, -0.31958822827599015, 195.63086915541206, -513.7823402539558, 461.8552494140455
flux1:, 1.4407245864277576, 14.025649796146384, -0.2627914659626728, 192.36680341052246, -511.910900310732, 460.0484869998876
flux1:, 1.4417069432983616, 14.062812757441373, -0.19775062379984965, 188.70044540010352, -509.0688401623005, 458.0180153772196
flux1:, 1.4426893001689653, 14.053923270923944, -0.12484778513555966, 184.6491547766084, -505.2489954212368, 455.77713386538045
flux1:, 1.4436716570395693, 13.995315355342132, -0.04479441024313268, 180.24773087644348, -500.4750112956412, 453.34116262572064
flux1:, 1.4446540139101733, 13.885024189299704, 0.04128578974152113, 175.55070915859355, -494.80381252838265, 450.72680670154034
flux1:, 1.4456363707807773, 13.7232374156078, 0.13194222652029983, 170.6294421504823, -488.32635799394455, 447.9511017977818
flux1:, 1.4466187276513813, 13.512421323056587, 0.22540640848711216, 165.5705081797869, -481.1640046940624, 445.030390638094
flux1:, 1.447601084521985, 13.257398596264297, 0.3197328033793017, 160.46911830048543, -473.4625257133425, 441.9791742747788
flux1:, 1.448583441392589, 12.965023302399105, 0.41288946036901325, 155.42439320981003, -465.38243870337334, 438.8092282378696
flux1:, 1.449565798263193, 12.643821342157075, 0.5029104108117145, 150.53119605054096, -457.08869175137625, 435.5289376612917
flux1:, 1.450548155133797, 12.303305160046861, 0.5880104421607697, 145.87535037669537, -448.7393686120755, 432.1430639496085
flux1:, 1.451530512004401, 11.953408627860092, 0.6666803089497116, 141.52731567707735, -440.4765817913193, 428.6528767309492
flux1:, 1.4525128688750049, 11.603762650800485, 0.7377670926907883, 137.54034814698312, -432.41896805171655, 425.05663456103724
flux1:, 1.4534952257456089, 11.263259989978536, 0.8004733740760265, 133.94798860140173, -424.65796074131924, 421.3503126416562
flux1:, 1.4544775826162128, 10.93957258888256, 0.854388464604822, 130.7658272852501, -417.2562524345193, 417.5284207518784
flux1:, 1.4554599394868168, 10.639023522348143, 0.8994048724243476, 127.99220743798347, -410.2495390082517, 413.5848571993506
flux1:, 1.4564422963574208, 10.366408476603512, 0.9357261562269139, 125.61212870446046, -403.6493151390846, 409.5136270528099
flux1:, 1.4574246532280246, 10.125135595304753, 0.963741129681566, 123.59926595577033, -397.44745605738404, 405.3094719849997
flux1:, 1.4584070100986286, 9.917246389864637, 0.9840410526215706, 121.92015713227107, -391.6204032690976, 400.96827855069137
flux1:, 1.4593893669692326, 9.74368741096703, 0.9972859208315036, 120.53598245094204, -386.1339330381105, 396.48739219308544
flux1:, 1.4603717238398366, 9.604396925839847, 1.004247858732862, 119.40596848054962, -380.94667552815616, 391.8657310538784
flux1:, 1.4613540807104406, 9.498594194484788, 1.005685422271749, 118.4883030751189, -376.01373216905114, 387.10385678580934
flux1:, 1.4623364375810444, 9.424848868011665, 1.0024131174842823, 117.74253883828867, -371.28883137024746, 382.2039012738171
flux1:, 1.4633187944516486, 9.381333586616867, 0.9951860090830685, 117.12967819728937, -366.7266082892114, 377.16950100339704
flux1:, 1.4643011513222524, 9.365848646496184, 0.9847868706878005, 116.61378881021031, -362.2835445016396, 372.0056341740261
flux1:, 1.4652835081928564, 9.376028133286038, 0.9719181350318984, 116.1615227082322, -357.9192483278877, 366.7184940424594
flux1:, 1.4662658650634603, 9.409323254775463, 0.9572971364491337, 115.74322755115391, -353.596590331293, 361.3152926004661
flux1:, 1.4672482219340643, 9.463170909914387, 0.9415524266144022, 115.33213997671842, -349.2823920794079, 355.8041107073219
flux1:, 1.4682305788046683, 9.5349474317635, 0.9253199397529034, 114.90519615999187, -344.94712089664114, 350.19369274055236
flux1:, 1.4692129356752721, 9.622110051182275, 0.9091425115131813, 114.44204353742994, -340.5652821880921, 344.4932885039834
flux1:, 1.470195292545876, 9.722129854236101, 0.8935627954103724, 113.92566012877455, -336.1149031606453, 338.7124486381564
flux1:, 1.47117764941648, 9.832611598023561, 0.8790265578180674, 113.34125652335211, -331.57778940409895, 332.8608682931135
flux1:, 1.472160006287084, 9.951209216290183, 0.8659704927966017, 112.67676144375973, -326.9389119770863, 326.948192493497
flux1:, 1.473142363157688, 10.075724864200689, 0.8547307570726329, 111.92165828177754, -322.1865999141055, 320.9838727973664
flux1:, 1.4741247200282919, 10.204007060368431, 0.8456251051447594, 111.06738473630561, -317.3118830374585, 314.97699398218873
flux1:, 1.4751070768988959, 10.334028557850862, 0.8388681071547102, 110.1061556318532, -312.30865275204576, 308.93615737980014
flux1:, 1.4760894337694999, 10.46376781361763, 0.8346473729258, 109.03133936138585, -307.17299338116766, 302.8693413950836
flux1:, 1.4770717906401039, 10.591267653029096, 0.8330462821538746, 107.83633891478637, -301.90333879242917, 296.7838246988325
flux1:, 1.4780541475107078, 10.714504557906823, 0.8341139567662704, 106.51502645689189, -296.4998290157249, 290.6860914951488
flux1:, 1.4790365043813116, 10.831434966436413, 0.8377956731349051, 105.0607711892735, -290.96449841436385, 284.5818058024215
flux1:, 1.4800188612519156, 10.939862795856975, 0.8439962363288828, 103.46702342908083, -285.300701412697, 278.47577101367085
flux1:, 1.4810012181225196, 11.037486460828237, 0.8525180701429373, 101.72658265108024, -279.5133713413229, 272.37196587499824
flux1:, 1.4819835749931236, 11.12178176322746, 0.8631181906954166, 99.83241808008628, -273.6085553515798, 266.27356867925744
flux1:, 1.4829659318637276, 11.190069116047729, 0.8754545739307524, 97.77725650523168, -267.59377083277764, 260.18306703128883
flux1:, 1.4839482887343314, 11.23943491874056, 0.8891381300469264, 95.55469706463263, -261.47766634913165, 254.10235823518306
flux1:, 1.4849306456049354, 11.266842522000214, 0.9036891914884717, 93.15915053362583, -255.27046850395166, 248.03294364165947
flux1:, 1.4859130024755394, 11.269116535369367, 0.9185873551449356, 90.58723094126508, -248.98373976549175, 241.97611076910903
flux1:, 1.4868953593461434, 11.243117176826718, 0.9332410572574976, 87.8379724799372, -242.63085275833086, 235.93320902720822
flux1:, 1.4878777162167474, 11.185801355468278, 0.9470387999692812, 84.91434041436882, -236.22675304980186, 229.9058950368903
flux1:, 1.4888600730873511, 11.094460281520151, 0.9593343629880354, 81.82348392981544, -229.78833577953458, 223.89645109774295
flux1:, 1.4898424299579551, 10.966841839714462, 0.9695012213162842, 78.57802816604212, -223.3340699348413, 217.90803009065797
flux1:, 1.4908247868285591, 10.80141306564906, 0.976932547977424, 75.19595754353237, -216.88412580312288, 211.94492789392993
flux1:, 1.4918071436991631, 10.597485171097413, 0.9810957548512819, 71.70124413546927, -210.45973004996836, 206.01271836020092
flux1:, 1.4927895005697671, 10.355421355251819, 0.981540376109428, 68.12295166516581, -204.08295744004351, 200.1183609839671
flux1:, 1.4937718574403709, 10.076675992765216, 0.9779435791818017, 64.49489318881164, -197.77580580236892, 194.2701159339738
flux1:, 1.4947542143109749, 9.763860105897116, 0.9701140001522615, 60.8538393925899, -191.55973232304171, 188.47740664315907
flux1:, 1.4957365711815789, 9.420626686485104, 0.9580168450682587, 57.23832992749877, -185.45462566797767, 182.7504852949189
flux1:, 1.4967189280521829, 9.051558109054636, 0.9417631125457908, 53.68637170918816, -179.47834218216926, 177.10008404252125
flux1:, 1.4977012849227869, 8.661905942818887, 0.921608545714426, 50.23400967020896, -173.6458716129767, 171.5369307503079
flux1:, 1.4986836417933906, 8.25735337026212, 0.8979265784142042, 46.913249947265925, -167.96916166582213, 166.0713408127718
flux1:, 1.4996659986639946, 7.843699530169444, 0.8711862215373523, 43.75113401158862, -162.456704841629, 160.7127644672113
flux1:, 1.5006483555345986, 7.426608824672441, 0.8419173336217464, 40.76850784754453, -157.11378275317733, 155.46949729208464
flux1:, 1.5016307124052026, 7.0113524927710955, 0.8106803242128507, 37.98001031477945, -151.94248797027225, 150.34840677245975
flux1:, 1.5026130692758066, 6.602642170325003, 0.7780361268223062, 35.393831523682024, -146.9422976018201, 145.3548560627396
flux1:, 1.5035954261464104, 6.20449490045608, 0.7445200536388227, 33.01251509538603, -142.11035636281392, 140.4926453256509
flux1:, 1.5045777830170146, 5.820184037030314, 0.7106246932749024, 30.83340213841626, -137.44216777351605, 135.76412750267818
flux1:, 1.5055601398876184, 5.452225768448367, 0.6767837488785116, 28.84983749690487, -132.93191991476155, 131.17030203668168
flux1:, 1.5065424967582224, 5.1024217913929055, 0.6433690181127508, 27.051848443029602, -128.57310733618067, 126.71103506020661
flux1:, 1.5075248536288264, 4.7719236187210505, 0.6106835150281752, 25.427347853778063, -124.35875471534136, 122.38521199188594
flux1:, 1.5085072104994304, 4.461319064989357, 0.5789688693263615, 23.962710669238618, -120.28188080013632, 118.1909748783336
flux1:, 1.5094895673700344, 4.170725623934775, 0.5484039025925181, 22.643742382066197, -116.33557619586932, 114.12586296249631
flux1:, 1.5104719242406381, 3.89988065427881, 0.519117596741399, 21.45600999972957, -112.51330817100745, 110.18701496026807
flux1:, 1.5114542811112421, 3.6482309098959442, 0.491189303124179, 20.385521241984417, -108.80887537623649, 106.3712649825618
flux1:, 1.5124366379818461, 3.415004733385408, 0.46466351598032973, 19.41881057215171, -105.21659523484446, 102.6752931365231
flux1:, 1.5134189948524501, 3.1992831384265887, 0.43954927120209186, 18.54337620197251, -101.73118122767598, 99.095673162249
flux1:, 1.5144013517230541, 3.0000478546506755, 0.4158346130801878, 17.747585949243966, -98.34786086558528, 95.62897613196432
flux1:, 1.515383708593658, 2.816231814654818, 0.3934841438942652, 17.02095001230541, -95.06221705547176, 92.27178006374719
flux1:, 1.516366065464262, 2.6467454705399205, 0.37245236482071903, 16.35391985576965, -91.87027369068142, 89.0207393175977
flux1:, 1.5173484223348659, 2.490510354615135, 0.3526792451781568, 15.738066572898818, -88.76832943243338, 85.87256953846136
flux1:, 1.5183307792054699, 2.3464691331808947, 0.3341023565154659, 15.165830169104376, -85.75303388460873, 82.82409536157117
flux1:, 1.5193131360760739, 2.213607353811433, 0.31665075657772, 14.630652727358974, -82.82122960085665, 79.87222202677948
flux1:, 1.5202954929466777, 2.090952763896514, 0.3002561458372496, 14.126715162795763, -79.9700307525392, 77.01397099598074
flux1:, 1.5212778498172816, 1.9775898325685968, 0.2848454781935582, 13.64905468741536, -77.19668047352134, 74.24644616111932
flux1:, 1.5222602066878856, 1.8726526240053865, 0.2703514404688623, 13.193309555990377, -74.49863679739117, 71.56686371736897
flux1:, 1.5232425635584896, 1.7753355814588334, 0.2567041697989297, 12.755836016612077, -71.8734473111879, 68.97251778094109
flux1:, 1.5242249204290936, 1.6848829909802907, 0.24384131584942983, 12.333470300827567, -69.31884297286175, 66.46080815422259
flux1:, 1.5252072772996974, 1.6005983291437302, 0.2316991617343505, 11.923650893616735, -66.83262912381302, 64.02920791530038
flux1:, 1.5261896341703014, 1.5218322613928634, 0.22022245902126908, 11.524200078298092, -64.41278541490364, 61.675290685116664
flux1:, 1.5271719910409054, 1.4479919987146754, 0.2093551590612541, 11.133451617202475, -62.05737041824466, 59.39670112865194
flux1:, 1.5281543479115094, 1.3785288878610786, 0.19905013734446367, 10.750049956881817, -59.764624172353294, 57.19118201233513
flux1:, 1.5291367047821134, 1.3129485548523032, 0.1892596677080744, 10.373079899033144, -57.53288230060672, 55.056547319712855
flux1:, 1.5301190616527172, 1.250798481623016, 0.17994509250711277, 10.001879067698367, -55.36067633037415, 52.99070849721015
flux1:, 1.5311014185233212, 1.1916791185721511, 0.1710671147795712, 9.636164263268277, -53.24665216003686, 50.991649103814154
flux1:, 1.5320837753939252, 1.135231379695063, 0.16259542450990425, 9.275851774267972, -51.189662535771134, 49.05744903875982
flux1:, 1.5330661322645291, 1.0811484226472916, 0.1544988453932246, 8.921174750045456, -49.18868435771819, 47.18625937559111
flux1:, 1.5340484891351331, 1.02916257522765, 0.14675490137508865, 8.57250641517363, -47.242897970795475, 45.376323248437394
flux1:, 1.535030846005737, 0.9790571674511482, 0.13933983805280567, 8.230464382046188, -45.351598860421866, 43.6259497170354
flux1:, 1.536013202876341, 0.930652249112055, 0.13223810598271266, 7.895734309990255, -43.514260375343945, 41.933530541717595
flux1:, 1.536995559746945, 0.8838157349004885, 0.1254322815739905, 7.569160443989157, -41.730438169228904, 40.29751265195498
flux1:, 1.537977916617549, 0.8384473947611779, 0.11891245558720942, 7.251571305122185, -39.99981664966059, 38.7164110636243
flux1:, 1.538960273488153, 0.7944887888502631, 0.11266610089365148, 6.94386026056765, -38.32210858723542, 37.18878068686305
flux1:, 1.5399426303587567, 0.7519054469705374, 0.10668737651073006, 6.6468189331944245, -36.69708990603363, 35.713226746997435
flux1:, 1.5409249872293607, 0.7106955790225165, 0.10096701812967454, 6.361215276806527, -35.124500696689516, 34.28837764682524
flux1:, 1.5419073440999647, 0.6708709618489144, 0.09550158607352566, 6.087642682447069, -33.60407604217648, 32.912894999732714
flux1:, 1.5428897009705687, 0.6324649617778163, 0.09028347362391874, 5.826603850605483, -32.13545631174167, 31.585449530775552
flux1:, 1.5438720578411727, 0.5955131729539802, 0.08531012717130157, 5.578382375894152, -30.718221921820838, 30.304732643123643
flux1:, 1.5448544147117764, 0.5600616383644929, 0.08057426542159973, 5.343137989995283, -29.351819200649377, 29.069436745619562
flux1:, 1.5458367715823806, 0.5261484282197146, 0.07607307687626315, 5.120803038512603, -28.03560408215258, 27.878269305456012
flux1:, 1.5468191284529844, 0.4938128972314082, 0.07179872112113217, 4.911189604860189, -26.768785782379727, 26.72993775242153
flux1:, 1.5478014853235884, 0.4630791163253161, 0.06774747141329529, 4.713907882622221, -25.55047996207765, 25.623165696452162
flux1:, 1.5487838421941924, 0.4339666032647786, 0.06391053896844053, 4.528480850082893, -24.379668002448227, 24.556681407103245
flux1:, 1.5497661990647964, 0.4064759756855652, 0.060283093293363045, 4.354277615265474, -23.255256372393543, 23.529234949879346
flux1:, 1.5507485559354004, 0.3806010724524694, 0.05685542689003582, 4.1906288163880605, -22.17604643951417, 22.53958865563368
flux1:, 1.5517309128060042, 0.3563166529258692, 0.053621765820362675, 4.036767011771724, -21.140795116647126, 21.58653370860478
flux1:, 1.5527132696766082, 0.33359143550638376, 0.05057178174790227, 3.8919364039524718, -20.148189670197713, 20.668881135911942
flux1:, 1.5536956265472122, 0.31237733317907757, 0.047699104656974994, 3.7553339291744763, -19.19690523728939, 19.785476758040694
flux1:, 1.5546779834178162, 0.29262278761453814, 0.04499319248979794, 3.626209204790898, -18.285580427343056, 18.93519180153752
flux1:, 1.5556603402884202, 0.2742629499057048, 0.04244747059284739, 3.5038027810281296, -17.412869051999426, 18.11693574174393
flux1:, 1.556642697159024, 0.2572327606127593, 0.04005157683612311, 3.387435007415717, -16.57741429482825, 17.329646258882725
flux1:, 1.557625054029628, 0.2414575912392544, 0.03779907179451265, 3.2764405516435064, -15.777893863863302, 16.572300058108834
flux1:, 1.558607410900232, 0.22686570663139605, 0.03568008448012621, 3.1702469953935757, -15.012992221614565, 15.843902344040234
flux1:, 1.559589767770836, 0.21337906138166565, 0.0336885555495309, 3.068306481077168, -14.281439680739648, 15.143496006815235
flux1:, 1.56057212464144, 0.2009249781334689, 0.03181531145373351, 2.970165970489894, -13.581983200119879, 14.470150985820029
flux1:, 1.5615544815120437, 0.18942695443698065, 0.03005481777741956, 2.875397610678528, -12.913420563258793, 13.822972293632246
flux1:, 1.5625368383826477, 0.17881554671891167, 0.028398707104465674, 2.78366280319333, -12.27457062131666, 13.201089637171549
flux1:, 1.5635191952532517, 0.16901916385525284, 0.026842030813483426, 2.6946429071799236, -11.664303768047708, 12.603664676836976
flux1:, 1.5645015521238557, 0.1599742303036678, 0.02537726052739082, 2.6080989938344263, -11.081512481782582, 12.029881168803488
flux1:, 1.5654839089944597, 0.15161600190548777, 0.02400003377777283, 2.523804158559979, -10.525139105072, 11.478951750605376
flux1:, 1.5664662658650634, 0.14388812060968426, 0.022703641671239207, 2.441600291351261, -9.994147268193782, 10.9501087587451
flux1:, 1.5674486227356674, 0.1367335109413337, 0.02148427020234163, 2.361332823813879, -9.487547691332118, 10.44261067552509
flux1:, 1.5684309796062714, 0.13010343592252896, 0.020335979328905428, 2.282905397309054, -9.004370856308531, 9.955733660250575
flux1:, 1.5694133364768754, 0.12394853871754336, 0.019255445602971617, 2.206217466971773, -8.543691301076631, 9.488777742192608
flux1:, 1.5703956933474794, 0.11822748542210244, 0.01823743118205553, 2.131217320801897, -8.104601694658347, 9.041059048055276
flux1:, 1.5713780502180832, 0.11289820599348915, 0.01727903725693783, 2.057842699172348, -7.686235863737218, 8.6119157472267
flux1:, 1.5723604070886872, 0.10792619351123456, 0.016375656372978303, 1.9860723619949443, -7.287744282746949, 8.200700912923773
flux1:, 1.5733427639592912, 0.10327597882226766, 0.015524748869628917, 1.91586968099105, -6.908315996422765, 7.8067882149394485
flux1:, 1.5743251208298952, 0.09891913243694314, 0.014722267053801712, 1.8472327988326165, -6.5471554640576315, 7.429565349874651
flux1:, 1.5753074777004992, 0.09482600166689545, 0.013965969627024384, 1.7801410563756037, -6.203503452212452, 7.068439463422974
flux1:, 1.576289834571103, 0.09097344084450593, 0.013252303147605683, 1.7146036962971867, -5.876615147815589, 6.722831078428406
flux1:, 1.577272191441707, 0.0873368290485407, 0.012579271340467749, 1.650608963456744, -5.5657800721895825, 6.3921792350911195
flux1:, 1.578254548312311, 0.0838975423593237, 0.011943756399125519, 1.5881712703737823, -5.27030135396869, 6.075935858367505
flux1:, 1.579236905182915, 0.08063526462265322, 0.011343961992913527, 1.5272827941148608, -4.989514707547563, 5.773570612222492
flux1:, 1.580219262053519, 0.07753520230171963, 0.010777155171659121, 1.467959020316287, -4.722768774921594, 5.484565656320752
flux1:, 1.5812016189241227, 0.074580699706208, 0.010241703267156939, 1.4101926777748626, -4.469443215143919, 5.208420213621754
flux1:, 1.5821839757947267, 0.07176018964643849, 0.009735215459083669, 1.3539975927985366, -4.228930031611472, 4.944645673052376
flux1:, 1.5831663326653307, 0.0690601220838204, 0.009256195106555214, 1.299364824883876, -4.00065082321413, 4.6927698786381615
flux1:, 1.5841486895359347, 0.0664716391875256, 0.00880255871514176, 1.24630478039288, -3.7840390269347424, 4.452332544754102
flux1:, 1.5851310464065387, 0.06398382490574632, 0.008372926183827165, 1.1948054271901485, -3.5785564004249846, 4.222889274895531
flux1:, 1.5861134032771425, 0.06159008926498342, 0.007965493935724433, 1.144872650845555, -3.3836760991979915, 4.0040072493219
flux1:, 1.5870957601477467, 0.059281747337888636, 0.007578986592827962, 1.0964904649929286, -3.198898445251047, 3.795268994825073
flux1:, 1.5880781170183504, 0.05705409551981856, 0.007211859583923522, 1.0496595854019453, -3.023734782605944, 3.5962683200887247
flux1:, 1.5890604738889544, 0.05490032813794384, 0.006862936462826897, 1.0043596015695437, -2.8577226389684194, 3.4066138615420356
flux1:, 1.5900428307595584, 0.05281728777629895, 0.006530915817662287, 0.9605857897799968, -2.7004100923664653, 3.225925260818274
flux1:, 1.5910251876301624, 0.050799732530525055, 0.006214720403184245, 0.9183124764665994, -2.551370458505434, 3.053836024093992
flux1:, 1.5920075445007664, 0.04884573618477936, 0.0059132775975845485, 0.8775298100295338, -2.4101880341814486, 2.889990874363619
flux1:, 1.5929899013713702, 0.04695131678388535, 0.0056256089929869425, 0.8382079588274659, -2.276470662633743, 2.734047881923517
flux1:, 1.5939722582419742, 0.0451154852746615, 0.005350861890291791, 0.8003309877873183, -2.1498368524858154, 2.5856753059962108
flux1:, 1.5949546151125782, 0.04333523569409253, 0.005088157987015238, 0.7638647297943957, -2.029928336217422, 2.4445545173263223
flux1:, 1.5959369719831822, 0.04161022696804152, 0.004836849015165681, 0.7287883391910572, -1.916396940988465, 2.310376610758208
flux1:, 1.5969193288537862, 0.03993815669260414, 0.004596155868024128, 0.6950637666053395, -1.808916816311841, 2.182845106096793
flux1:, 1.59790168572439, 0.03831906437100233, 0.004365617290675838, 0.662665858738341, -1.7071717702945604, 2.0616727565817197
flux1:, 1.598884042594994, 0.036751101235364354, 0.004144547620337659, 0.6315534739646881, -1.6108669045338917, 1.9465840558014607
flux1:, 1.599866399465598, 0.03523444974156958, 0.0039326502697225865, 0.6016980653485968, -1.5197163976126775, 1.8373122024170097
flux1:, 1.600848756336202, 0.03376750168489219, 0.0037293223651822935, 0.5730563923109067, -1.4334545386455118, 1.7336014439742873
flux1:, 1.601831113206806, 0.032350389922919144, 0.00353440501625641, 0.5455976018647674, -1.3518239434678996, 1.6352041906346255
flux1:, 1.6028134700774097, 0.03098158411105313, 0.0033473632570464166, 0.5192774599811282, -1.2745860066730486, 1.541883221545185
flux1:, 1.6037958269480137, 0.02966103205789306, 0.0031681458615883456, 0.49406394962958444, -1.2015095528210593, 1.453408948741687
flux1:, 1.6047781838186177, 0.028387176845520418, 0.002996268514865673, 0.46991294617281626, -1.1323807465150288, 1.3695615046265293
flux1:, 1.6057605406892217, 0.027159707159892497, 0.0028317570931129387, 0.4467923544188821, -1.0669921919398426, 1.2901281531169346
flux1:, 1.6067428975598257, 0.025976994412256184, 0.0026741606809357475, 0.424659137628744, -1.005152348671925, 1.2149052792967758
flux1:, 1.6077252544304295, 0.02483845105674191, 0.0025235536321198434, 0.40348203124303794, -0.9466751041816986, 1.1436959430527518
flux1:, 1.6087076113010335, 0.02374238192831312, 0.0023795034975502708, 0.3832198599731143, -0.8913887476913722, 1.0763117792240016
flux1:, 1.6096899681716375, 0.022687950978934543, 0.0022421088075254047, 0.3638428639444385, -0.839126034464377, 1.0125706887020927
flux1:, 1.6106723250422414, 0.021673436800688884, 0.0021109445876592242, 0.34531224560252427, -0.7897327609505711, 0.9522986533031739
flux1:, 1.6116546819128454, 0.020697811121876745, 0.001986114615570603, 0.32760016115344587, -0.7430583328465379, 0.8953275535696185
flux1:, 1.6126370387834492, 0.019759385126325472, 0.001867194924324313, 0.3106704498499852, -0.6989639743204653, 0.8414969017211951
flux1:, 1.6136193956540532, 0.018857006504195594, 0.0017542815561473741, 0.29449736128647364, -0.6573137962279655, 0.7906517718538184
flux1:, 1.6146017525246572, 0.01798908056496561, 0.001646949465912503, 0.2790474228996246, -0.617982659832109, 0.7426444546396346
flux1:, 1.6155841093952612, 0.017154396985079853, 0.001545279180014881, 0.2642969585936563, -0.580847729898544, 0.6973324885978669
flux1:, 1.6165664662658652, 0.016351508011372883, 0.0014488459982034787, 0.2502150714693202, -0.5457960016186791, 0.6545802339973811
flux1:, 1.617548823136469, 0.015579200697504637, 0.0013577114114921144, 0.23678002004531615, -0.5127163183646637, 0.6142569957606103
flux1:, 1.618531180007073, 0.014836212238446347, 0.0012714548399718288, 0.22396327911792754, -0.48150656493195126, 0.5762385188470939
flux1:, 1.619513536877677, 0.014121366507884285, 0.0011901182158721671, 0.21174483229653226, -0.45206612191504225, 0.5404051943811915
flux1:, 1.620495893748281, 0.013433606290212263, 0.0011132900624674059, 0.2000982782709585, -0.4243027266744276, 0.5066434790719689
flux1:, 1.621478250618885, 0.012771816398923807, 0.0010409941955325792, 0.18900509615048228, -0.3981253373226967, 0.47484417812057916
flux1:, 1.6224606074894887, 0.012135149457936686, 0.0009728334838431126, 0.1784407586834729, -0.3734506619375245, 0.44490379232695026
flux1:, 1.6234429643600927, 0.01152256086537239, 0.0009088160607032067, 0.1683880206231561, -0.35019640735983276, 0.4167228737157715
flux1:, 1.6244253212306967, 0.01093340396636102, 0.0008485639857447458, 0.15882400209601114, -0.32828748030002936, 0.3902073043653198
flux1:, 1.6254076781013007, 0.010366703943786124, 0.0007920724825593806, 0.14973254542988165, -0.30764959976388545, 0.3652667222603632
flux1:, 1.6263900349719047, 0.009821995216217334, 0.0007389868101155887, 0.14109222451203873, -0.28821517453385903, 0.34181573594917036
flux1:, 1.6273723918425085, 0.009298364090983398, 0.0006892919944425105, 0.13288781564039065, -0.26991726009786676, 0.31977241845380877
flux1:, 1.6283547487131127, 0.00879550024009598, 0.0006426594207768428, 0.12509919077059176, -0.2526951208064695, 0.2990594618602436
flux1:, 1.6293371055837165, 0.008312538052342442, 0.0005990662925278573, 0.1177119435956943, -0.23648851577317434, 0.2796027386557416
flux1:, 1.6303194624543205, 0.00784929256761573, 0.0005582119539580041, 0.11070712360299963, -0.22124295469983132, 0.2613323996432259
flux1:, 1.6313018193249245, 0.007404931299153647, 0.0005200677902350213, 0.10407106050144826, -0.2069043011222699, 0.24418150188074303
flux1:, 1.6322841761955285, 0.006979363733554443, 0.000484361952298177, 0.09778589293392759, -0.19342373146708158, 0.2280870528165156
flux1:, 1.6332665330661325, 0.006571775547347267, 0.0004510615576293207, 0.09183863354952083, -0.1807526433532109, 0.2129887044765975
flux1:, 1.6342488899367362, 0.006182140623803311, 0.0004199234915916156, 0.08621244844550419, -0.16884732886411516, 0.19882974612327653
flux1:, 1.6352312468073402, 0.0058096494210009035, 0.00039091178798172715, 0.08089500513124588, -0.1576641791776938, 0.1855558643069851
flux1:, 1.6362136036779442, 0.005454312646120847, 0.00036381128824521314, 0.0758704574362489, -0.14716408213639554, 0.17311608614770005
flux1:, 1.6371959605485482, 0.0051153150265863465, 0.00033858380826504256, 0.0711271187444491, -0.13730791366302186, 0.16146160485395417
flux1:, 1.6381783174191522, 0.0047926803379973425, 0.000315040802421253, 0.06665010819481035, -0.1280606704621741, 0.15054667499509025
flux1:, 1.639160674289756, 0.0044855807935906735, 0.0002931424966363166, 0.06242839142342076, -0.11938724010612543, 0.1403275029992558
flux1:, 1.64014303116036, 0.0041940342742359995, 0.00027272524452585836, 0.05844804294829506, -0.11125627893869063, 0.1307630952842719
flux1:, 1.641125388030964, 0.003917197775102702, 0.0002537481423619737, 0.05469869570278717, -0.10363625184938627, 0.12181421327566581
flux1:, 1.642107744901568, 0.003655069789109381, 0.00023607046762598484, 0.05116737610347847, -0.09649906574878958, 0.11344417571618419
flux1:, 1.643090101772172, 0.0034067937056501906, 0.00021965052766385, 0.04784440226680376, -0.08981637063936852, 0.10561787694763351
flux1:, 1.6440724586427757, 0.0031723404457529377, 0.00020436840452736976, 0.044717749223384694, -0.08356295857420781, 0.09830254372059913
flux1:, 1.6450548155133797, 0.0029508454462381893, 0.00019018190678216532, 0.04177843570690658, -0.0777133158320295, 0.09146681562420848
flux1:, 1.6460371723839837, 0.002742248878004111, 0.00017698979045637858, 0.039015378049078446, -0.07224479731986293, 0.08508145748740086
flux1:, 1.6470195292545877, 0.0025456868788399692, 0.00016474964257797266, 0.03642030362574657, -0.06713442146828794, 0.07911849993475903
flux1:, 1.6480018861251917, 0.0023610698709447026, 0.0001533767521451563, 0.03398305336891653, -0.062361828621706895, 0.07355190807059876
flux1:, 1.6489842429957955, 0.0021875452814303477, 0.00014282873932305374, 0.031696057599955196, -0.05790630729381744, 0.06835677983859384
flux1:, 1.6499665998663995, 0.002024997574748585, 0.00013303539788199064, 0.02955005172056938, -0.05374954633822891, 0.06350997154234735
flux1:, 1.6509489567370035, 0.0018725964023614964, 0.000123954690445162, 0.02753815088189826, -0.049872881721667886, 0.058989352369274106
flux1:, 1.6519313136076075, 0.001730205862580923, 0.00011552899687285584, 0.025651943214778636, -0.04625985087685797, 0.05477438768078223
flux1:, 1.6529136704782115, 0.001597028412393958, 0.00010771693915323269, 0.023885196352678245, -0.042893648474970354, 0.05084544660043208
flux1:, 1.6538960273488152, 0.0014729134850552516, 0.00010047171172844305, 0.02223029799653061, -0.03975949232879008, 0.04718434410359107
flux1:, 1.6548783842194192, 0.0013571052392817166, 9.375299031047193e-05, 0.02068162693527557, -0.03684227531554755, 0.04377369987127847
flux1:, 1.6558607410900232, 0.001249443903527965, 8.752318479462458e-05, 0.01923231092113302, -0.034128751630577187, 0.04059744051974509
flux1:, 1.6568430979606272, 0.0011492220201106721, 8.174336382740414e-05, 0.017877292200758843, -0.031605373114318464, 0.03764020688780534
flux1:, 1.6578254548312312, 0.0010562751882638075, 7.638369292182196e-05, 0.016610375554059142, -0.02926030501821385, 0.03488781821837866
flux1:, 1.658807811701835, 0.0009699487030540811, 7.140704493696924e-05, 0.015427016284167875, -0.027081433944574358, 0.032326725403396185
flux1:, 1.659790168572439, 0.0008900770501626171, 6.679007494808958e-05, 0.014321633907801303, -0.02505822269783014, 0.029944439221810483
flux1:, 1.660772525443043, 0.0008160606725417587, 6.249777828388694e-05, 0.013290148909956822, -0.023179879544018178, 0.0277290268605911
flux1:, 1.661754882313647, 0.0007477355915852975, 5.851217270718967e-05, 0.012327538821333788, -0.021437060633485043, 0.02566950589756355
flux1:, 1.662737239184251, 0.0006845579453373683, 5.480070958322754e-05, 0.011430146196330659, -0.01982018772027297, 0.02375538267555484
flux1:, 1.6637195960548548, 0.0006263673368722748, 5.1349812359726694e-05, 0.010593455317910158, -0.01832101022380221, 0.02197701379757347
flux1:, 1.6647019529254587, 0.0005726747510659296, 4.812963642994713e-05, 0.009814192594733394, -0.01693106100578736, 0.020325183577245203
flux1:, 1.6656843097960627, 0.0005233249316038295, 4.513017689981979e-05, 0.009088303326107638, -0.015643086696106364, 0.01879143552728057
flux1:, 1.6666666666666667, 0.00047788198816178513, 4.2324473610354856e-05, 0.008412864396091275, -0.014449631676051879, 0.017367686451160633
