flux1:, 1.1764705882352942, 0.00012288250178015033, 4.7242644393084126e-05, 0.003499021065366241, -0.006201754372971723, 0.004161523076838027
flux1:, 1.1774529451058982, 0.00013362571449541944, 4.9795012907840866e-05, 0.0037888277207549516, -0.006754954497739885, 0.004514967943744524
flux1:, 1.1784353019765021, 0.0001450362420310543, 5.2193254261158006e-05, 0.004099441405125389, -0.007356531180774417, 0.004897486993585872
flux1:, 1.179417658847106, 0.00015685633805858544, 5.486260469155099e-05, 0.0044325457091764445, -0.008010707168156297, 0.005311353978527404
flux1:, 1.18040001571771, 0.00016935966015168484, 5.741153850910283e-05, 0.004789593027351081, -0.0087213490929512, 0.005758943658683985
flux1:, 1.181382372588314, 0.00018225662376774026, 6.028897296252576e-05, 0.005172703947153023, -0.009493328797900989, 0.00624288475227813
flux1:, 1.182364729458918, 0.0001958728201784521, 6.307810661845345e-05, 0.005583419366742841, -0.010331104796771715, 0.006765902395041058
flux1:, 1.183347086329522, 0.00020987954293570147, 6.625031415594208e-05, 0.006024320901998763, -0.011240315220952021, 0.007331035283617187
flux1:, 1.1843294432001257, 0.00022465303855375899, 6.936573209937506e-05, 0.006497032549355192, -0.012226109529321528, 0.007941409957095916
flux1:, 1.1853118000707297, 0.00023981961300090349, 7.29191753802648e-05, 0.007004636373325242, -0.013295010427167504, 0.00860053338039094
flux1:, 1.1862941569413337, 0.0002558055683020622, 7.645028167103846e-05, 0.007548856131824742, -0.014452958026635234, 0.009311988711067908
flux1:, 1.1872765138119377, 0.0002721877571649239, 8.047960896867736e-05, 0.008133324774465996, -0.015707484222694926, 0.010079814989420847
flux1:, 1.1882588706825417, 0.0002894424799841354, 8.452899245909519e-05, 0.008759900268489952, -0.017065423668001192, 0.010908113076579991
flux1:, 1.1892412275531457, 0.00030709339904659756, 8.914820029914686e-05, 0.009432825214863754, -0.01853545150172596, 0.011801524657859032
flux1:, 1.1902235844237494, 0.0003256666198139213, 9.384440530226372e-05, 0.010154144055851341, -0.020125405455200217, 0.012764736106086192
flux1:, 1.1912059412943534, 0.00034462904627997415, 9.920159624977837e-05, 0.010928778358287173, -0.02184524609049989, 0.013803070049403494
flux1:, 1.1921882981649574, 0.0003645557772187411, 0.000104716578241992, 0.01175903349661186, -0.023703924205300844, 0.014921873483026189
flux1:, 1.1931706550355614, 0.000384852977914927, 0.00011101494779994723, 0.012650596915854751, -0.025712830994119005, 0.01612723615810749
flux1:, 1.1941530119061654, 0.00040614329587673417, 0.00011758977938069728, 0.01360614525188348, -0.027882129732102037, 0.017425247636471745
flux1:, 1.1951353687767692, 0.00042776799124877394, 0.00012511935868594516, 0.01463225466477302, -0.03022477288714914, 0.01882285804068029
flux1:, 1.1961177256473732, 0.00045039620533802007, 0.0001331037762897995, 0.01573214919535197, -0.03275219780775284, 0.020326986507353175
flux1:, 1.1971000825179772, 0.0004733023215144269, 0.00014229038398276555, 0.016913497534757193, -0.035478995402012777, 0.021945541948855916
flux1:, 1.1980824393885812, 0.0004972062874993341, 0.00015220320039744455, 0.018180381350736085, -0.038417841918350654, 0.023686362931163354
flux1:, 1.1990647962591852, 0.000521324853196396, 0.0001636805367405451, 0.019541939518180368, -0.04158490774903872, 0.02555841828456505
flux1:, 1.200047153129789, 0.0005464557271173169, 0.0001762926112403487, 0.021003694629186127, -0.04499385871923136, 0.027570557470896356
flux1:, 1.201029510000393, 0.0005718077381945261, 0.0001909868563496133, 0.02257699484758412, -0.04866209871292526, 0.029732917187725746
flux1:, 1.202011866870997, 0.0005983573739780019, 0.0002073891582077606, 0.02426990162679254, -0.05260364336164944, 0.032055467048993265
flux1:, 1.202994223741601, 0.0006254774310966517, 0.00022652104785756886, 0.026097312696831524, -0.05683635833579595, 0.03454967057140169
flux1:, 1.203976580612205, 0.0006546245042054926, 0.0002479744433756112, 0.028071549636876, -0.0613736357122773, 0.03722684434113487
flux1:, 1.2049589374828087, 0.0006857881009962753, 0.00027258256568655766, 0.030212587813430114, -0.06623324134145218, 0.040100187497941774
flux1:, 1.2059412943534127, 0.0007215504264259269, 0.0002994655212472481, 0.03253765909004459, -0.07142856341244962, 0.043183053158170365
flux1:, 1.2069236512240167, 0.0007631829092377813, 0.00032844954981956235, 0.035069316625320014, -0.07698116413756745, 0.04649152177275886
flux1:, 1.2079060080946207, 0.0008147407755231981, 0.00035726777925993277, 0.03782152383442105, -0.08291375101397096, 0.05004255363965226
flux1:, 1.2088883649652247, 0.0008779440435004064, 0.00038389097242097096, 0.04080322214714094, -0.08926775157607844, 0.053856717968402405
flux1:, 1.2098707218358287, 0.0009556856194602055, 0.0004051549434399688, 0.044004619001908184, -0.09609325835535705, 0.05795507924387771
flux1:, 1.2108530787064324, 0.0010458656808721507, 0.00041937919448135604, 0.04740844358219481, -0.10345960246883718, 0.062360825633506534
flux1:, 1.2118354355770364, 0.0011467401980658118, 0.00042642021299710026, 0.0509924250407216, -0.11142861234197934, 0.06709480852902568
flux1:, 1.2128177924476404, 0.0012525140296867562, 0.00042797001414361424, 0.05475030820772427, -0.1200602879497982, 0.07217852162155779
flux1:, 1.2138001493182444, 0.001361238509601142, 0.0004269830158104908, 0.058689499063730305, -0.12939119066529495, 0.07763142020396745
flux1:, 1.2147825061888484, 0.0014691985971113668, 0.000425654580591735, 0.0628352018671138, -0.1394593906844559, 0.08347619967630042
flux1:, 1.2157648630594522, 0.0015777938076176174, 0.00042630794049876514, 0.06721587550034916, -0.1502902519124324, 0.08973553425254502
flux1:, 1.2167472199300562, 0.0016856902012698232, 0.00042946936613855527, 0.07186468682150574, -0.16192525227250493, 0.09643698686159322
flux1:, 1.2177295768006602, 0.001795932554349514, 0.00043627127245980077, 0.07681016453427837, -0.17439860225583517, 0.1036080186754869
flux1:, 1.2187119336712642, 0.0019076019135716286, 0.0004462332186316504, 0.08208179458303459, -0.18776545017981708, 0.11128122744440497
flux1:, 1.2196942905418682, 0.002023973162048118, 0.000460108787634639, 0.08770515290475055, -0.202070937488131, 0.1194884148001908
flux1:, 1.220676647412472, 0.0021437794154118687, 0.00047713872335043245, 0.0937069881011208, -0.21738288449390433, 0.12826689568002494
flux1:, 1.221659004283076, 0.0022702381552957705, 0.000498157691516418, 0.10011282016366307, -0.2337549079333788, 0.13765264732648144
flux1:, 1.22264136115368, 0.002401651949275285, 0.0005223892059968081, 0.10694898050507473, -0.2512661005021807, 0.14768788715434125
flux1:, 1.223623718024284, 0.0025412464199821372, 0.000550919674616838, 0.11424340501344943, -0.2699770536017235, 0.15841301339484812
flux1:, 1.224606074894888, 0.0026869215708682052, 0.0005830143136547716, 0.12202321213626167, -0.2899781737227315, 0.16987565675899574
flux1:, 1.2255884317654917, 0.0028420059848489184, 0.0006201125603756398, 0.13032037424229678, -0.3113365014111624, 0.1821210668865828
flux1:, 1.2265707886360957, 0.003003977339990081, 0.0006615428045691738, 0.1391631471154196, -0.33415479885818317, 0.1952029632485343
flux1:, 1.2275531455066997, 0.003176330492094132, 0.0007092335162144507, 0.1485888443181142, -0.3585063863387607, 0.20917194217826687
flux1:, 1.2285355023773037, 0.0033560218466004267, 0.0007626349901833816, 0.15862671765112457, -0.3845080625606487, 0.2240886076632817
flux1:, 1.2295178592479077, 0.003546745719899856, 0.0008244051834891073, 0.1693208637627327, -0.41223914298349573, 0.24000941227521558
flux1:, 1.2305002161185117, 0.003744739259638522, 0.0008942846707814382, 0.18070110159158653, -0.4418326297788548, 0.2570027549668425
flux1:, 1.2314825729891155, 0.003953916563870698, 0.0009761203139031407, 0.1928204263329059, -0.4733728671936422, 0.27513140076604514
flux1:, 1.2324649298597194, 0.004169471942938727, 0.0010703762802020465, 0.20570881073679956, -0.5070114496555027, 0.2944725537705801
flux1:, 1.2334472867303234, 0.004395620795043452, 0.0011830429192701511, 0.2194321692044303, -0.5428346937316737, 0.31509550892919397
flux1:, 1.2344296436009274, 0.0046261069812831915, 0.0013164274953992596, 0.23402156520464468, -0.5810139439143358, 0.3370871975502654
flux1:, 1.2354120004715314, 0.004865997272878745, 0.0014808739064260425, 0.2495660214814652, -0.6216272834916816, 0.3605226927974162
flux1:, 1.2363943573421352, 0.005107768676591009, 0.0016835985739928553, 0.2661067429724286, -0.6648576932270732, 0.3854983214022646
flux1:, 1.2373767142127392, 0.005360831311094343, 0.0019450464693700526, 0.28379093353845763, -0.7107346205346898, 0.41208980110800586
flux1:, 1.2383590710833432, 0.005622754744096385, 0.0022862439507657416, 0.3027253484321258, -0.7593876264060337, 0.44039418774983347
flux1:, 1.2393414279539472, 0.005931387767566933, 0.002753206736208377, 0.3232794161526091, -0.8105942729564978, 0.47045837550484343
flux1:, 1.2403237848245512, 0.006349851542821061, 0.0034013095216313925, 0.34597878943937743, -0.8639814277869536, 0.5023133901062434
flux1:, 1.241306141695155, 0.0071369474171379295, 0.004305508179630902, 0.37236875952503407, -0.9178237955276038, 0.5357869248411923
flux1:, 1.242288498565759, 0.008894909227230522, 0.005385785310659755, 0.40523776996771677, -0.9687010747183777, 0.5704463709411748
flux1:, 1.243270855436363, 0.012660556713659517, 0.005854887366022962, 0.44749524381050715, -1.0125207676332977, 0.6057212624648983
flux1:, 1.244253212306967, 0.017181228657605886, 0.004337568168426182, 0.4892238504004666, -1.061719254684556, 0.6435469165678244
flux1:, 1.245235569177571, 0.01911666302578597, 0.0020271736997244582, 0.5174307232866888, -1.1345492412826836, 0.6868911663505596
flux1:, 1.2462179260481747, 0.0190598302517973, 0.0006979386767667295, 0.5402529685596315, -1.2218962018065556, 0.7345712871748024
flux1:, 1.2472002829187787, 0.018769264671602576, 0.0001634638570946519, 0.5657224213685079, -1.3133997485951958, 0.7851150452298691
flux1:, 1.2481826397893827, 0.018702572280138084, 8.60608933786639e-06, 0.595131336258708, -1.407472325963972, 0.8383873993299671
flux1:, 1.2491649966599867, 0.018923300745418155, -6.896169276578871e-07, 0.6280977531788929, -1.5048300879368763, 0.8946224692198821
flux1:, 1.2501473535305907, 0.01935922218135267, 6.203575520461041e-05, 0.6642749404384971, -1.6063182747793232, 0.9540907117204711
flux1:, 1.2511297104011945, 0.019983675939320166, 0.00014640998391681184, 0.7033865206567967, -1.7126765537795177, 1.0170546814478463
flux1:, 1.2521120672717985, 0.020748769051183946, 0.0002492378534461683, 0.7454016094309602, -1.824422147367226, 1.0837545789422094
flux1:, 1.2530944241424025, 0.02164783400251595, 0.0003526212363450421, 0.7902541496667508, -1.9420780424975692, 1.1544380272227104
flux1:, 1.2540767810130065, 0.022654999998713322, 0.0004641053744580779, 0.838055985948686, -2.066022147313468, 1.2293420887314126
flux1:, 1.2550591378836105, 0.023774161229880453, 0.0005730007889869568, 0.8888299588294926, -2.196705689497598, 1.3087218553392743
flux1:, 1.2560414947542144, 0.024989553266288426, 0.0006881581786559427, 0.9427498782341792, -2.334469415815224, 1.3928279351620096
flux1:, 1.2570238516248182, 0.026309807859268, 0.0008011572296029971, 0.9998833188680891, -2.479750078779305, 1.481933042700935
flux1:, 1.2580062084954222, 0.027723996782830933, 0.0009205293218635821, 1.0604385498104443, -2.632888778849306, 1.5763086497807681
flux1:, 1.2589885653660262, 0.029243182607592285, 0.0010388689496814959, 1.1245124251409016, -2.7943298251542057, 1.6762501326202746
flux1:, 1.2599709222366302, 0.030859010061193244, 0.0011641685346860998, 1.1923381293038309, -2.9644295170972086, 1.782053847588634
flux1:, 1.2609532791072342, 0.032584090685305905, 0.0012896275272640367, 1.2640362712000948, -3.1436492386062667, 1.8940410834037587
flux1:, 1.261935635977838, 0.0344116254554803, 0.0014227468524306193, 1.3398618383700291, -3.3323670182829312, 2.012535935357761
flux1:, 1.262917992848442, 0.036355466916554016, 0.0015571618416218638, 1.4199574799194703, -3.531065935620306, 2.1378881998961483
flux1:, 1.263900349719046, 0.03840991322050014, 0.0016999661011269135, 1.5045994263904414, -3.7401488604269693, 2.2704521212857425
flux1:, 1.26488270658965, 0.0405900015837904, 0.0018451462928251595, 1.5939522932408612, -3.9601229855258007, 2.4106083317532114
flux1:, 1.265865063460254, 0.042890947066999176, 0.001999462620145507, 1.6883141304629774, -4.191417518402965, 2.558743452925774
flux1:, 1.266847420330858, 0.0453290402814584, 0.0021572048105502413, 1.7878722535215452, -4.434565025697761, 2.715271158644911
flux1:, 1.2678297772014617, 0.047900389303773654, 0.002324856704993048, 1.892947655889392, -4.690021651100105, 2.8806125833401333
flux1:, 1.2688121340720657, 0.05062267966070961, 0.0024969815274800164, 2.0037515235764927, -4.958345853554954, 3.0552165677736336
flux1:, 1.2697944909426697, 0.05349298908335983, 0.0026798290065504515, 2.1206292214602107, -5.24002071084807, 3.239540818611465
flux1:, 1.2707768478132737, 0.05653059171051008, 0.0028682174232645004, 2.2438172457273993, -5.5356305402048545, 3.4340713844490423
flux1:, 1.2717592046838777, 0.059733684761623954, 0.0030681931644807735, 2.3736869357247694, -5.845684874131541, 3.6393045193691385
flux1:, 1.2727415615544815, 0.0631233673983763, 0.0032748184471369473, 2.510501720208934, -6.170793379888214, 3.8557654188786206
flux1:, 1.2737239184250855, 0.06669916557084155, 0.003493958430938985, 2.6546606425437793, -6.511491141107785, 4.083990741541717
flux1:, 1.2747062752956895, 0.07048428188575988, 0.0037209133013278717, 2.8064558202442904, -6.868412227774168, 4.324546625091441
flux1:, 1.2756886321662935, 0.07447983352666919, 0.003961382649782141, 2.9663158152189095, -7.242115970702016, 4.5780118278952004
flux1:, 1.2766709890368975, 0.07871144630345824, 0.00421090244353003, 3.134563301323177, -7.633259470371533, 4.844995033274365
flux1:, 1.2776533459075012, 0.08318214089414173, 0.004475017577175616, 3.31165825992357, -8.042424601609852, 5.126118588141689
flux1:, 1.2786357027781052, 0.08792032997092313, 0.0047495005168672185, 3.4979558877400794, -8.470289709209638, 5.422035092147251
flux1:, 1.2796180596487092, 0.09293129869306259, 0.005039748796509336, 3.693949554637008, -8.917457118508986, 5.733411709172446
flux1:, 1.2806004165193132, 0.09824665536882032, 0.005341774371457598, 3.9000290359791503, -9.384624218901518, 6.0609460351809785
flux1:, 1.2815827733899172, 0.10387435937273196, 0.0056608321934799085, 4.116723134867068, -9.87241129523366, 6.405350969611806
flux1:, 1.282565130260521, 0.10984967209959971, 0.005993178560119956, 4.344458347437757, -10.381532175161118, 6.767369847059075
flux1:, 1.283547487131125, 0.11618368494480565, 0.00634392888677195, 4.583801014825242, -10.912622224591532, 7.14776186352932
flux1:, 1.284529844001729, 0.12291581893646066, 0.006709590278461812, 4.835216571948975, -11.466408687849922, 7.547316455455761
flux1:, 1.285512200872333, 0.13006080530738456, 0.007095140450696543, 5.099311071292789, -12.043538717979883, 7.966839279052584
flux1:, 1.286494557742937, 0.13766278414890573, 0.0074973451475609755, 5.376591177387327, -12.644749525957963, 8.407165819231306
flux1:, 1.2874769146135407, 0.1457406850577824, 0.007921045553880677, 5.66770487768441, -13.270696332452784, 8.869147930326832
flux1:, 1.2884592714841447, 0.15434398158649656, 0.008363275118949014, 5.973202407065291, -13.922122413708289, 9.353666654667323
flux1:, 1.2894416283547487, 0.16349641480882654, 0.00882873928525269, 6.293775941445452, -14.59968687570584, 9.8616193399546
flux1:, 1.2904239852253527, 0.17325346607277062, 0.009314749346214032, 6.630021653942124, -15.304134663476717, 10.39393164757539
flux1:, 1.2914063420959567, 0.18364436029739373, 0.009825875645724952, 6.982678169883747, -16.036124070004846, 10.95154526540814
flux1:, 1.2923886989665605, 0.19473132750524286, 0.010359718371545448, 7.352389966543129, -16.796396763244406, 11.53542909047797
flux1:, 1.2933710558371645, 0.2065498174587584, 0.010920713300670118, 7.739944352969753, -17.585604946350518, 12.146567564283027
flux1:, 1.2943534127077685, 0.21916962641595725, 0.011506761238497823, 8.14603643032165, -18.404481441619037, 12.78597101337978
flux1:, 1.2953357695783725, 0.23263325166529866, 0.012122163754455222, 8.571504357819693, -19.25366643107714, 13.454664633458757
flux1:, 1.2963181264489765, 0.2470189654779587, 0.012765134374993029, 9.017096106461905, -20.133877629193105, 14.15369797525002
flux1:, 1.2973004833195805, 0.2623772367858402, 0.013439840402471464, 9.48370275622737, -21.045736532323193, 14.884134612948538
flux1:, 1.2982828401901843, 0.2787958378091129, 0.014144820196139374, 9.972127277316424, -21.98993870922134, 15.647060765177361
flux1:, 1.2992651970607882, 0.29633426186207346, 0.01488410595916074, 10.483315629457152, -22.96707949308569, 16.44357567790947
flux1:, 1.3002475539313922, 0.31509094937108495, 0.015656572579829966, 11.01812780065675, -23.97782442079167, 17.274799373896094
flux1:, 1.3012299108019962, 0.3351356385554438, 0.016466115120621353, 11.577566480175815, -25.022734313611696, 18.14186378753683
flux1:, 1.3022122676726002, 0.35657879140338444, 0.01731195578247317, 12.162550592693558, -26.10243590410224, 19.045919638705573
flux1:, 1.303194624543204, 0.3795018289514989, 0.018197848855963983, 12.77414135430638, -27.217446259023628, 19.98812835680804
flux1:, 1.304176981413808, 0.40402883363817205, 0.01912337337255558, 13.413318539247966, -28.36834365404624, 20.96966807917185
flux1:, 1.305159338284412, 0.430254634187871, 0.020092137130845653, 14.081203776903305, -29.555591298573198, 21.991726399098056
flux1:, 1.306141695155016, 0.45831885190035265, 0.02110408393505483, 14.778839771279852, -30.77970852854245, 23.05550550350166
flux1:, 1.30712405202562, 0.4883318297749054, 0.022162667150091863, 15.507410767102803, -32.041093804874485, 24.162215782799883
flux1:, 1.308106408896224, 0.5204510757460624, 0.02326820144963433, 16.268024928454853, -33.3401963175877, 25.313080122054192
flux1:, 1.3090887657668278, 0.5548050608160147, 0.024423975616923308, 17.06193199326052, -34.67733824737453, 26.50932842113648
flux1:, 1.3100711226374318, 0.5915720978918713, 0.025630679695876922, 17.890309003176103, -36.052886897371984, 27.752201063210162
flux1:, 1.3110534795080357, 0.6309020852915114, 0.02689142595303036, 18.75447528920806, -37.4670762197365, 29.042944397777585
flux1:, 1.3120358363786397, 0.6729978302894354, 0.028207283284253405, 19.65568173465826, -38.9201796410958, 30.382813430301603
flux1:, 1.3130181932492437, 0.7180348749339944, 0.02958117475276291, 20.595323399955923, -40.412330849102275, 31.773068321989257
flux1:, 1.3140005501198475, 0.7662452605248535, 0.031014551903903998, 21.574732438548754, -41.94369749786054, 33.21497636212418
flux1:, 1.3149829069904515, 0.8178356329328069, 0.03251013688306661, 22.595388889472698, -43.51430128674688, 34.709809570790824
flux1:, 1.3159652638610555, 0.8730734324094387, 0.0340697697444191, 23.65871739470036, -45.12419279266358, 36.25884604283157
flux1:, 1.3169476207316595, 0.932203564439455, 0.03569596379630299, 24.766296874182718, -46.773270836049505, 37.863368708297834
flux1:, 1.3179299776022635, 0.9955369822156679, 0.03739095900061515, 25.919661063530526, -48.461458691555386, 39.52466615977056
flux1:, 1.3189123344728673, 1.0633663120232817, 0.03915705941913921, 27.120508238562973, -50.188522843596324, 41.24403274101482
flux1:, 1.3198946913434713, 1.136056798287702, 0.040996925879391924, 28.370505647307148, -51.95425090703593, 43.02276898362343
flux1:, 1.3208770482140753, 1.2139614070201532, 0.042912666017693106, 29.671500658557274, -53.75826970653869, 44.86218316063775
flux1:, 1.3218594050846793, 1.2975141079312655, 0.044907398782430566, 31.02532906825372, -55.600225286037755, 46.763591554295516
flux1:, 1.3228417619552832, 1.3871451463138111, 0.04698306861802187, 32.434029611714536, -57.47960041709177, 48.72832166323077
flux1:, 1.323824118825887, 1.483376678402058, 0.0491433143047487, 33.89965612005522, -59.395897068756014, 50.75771252138905
flux1:, 1.324806475696491, 1.5867391045481172, 0.05138998042714962, 35.42449782353453, -61.3484533530936, 52.85311985856258
flux1:, 1.325788832567095, 1.6978691440392737, 0.05372732322509283, 37.010895265827884, -63.33662896286193, 55.01591682461018
flux1:, 1.326771189437699, 1.817428402100772, 0.05615719330065958, 38.66146931710788, -65.35962160467918, 57.247501403065854
flux1:, 1.327753546308303, 1.9462040904197329, 0.058684612877109354, 40.37894072291107, -67.41665595279822, 59.54929788097694
flux1:, 1.3287359031789068, 2.0850313495190784, 0.06131160351964797, 42.166371415650595, -69.5067997021969, 61.92276692330243
flux1:, 1.3297182600495108, 2.234897029075374, 0.0640441727705137, 44.026987378879966, -71.6291567924299, 64.36940821700448
flux1:, 1.3307006169201148, 2.3968677359764543, 0.06688475789227744, 45.964436265381735, -73.78268340341606, 66.89077359923533
flux1:, 1.3316829737907188, 2.5721973775979885, 0.06984066749129489, 47.98261278733696, -75.96638651668495, 69.48847122795605
flux1:, 1.3326653306613228, 2.7622635124198163, 0.07291510600719388, 50.08593671665892, -78.17914065400738, 72.16418195164806
flux1:, 1.3336476875319265, 2.9686797060194348, 0.07611712839534994, 52.27917872348681, -80.41989361428578, 74.91966503424622
flux1:, 1.3346300444025305, 3.1932434700226278, 0.07945119758554074, 54.567761652516246, -82.68748574147187, 77.75677734329271
flux1:, 1.3356124012731345, 3.4380548395156865, 0.08292873015155086, 56.95758153877255, -84.98086620184577, 80.67747961386166
flux1:, 1.3365947581437385, 3.7054798230267267, 0.08655611658196535, 59.45533081728314, -87.29891874813508, 83.68385636437164
flux1:, 1.3375771150143425, 3.998276571365853, 0.09034796385115683, 62.06830111437842, -89.64069500363571, 86.77811897090048
flux1:, 1.3385594718849465, 4.319578241437026, 0.09431346918767929, 64.80471519704136, -92.00525527859412, 89.9626199918315
flux1:, 1.3395418287555503, 4.6730265544837275, 0.09847149927114066, 67.67347816685692, -94.39193188936642, 93.23984277347526
flux1:, 1.3405241856261543, 5.062775353847072, 0.10283513782995019, 70.68447488494004, -96.80020301240964, 96.61239365908628
flux1:, 1.3415065424967583, 5.493624935938723, 0.10742876891145754, 73.84818791675849, -99.23001258699831, 100.08295222608197
flux1:, 1.3424888993673623, 5.971036899816936, 0.11227048398120788, 77.17584320291955, -101.68171471224669, 103.65420089070963
flux1:, 1.3434712562379663, 6.501242147062113, 0.11739131707807654, 80.67869757309752, -104.15650435122582, 107.32867329494412
flux1:, 1.34445361310857, 7.091223851281447, 0.12281491701586786, 84.36773877720182, -106.65650912466722, 111.10852539954269
flux1:, 1.345435969979174, 7.748712842927116, 0.12857889762248717, 88.2521751216832, -109.18543946872515, 114.99513636624843
flux1:, 1.346418326849778, 8.48199945522024, 0.13471055895121997, 92.33799011593675, -111.74897859447496, 118.98850219118297
flux1:, 1.347400683720382, 9.299570797894729, 0.14124966711071976, 96.6245689560049, -114.35585541479475, 123.08626581066856
flux1:, 1.348383040590986, 10.209362342327672, 0.14821760948542897, 101.10055893084814, -117.01879455011512, 127.28226846966226
flux1:, 1.34936539746159, 11.217405160088347, 0.1556391861932277, 105.7364364796284, -119.75631815233314, 131.56436990033149
flux1:, 1.3503477543321938, 12.325573509030097, 0.1634997503939886, 110.47479229898559, -122.5945473399582, 135.9113460725966
flux1:, 1.3513301112027978, 13.527884408742935, 0.17176026400365652, 115.21551259715491, -125.56984067556353, 140.28862598904647
flux1:, 1.3523124680734018, 14.805054587880916, 0.18029356705855196, 119.79779490191314, -128.73100283053103, 144.64297392535968
flux1:, 1.3532948249440058, 16.116829576396853, 0.18888606368001645, 123.97866130620194, -132.14104699922942, 148.89679516455445
flux1:, 1.3542771818146098, 17.393101384852553, 0.1971525519832744, 127.41657979741203, -135.8757054296355, 152.9442466159399
flux1:, 1.3552595386852135, 18.526051007590468, 0.20454479528067895, 129.67165070526787, -140.01656498775037, 156.65345526450466
flux1:, 1.3562418955558175, 19.36983934285493, 0.2103065442738019, 130.247091589518, -144.63445602384624, 159.8815434038043
flux1:, 1.3572242524264215, 19.75600466485512, 0.21360224558359783, 128.69215931035535, -149.76299011525057, 162.50845906255904
flux1:, 1.3582066092970255, 19.53208267255035, 0.21366104976379702, 124.76786557498777, -155.36775415791305, 164.48768533806586
flux1:, 1.3591889661676295, 18.61663964975032, 0.2100891094532269, 118.61692176228044, -161.32887993367675, 165.89487986650232
flux1:, 1.3601713230382333, 17.04630363256129, 0.20304604619199795, 110.83286108284652, -167.455654168129, 166.94182875809975
flux1:, 1.3611536799088373, 14.981082858587648, 0.19328302481860216, 102.34361419673951, -173.53745855424225, 167.9336064093069
flux1:, 1.3621360367794413, 12.659065624704093, 0.18187706464301606, 94.14982547219344, -179.40613838575263, 169.18532205150174
flux1:, 1.3631183936500453, 10.325809771978236, 0.16987856022558534, 87.06330622882803, -184.97633075398977, 170.9452350854013
flux1:, 1.3641007505206493, 8.179136723086858, 0.15803546624195178, 81.57703375693464, -190.24697479829, 173.36184253618947
flux1:, 1.365083107391253, 6.348669425951088, 0.146659008584402, 77.8835399848585, -195.27566735912166, 176.4965644920622
flux1:, 1.366065464261857, 4.9054794688340255, 0.1356817494966745, 75.97855796477015, -200.14487237319517, 180.36019799002847
flux1:, 1.367047821132461, 3.8850908994492457, 0.12467732002352985, 75.77741089419975, -204.93406375828474, 184.95095216701915
flux1:, 1.368030178003065, 3.3120914305567473, 0.11297762563900518, 77.20952417300526, -209.69836775212514, 190.2838524543888
flux1:, 1.369012534873669, 3.220699653113487, 0.09960404068224647, 80.28432884085782, -214.4499402345069, 196.40969041609412
flux1:, 1.3699948917442728, 3.671093964989915, 0.08331597116343403, 85.13852107485988, -219.13257462148883, 203.42466288749083
flux1:, 1.3709772486148768, 4.760885533752811, 0.06245114655535977, 92.06793917609428, -223.5819442463036, 211.46755881020604
flux1:, 1.3719596054854808, 6.627751960288034, 0.0350216819851105, 101.53518637763749, -227.4623029175491, 220.69240872763456
flux1:, 1.3729419623560848, 9.428618522346541, -0.001199289868191856, 114.10361175172135, -230.1856353886585, 231.1879651278971
flux1:, 1.3739243192266888, 13.265891927090806, -0.047788100796582175, 130.19757774662475, -230.85805269454505, 242.80196674303497
flux1:, 1.3749066760972926, 18.02617789084682, -0.10409786455630601, 149.55851873052728, -228.3958989490452, 254.85879044505535
flux1:, 1.3758890329678966, 23.165032842611886, -0.1647541064163805, 170.48464883495745, -222.02973180458815, 265.9310321495958
flux1:, 1.3768713898385005, 27.659006447130594, -0.21913480790600665, 189.57971768660104, -212.17238508240754, 274.108439715524
flux1:, 1.3778537467091045, 30.42361329397069, -0.2555414980390782, 203.07483876070705, -200.8569064482997, 278.03946568061724
flux1:, 1.3788361035797085, 30.995425298861157, -0.2687227297066852, 209.1608913903617, -190.80960348447354, 277.93756492907335
flux1:, 1.3798184604503125, 29.74625073015281, -0.26232090123811524, 208.86028255741093, -183.85451685897107, 275.34517594473533
flux1:, 1.3808008173209163, 27.452432531672006, -0.2445857050687135, 204.68032265955205, -180.30976212593532, 271.9963832247146
flux1:, 1.3817831741915203, 24.804047529002524, -0.22298569774602572, 198.94779545612272, -179.53262457003038, 269.0414618828596
flux1:, 1.3827655310621243, 22.222954619191643, -0.20224914142516748, 193.13540024303785, -180.6431939073404, 266.980363590048
flux1:, 1.3837478879327283, 19.902812414329848, -0.18461661163442827, 187.95340447921117, -182.90018937096644, 265.9035498819207
flux1:, 1.3847302448033323, 17.900818577342704, -0.1708803305722578, 183.64044840275963, -185.78632833096876, 265.7161542398865
flux1:, 1.3857126016739363, 16.20833437277195, -0.16104803022806635, 180.19973326718073, -188.97240078447575, 266.2675159815231
flux1:, 1.38669495854454, 14.790803884022464, -0.15486199674405618, 177.53509022345068, -192.26005667267933, 267.4086217338395
flux1:, 1.387677315415144, 13.607422773430246, -0.15192833841617082, 175.5218188441343, -195.53391926823386, 269.0122353129714
flux1:, 1.388659672285748, 12.61932790818688, -0.15189801442321293, 174.0358871195332, -198.73000198012733, 270.97598734197993
flux1:, 1.389642029156352, 11.792612658005728, -0.15441299288863375, 172.9675238893327, -201.81497177267303, 273.21992273293876
flux1:, 1.390624386026956, 11.098752777697397, -0.15920413548247317, 172.22266025547586, -204.77450547472404, 275.68201077396304
flux1:, 1.3916067428975598, 10.514253398294947, -0.16599741493252287, 171.72423996848894, -207.60544319333326, 278.31431310697263
flux1:, 1.3925890997681638, 10.019870719436538, -0.17459967660592715, 171.40866699285652, -210.31205442452926, 281.0793307160405
flux1:, 1.3935714566387678, 9.599929028768244, -0.1848000096383251, 171.22559884619747, -212.90288358613978, 283.9475711226072
flux1:, 1.3945538135093718, 9.241629664812171, -0.196456479155004, 171.13417562837097, -215.38978988441858, 286.8952569303748
flux1:, 1.3955361703799758, 8.934543219972626, -0.2094005188009678, 171.1032389804323, -217.78638023499732, 289.90303037407364
flux1:, 1.3965185272505796, 8.670144862995295, -0.22352423870028207, 171.10800568711002, -220.10798316443567, 292.9545608732
flux1:, 1.3975008841211836, 8.441485294966297, -0.23869022638562304, 171.13082083185205, -222.3705894387441, 296.03593880322734
flux1:, 1.3984832409917876, 8.242895705195064, -0.2548162882471835, 171.15818746584074, -224.59113712950983, 299.1348083209399
flux1:, 1.3994655978623916, 8.069776329512615, -0.27179232615035687, 171.18189745374153, -226.78660707485352, 302.2401578698579
flux1:, 1.4004479547329955, 7.918408586012225, -0.2895590066667829, 171.1962800240378, -228.9744290799596, 305.3417533161282
flux1:, 1.4014303116035993, 7.785813573530219, -0.30803356273497967, 171.19958696084183, -231.17163551672115, 308.4301538706437
flux1:, 1.4024126684742033, 7.669629931837842, -0.3271790583035454, 171.19138105837095, -233.395347817983, 311.4963132098934
flux1:, 1.4033950253448073, 7.568013671310716, -0.3469412460000437, 171.17410970247653, -235.66197421707125, 314.5317188958639
flux1:, 1.4043773822154113, 7.479557647194968, -0.3673053871171952, 171.1505992286376, -237.98777785658731, 317.52808090481545
flux1:, 1.4053597390860153, 7.403217120207684, -0.388246515787584, 171.12578470172798, -240.38812081271556, 320.47753220973766
flux1:, 1.406342095956619, 7.338257383948684, -0.40977105198273783, 171.10429481707104, -242.87811686931025, 323.3723550074567
flux1:, 1.407324452827223, 7.28419673280725, -0.43188295177745345, 171.09231786290172, -245.47191632948145, 326.20520502147957
flux1:, 1.408306809697827, 7.240774479568304, -0.45460754592876207, 171.09526240350993, -248.18343621016854, 328.96884472805607
flux1:, 1.409289166568431, 7.207906560904234, -0.47797610184586226, 171.11973955936895, -251.0256691265115, 331.65637039396034
flux1:, 1.410271523439035, 7.185668925401924, -0.502029391822337, 171.17127893867644, -254.01147306380466, 334.2609360870133
flux1:, 1.4112538803096388, 7.17426248656601, -0.5268231851784656, 171.2564057775694, -257.152876377787, 336.7759735306633
flux1:, 1.4122362371802428, 7.174008040665833, -0.5524089863362087, 171.38038441466082, -260.4619016913796, 339.1948978359256
flux1:, 1.4132185940508468, 7.185317740295401, -0.5788629513252148, 171.54936691795564, -263.9498319510247, 341.51131723719817
flux1:, 1.4142009509214508, 7.208698105199017, -0.6062410268174672, 171.76813074091083, -267.6280357824132, 343.71871691299316
flux1:, 1.4151833077920548, 7.244725114617039, -0.6346337657498475, 172.04227514526784, -271.50715035771765, 345.8106595949586
flux1:, 1.4161656646626586, 7.2940517764512665, -0.6640927433215115, 172.37591459514283, -275.59786529798004, 347.78044624255284
flux1:, 1.4171480215332626, 7.357383405915192, -0.6947137402330567, 172.77389841259432, -279.9099633640935, 349.62131137594025
flux1:, 1.4181303784038666, 7.435485575704893, -0.72653079828805, 173.23941473496288, -284.4530012790907, 351.32606212603235
flux1:, 1.4191127352744706, 7.529154992888966, -0.7596302319435194, 173.77620455874742, -289.23512411349833, 352.8872761834556
flux1:, 1.4200950921450746, 7.639222223876741, -0.7940080239618175, 174.3860211077164, -294.26355066099256, 354.29692592199376
flux1:, 1.4210774490156786, 7.766511496238163, -0.8297171042804287, 175.0708017667317, -299.54303914308446, 355.546594369116
flux1:, 1.4220598058862823, 7.911830077156052, -0.8666830395285784, 175.82991496738424, -305.07604145923136, 356.62710187854026
flux1:, 1.4230421627568863, 8.075907156593468, -0.9048870410189579, 176.66224344483936, -310.86065279587257, 357.52877392887024
flux1:, 1.4240245196274903, 8.259358295836826, -0.9441343184914899, 177.56314103034074, -316.8902577291202, 358.2411110211219
flux1:, 1.4250068764980943, 8.462589845527702, -0.9842755900399189, 178.5263811537038, -323.15076942451986, 358.75317074707414
flux1:, 1.4259892333686983, 8.68572385370163, -1.0249226974825003, 179.54075968132906, -329.6195978585447, 359.0533605041427
flux1:, 1.4269715902393023, 8.928453119566182, -1.0657127036130558, 180.5919025400644, -336.2620564178511, 359.13004469965415
flux1:, 1.427953947109906, 9.189914352155679, -1.1059678087865155, 181.65853407422622, -343.02965738995425, 358.9715923913128
flux1:, 1.42893630398051, 9.468487773875014, -1.1450098388395404, 182.71427825010443, -349.85590183946067, 358.56737028986345
flux1:, 1.429918660851114, 9.761625508826231, -1.1817684202341723, 183.72384071684533, -356.6544670180816, 357.9082123107268
flux1:, 1.430901017721718, 10.065623692749543, -1.2151614685922112, 184.64526003017647, -363.3154459242981, 356.9879530404978
flux1:, 1.431883374592322, 10.375466192170235, -1.2436687250546665, 185.4266887297588, -369.70515003177536, 355.8044079589313
flux1:, 1.4328657314629258, 10.68467120869502, -1.265804671099806, 186.0100431812822, -375.6652937538343, 354.36140370600737
flux1:, 1.4338480883335298, 10.985301168441495, -1.2796898179618348, 186.3295658360014, -381.01761306142515, 352.6700021538763
flux1:, 1.4348304452041338, 11.268078773822104, -1.28364505593482, 186.3181072731564, -385.569615155907, 350.7504406414205
flux1:, 1.4358128020747378, 11.522779564507326, -1.2757922255886687, 185.90853288044113, -389.12729077349144, 348.63264313784987
flux1:, 1.4367951589453418, 11.738807517936628, -1.2547673616032602, 185.04298927343075, -391.5092846322741, 346.35675776981196
flux1:, 1.4377775158159456, 11.90606205124755, -1.219338119076011, 183.67644414592584, -392.5666423049241, 343.97148772215695
flux1:, 1.4387598726865496, 12.015886762487888, -1.1691528274547933, 181.78658093065957, -392.20029859751037, 341.5319272269665
flux1:, 1.4397422295571536, 12.062088002508753, -1.104287809232618, 179.37569256595742, -390.3782439650165, 339.0951034008278
flux1:, 1.4407245864277576, 12.041704594542422, -1.0258782011872654, 176.4762903685763, -387.1435241588065, 336.7156021134348
flux1:, 1.4417069432983616, 11.955491553490361, -0.9354999143199064, 173.14679874351003, -382.6156056269347, 334.44017236729724
flux1:, 1.4426893001689653, 11.807869686884636, -0.8355818853843328, 169.46981136136134, -376.9793524785271, 332.30405668597535
flux1:, 1.4436716570395693, 11.606477343289901, -0.7286568018242782, 165.54153321095404, -370.46808587326933, 330.32799527152423
flux1:, 1.4446540139101733, 11.361287911873054, -0.6176176773776698, 161.4655943607894, -363.3395628685561, 328.5180160251958
flux1:, 1.4456363707807773, 11.08361081929435, -0.5050118568010069, 157.34163481337384, -355.8536005309665, 326.866267965289
flux1:, 1.4466187276513813, 10.785028161544018, -0.39328561132057044, 153.26068880612542, -348.2509628780603, 325.35400104597124
flux1:, 1.447601084521985, 10.476561842002598, -0.2842736472905349, 149.29808074614684, -340.7398815599656, 323.95456106835275
flux1:, 1.448583441392589, 10.168020872050864, -0.17949523753211125, 145.5134036639893, -333.48729005061017, 322.63712481741834
flux1:, 1.449565798263193, 9.867685843916872, -0.07985884540501499, 141.94843347988905, -326.61759314033696, 321.3694261800919
flux1:, 1.450548155133797, 9.582161789027662, 0.014031832429049904, 138.6305166045425, -320.2143497267564, 320.1203633990975
flux1:, 1.451530512004401, 9.316475994416441, 0.10202328567446178, 135.57323624483752, -314.3261699033207, 318.8613590826648
flux1:, 1.4525128688750049, 9.074220857267642, 0.18416210682994738, 132.78073537403046, -308.97257503496843, 317.5674929610146
flux1:, 1.4534952257456089, 8.85781997165937, 0.2607555286523341, 130.2489188216938, -304.15126268908006, 316.21768234129047
flux1:, 1.4544775826162128, 8.668740703207792, 0.33221191659314914, 127.96914964930636, -299.84367012513076, 314.7948367538211
flux1:, 1.4554599394868168, 8.50776101053289, 0.39905027148890465, 125.92896655808562, -296.02071126730175, 313.2854399332801
flux1:, 1.4564422963574208, 8.375140302305354, 0.4618331348287423, 124.11472609124613, -292.64646401728083, 311.67928415074147
flux1:, 1.4574246532280246, 8.270825300782562, 0.5211360230164542, 122.51169416384508, -289.68184534283347, 309.96889669013063
flux1:, 1.4584070100986286, 8.194552881031461, 0.5775592732791146, 121.10578755890722, -287.0864979952294, 308.1491898354636
flux1:, 1.4593893669692326, 8.145993422300114, 0.6316595395597971, 119.8832295148947, -284.8208626925042, 306.21694573603287
flux1:, 1.4603717238398366, 8.124796660575461, 0.6840247019827217, 118.83168052686962, -282.84683316590264, 304.1705193816964
flux1:, 1.4613540807104406, 8.13069060966073, 0.7351682513942557, 117.93967435652682, -281.1288350425614, 302.00944430470895
flux1:, 1.4623364375810444, 8.16348946172284, 0.7856540962844518, 117.19737742230735, -279.6337752157478, 299.7342178135762
flux1:, 1.4633187944516486, 8.223166717500725, 0.8359554931394224, 116.59595257330753, -278.33159068383117, 297.3460211198264
flux1:, 1.4643011513222524, 8.309840750206229, 0.8866200774986971, 116.12809995670548, -277.1948424392605, 294.8465736587799
flux1:, 1.4652835081928564, 8.423835656014766, 0.9380957182950374, 115.78742426654354, -276.1990194050574, 292.23794001494184
flux1:, 1.4662658650634603, 8.565654402071132, 0.9909289041138453, 115.56883873512399, -275.3219721812874, 289.52242979225775
flux1:, 1.4672482219340643, 8.736035257297798, 1.045560026629486, 115.46795991042752, -274.5441251011645, 286.7024624173371
flux1:, 1.4682305788046683, 8.93591700767193, 1.102550158160766, 115.48140625897288, -273.8478413533296, 283.7804910322445
flux1:, 1.4692129356752721, 9.166493741355191, 1.1623478756640917, 115.60620917701156, -273.21761215621666, 280.75890130105984
flux1:, 1.470195292545876, 9.429171592116262, 1.2255405776561268, 115.84000184408431, -272.6393809408046, 277.6399417959919
flux1:, 1.47117764941648, 9.72561916663078, 1.2925941380246149, 116.18040864139836, -272.1007269406831, 274.42563823396483
flux1:, 1.472160006287084, 10.057709170324173, 1.3641252645854531, 116.62508953096913, -271.5901355194883, 271.1177171723155
flux1:, 1.473142363157688, 10.427554627793803, 1.4406139580389514, 117.17104478288606, -271.097158775169, 267.7175219562997
flux1:, 1.4741247200282919, 10.837419881495086, 1.522692878267402, 117.81444997766376, -270.6115896324413, 264.22592070558153
flux1:, 1.4751070768988959, 11.289721788525323, 1.6108305558475695, 118.54978620579072, -270.1235553965529, 260.6432162895903
flux1:, 1.4760894337694999, 11.786880860788997, 1.7056320288311446, 119.36937094635768, -269.62252977799795, 256.96903689670177
flux1:, 1.4770717906401039, 12.33124986972208, 1.8074877952203972, 120.26220110913351, -269.0972958628713, 253.20224395447713
flux1:, 1.4780541475107078, 12.924856001496797, 1.9168769780739017, 121.21307014736615, -268.5347185771555, 249.34082010499208
flux1:, 1.4790365043813116, 13.569197225599815, 2.03397341708035, 122.20102315492886, -267.9195163932639, 245.38180450268175
flux1:, 1.4800188612519156, 14.264804531108458, 2.158939185757694, 123.19800350186948, -267.2327450463357, 241.32122919897972
flux1:, 1.4810012181225196, 15.010830214943754, 2.2914772801426135, 124.16695060180174, -266.45138873000525, 237.15416290894896
flux1:, 1.4819835749931236, 15.804358540252663, 2.431103538185341, 125.06016794386261, -265.5466464250129, 232.87481456378126
flux1:, 1.4829659318637276, 16.63974072949171, 2.5766424683869626, 125.81752045335433, -264.48359192842423, 228.47685089487587
flux1:, 1.4839482887343314, 17.50766844646824, 2.726480574405869, 126.36537138141946, -263.21972765227633, 223.9538770551119
flux1:, 1.4849306456049354, 18.394381616520732, 2.87803378704041, 126.61626181104509, -261.7054882766763, 219.3002725151357
flux1:, 1.4859130024755394, 19.280807616558185, 3.0280332594208317, 126.47041876372793, -259.88419319125353, 214.51228416973328
flux1:, 1.4868953593461434, 20.14218832120565, 3.172065950410639, 125.8195091068408, -257.69486707701026, 209.5895356328766
flux1:, 1.4878777162167474, 20.948113977495733, 3.3050273484006247, 124.55357406934937, -255.07524065868367, 204.53668102879774
flux1:, 1.4888600730873511, 21.66363588871094, 3.4209208359006626, 122.57126370304232, -251.96829259600324, 199.36518401672072
flux1:, 1.4898424299579551, 22.25131759410859, 3.5136462911297146, 119.79295001187549, -248.3288132392089, 194.09463461860483
flux1:, 1.4908247868285591, 22.674641034479357, 3.5771878532258503, 116.17510332702722, -244.13241729243254, 188.7533850556599
flux1:, 1.4918071436991631, 22.902075449543236, 3.6066987741525636, 111.72301403017455, -239.38205373590245, 183.37778460961226
flux1:, 1.4927895005697671, 22.911504214966026, 3.5988497108712183, 106.49861293348337, -234.11344434619028, 178.01007243289558
flux1:, 1.4937718574403709, 22.693658730762937, 3.5527273385763407, 100.62008024842196, -228.3943222607555, 172.69474808446057
flux1:, 1.4947542143109749, 22.254000012158983, 3.469755197448744, 94.25241202489939, -222.3200730294177, 167.4743651606967
flux1:, 1.4957365711815789, 21.61213047848015, 3.3538441514855357, 87.58983907299086, -216.00321698018323, 162.38527301904972
flux1:, 1.4967189280521829, 20.799183219921115, 3.21061226403266, 80.83440155872674, -209.56199176401265, 157.45461328508924
flux1:, 1.4977012849227869, 19.853550846340358, 3.046886235435933, 74.17483448696713, -203.1076904581364, 152.69873567230687
flux1:, 1.4986836417933906, 18.816299597467395, 2.8696901546670897, 67.77055271414415, -196.7359937855502, 148.12355735219884
flux1:, 1.4996659986639946, 17.726938811401965, 2.6857419577925716, 61.74221057829347, -190.52087972013715, 143.7260542999842
flux1:, 1.5006483555345986, 16.620445671208, 2.500806566855201, 56.16963434001754, -184.51369775217464, 139.49674109422116
flux1:, 1.5016307124052026, 15.525497351781938, 2.319575847088688, 51.09482949253708, -178.7442617596922, 135.4220741842501
flux1:, 1.5026130692758066, 14.46399544204358, 2.145498118912491, 46.5286697129803, -173.22486414426996, 131.48680077810693
flux1:, 1.5035954261464104, 13.451363331792447, 1.9809564061631788, 42.45844786938521, -167.954135612394, 127.67556213080887
flux1:, 1.5045777830170146, 12.497438337261555, 1.8273561645578664, 38.85556694587004, -162.92163187466153, 123.9741580217267
flux1:, 1.5055601398876184, 11.60750701567737, 1.6853796846310405, 35.68176668965768, -158.11109609650185, 120.37008883054263
flux1:, 1.5065424967582224, 10.78340937861091, 1.5551269724284633, 32.89429106290076, -153.5035938372642, 116.85293033078578
flux1:, 1.5075248536288264, 10.024479273244534, 1.4363184735451728, 30.44930560297847, -149.0792776720682, 113.41423425203665
flux1:, 1.5085072104994304, 9.328363885110784, 1.3284025374963477, 28.304446070684328, -144.81899497992606, 110.04747546175153
flux1:, 1.5094895673700344, 8.691634661065283, 1.2306795656252272, 26.420101756953983, -140.704897162967, 106.7477191082445
flux1:, 1.5104719242406381, 8.110268523497398, 1.1423651675257673, 24.760318250570506, -136.72106800934367, 103.51145241016019
flux1:, 1.5114542811112421, 7.579974909234777, 1.0626522764049557, 23.2929316924585, -132.85351500050567, 100.33623463531494
flux1:, 1.5124366379818461, 7.096433383360913, 0.9907436308665735, 21.989680406530354, -129.09030926095627, 97.2205490443211
flux1:, 1.5134189948524501, 6.655441462528585, 0.9258748857548866, 20.825864166396695, -125.42133122715964, 94.16351150020142
flux1:, 1.5144013517230541, 6.253008894629581, 0.8673309245481726, 19.780164974833397, -121.83821488881644, 91.1647782180287
flux1:, 1.515383708593658, 5.885410084966967, 0.8144471809569164, 18.834180461344246, -118.33404073747857, 88.22432281040192
flux1:, 1.516366065464262, 5.549203749104034, 0.7666193466326101, 17.97218916340884, -114.90322593603219, 85.34239582168645
flux1:, 1.5173484223348659, 5.241241468897809, 0.7232933239112629, 17.18070591290829, -111.5412453353583, 82.51935837923037
flux1:, 1.5183307792054699, 4.958652266457217, 0.6839735197303574, 16.44828213711319, -108.24452520579504, 79.75567940296249
flux1:, 1.5193131360760739, 4.6988349935643825, 0.6482070349530379, 15.765131022575826, -105.01021730189687, 77.05181078045632
flux1:, 1.5202954929466777, 4.459428360584954, 0.6155930501302679, 15.122986743574309, -101.83611415305664, 74.40820888863311
flux1:, 1.5212778498172816, 4.23830074263959, 0.5857639901003027, 14.514804752782602, -98.72047777587973, 71.82523903850262
flux1:, 1.5222602066878856, 4.033515577636326, 0.5583971243214829, 13.934677787854776, -95.66197851475515, 69.30321152758334
flux1:, 1.5232425635584896, 3.8433246285003224, 0.5331938826433569, 13.377601701839287, -92.65957207615388, 66.84230675999312
flux1:, 1.5242249204290936, 3.6661332935067943, 0.5098941732098756, 12.839438137038439, -89.71245853080087, 64.44261936319477
flux1:, 1.5252072772996974, 3.500499728226779, 0.4882542236251118, 12.316732904353838, -86.8200001039205, 62.104098396816184
flux1:, 1.5261896341703014, 3.3451020036034516, 0.4680638844982794, 11.806714041587583, -83.98169587942719, 59.82659558870017
flux1:, 1.5271719910409054, 3.198743854719383, 0.4491229819009712, 11.307149988225738, -81.19713356765708, 57.60981722769637
flux1:, 1.5281543479115094, 3.060324498343809, 0.43126180111460494, 10.81637226823605, -78.46597568756964, 55.45337420144567
flux1:, 1.5291367047821134, 2.928851003625311, 0.41431575990449143, 10.333161311557017, -75.78793954284926, 53.35674353679218
flux1:, 1.5301190616527172, 2.803410982242959, 0.3981492313790083, 9.856783286939708, -73.16279080830476, 51.31931890329276
flux1:, 1.5311014185233212, 2.683191090215817, 0.38262826686551404, 9.386891341316137, -70.59034627586918, 49.34038045409637
flux1:, 1.5320837753939252, 2.567452271775523, 0.36764784799600464, 8.923565692044969, -68.0704703000479, 47.41914480153344
flux1:, 1.5330661322645291, 2.4555532982248818, 0.35310233769665583, 8.467217817378119, -65.60309429793509, 45.55474193841396
flux1:, 1.5340484891351331, 2.346927529775382, 0.3389161154579973, 8.018622800756587, -63.18821046795561, 43.74626345337681
flux1:, 1.535030846005737, 2.2411095487245936, 0.32501139050607786, 7.578814864354599, -60.82590091728305, 41.99274495156126
flux1:, 1.536013202876341, 2.1377115699546727, 0.3113419774908738, 7.149103097464579, -58.516321982946764, 40.293210820559295
flux1:, 1.536995559746945, 2.0364503856332257, 0.29785808972796957, 6.730950699897829, -56.25973507820036, 38.64665989286545
flux1:, 1.537977916617549, 1.9371209357919987, 0.28454281156459205, 6.325971175314839, -54.05647524821818, 37.05210426334368
flux1:, 1.538960273488153, 1.8396204680920643, 0.27137356914377136, 5.935791868079135, -51.90697684707853, 35.50855552469305
flux1:, 1.5399426303587567, 1.7439170319683102, 0.2583607497905904, 5.5620371901309165, -49.81172243769463, 34.01505530450791
flux1:, 1.5409249872293607, 1.6500685587714548, 0.24550579786996515, 5.206187371174105, -47.771260017821334, 32.5706597067157
flux1:, 1.5419073440999647, 1.5581855373530908, 0.23284149280694924, 4.86956491927956, -45.786133641095255, 31.17446004319248
flux1:, 1.5428897009705687, 1.4684447283371604, 0.22038704157290417, 4.553207233599256, -43.85689449069448, 29.825564516413316
flux1:, 1.5438720578411727, 1.3810476572490291, 0.20818973241639074, 4.257876218679004, -41.98402056944334, 28.523109567403576
flux1:, 1.5448544147117764, 1.2962310815903784, 0.19627786548927856, 3.9839627532382558, -40.167928831787556, 27.2662398450137
flux1:, 1.5458367715823806, 1.214225016444595, 0.18470370067943198, 3.731533547804871, -38.40889494532086, 26.054112656574837
flux1:, 1.5468191284529844, 1.1352635222305147, 0.17349537342467244, 3.5002755171630398, -36.70707506492145, 24.88587888366734
flux1:, 1.5478014853235884, 1.0595464964384687, 0.1627010845025599, 3.2895807713926213, -35.06243575576321, 23.760684141452828
flux1:, 1.5487838421941924, 0.9872539742319802, 0.15234114489721537, 3.098524952560451, -33.47479089162639, 22.67765358089489
flux1:, 1.5497661990647964, 0.9185145942153158, 0.1424531690767652, 2.9259781459006184, -31.94374697695884, 21.6358929717884
flux1:, 1.5507485559354004, 0.853424744697943, 0.13304511738218455, 2.7706012149388646, -30.468755123459182, 20.634479242873947
flux1:, 1.5517309128060042, 0.7920243381619391, 0.1241409714776107, 2.630964294446075, -29.049071198271413, 19.672463216946387
flux1:, 1.5527132696766082, 0.7343200165454865, 0.1157352735430458, 2.5055435724457134, -27.683818121597472, 18.748866046933735
flux1:, 1.5536956265472122, 0.6802669496797453, 0.10783855881762752, 2.392831384197639, -26.37195643257355, 17.86268371936448
flux1:, 1.5546779834178162, 0.6297940201437128, 0.1004336012535412, 2.2913213252425075, -25.112350263187572, 17.012888205992223
flux1:, 1.5556603402884202, 0.5827895284291125, 0.09351985060617686, 2.1996011568386526, -23.903743072421232, 16.198432822704152
flux1:, 1.556642697159024, 0.5391261155230433, 0.08707145069605636, 2.1163218952361365, -22.744821516810653, 15.418256372051193
flux1:, 1.557625054029628, 0.4986484388119227, 0.08108005692651793, 2.040272118592328, -21.63419236745604, 14.671288253519139
flux1:, 1.558607410900232, 0.4611961853282377, 0.07551466259611798, 1.970332758392429, -20.570440686160598, 13.956454001528856
flux1:, 1.559589767770836, 0.4265924643745142, 0.07036237381989967, 1.9055359483731358, -19.552105875202447, 13.27267929786777
flux1:, 1.56057212464144, 0.39466408305158795, 0.06559009442572661, 1.84501019669446, -18.57773276432317, 12.618895799890712
flux1:, 1.5615544815120437, 0.36523010822080926, 0.0611830308081027, 1.7880285429175269, -17.645846345221766, 11.994043648736271
flux1:, 1.5625368383826477, 0.3381192301084311, 0.05710829900100582, 1.7339491175054849, -16.754995884966185, 11.397076983499465
flux1:, 1.5635191952532517, 0.31315843370205887, 0.0533510811469792, 1.6822569517526995, -15.903728769013567, 10.826964927415068
flux1:, 1.5645015521238557, 0.2901876756069215, 0.0498802114427085, 1.6325039100966963, -15.090628514782367, 10.282696539153518
flux1:, 1.5654839089944597, 0.2690488490000991, 0.046682002040986194, 1.5843472409243566, -14.314288451789736, 9.763280444341635
flux1:, 1.5664662658650634, 0.24959814677371447, 0.043727841400152415, 1.53749141543981, -13.573344713488796, 9.267749216925514
flux1:, 1.5674486227356674, 0.23169556648632925, 0.04100576022098267, 1.491725257566745, -12.866450422750447, 8.795157943541595
flux1:, 1.5684309796062714, 0.21521535517989035, 0.038490045914801194, 1.4468670442705305, -12.192304664417826, 8.34458808754413
flux1:, 1.5694133364768754, 0.20003625202853348, 0.036170643520068456, 1.402801048729387, -11.549627671559795, 7.915145262486714
flux1:, 1.5703956933474794, 0.18605037001830602, 0.0340247620524627, 1.359426405597525, -10.937186585919429, 7.5059626851202035
flux1:, 1.5713780502180832, 0.17315430435695647, 0.03204421271796451, 1.3166933162807464, -10.353771910146188, 7.116198411553879
flux1:, 1.5723604070886872, 0.16125671780945017, 0.030208961534263515, 1.2745556699194753, -9.798220690513267, 6.745038454622985
flux1:, 1.5733427639592912, 0.15027038770302603, 0.02851250526301529, 1.233006795124348, -9.269394349278306, 6.391693676829618
flux1:, 1.5743251208298952, 0.14011870295050982, 0.026937311072662704, 1.1920356196347062, -8.766199749055069, 6.055402649827909
flux1:, 1.5753074777004992, 0.1307286535701105, 0.025478324296748626, 1.1516617567644056, -8.287568406410418, 5.735428361946291
flux1:, 1.576289834571103, 0.12203639398004357, 0.024120229420864697, 1.111894843684377, -7.832475780391557, 5.431060859993411
flux1:, 1.577272191441707, 0.11398115328123042, 0.022859175151767042, 1.0727687178545897, -7.399921804639926, 5.141613883480567
flux1:, 1.578254548312311, 0.10650997918794429, 0.02168179007353689, 1.0343036012771771, -6.988948639428229, 4.8664273338060635
flux1:, 1.579236905182915, 0.09957251154070056, 0.02058520101317077, 0.9965391524429016, -6.59862243624763, 4.604863921506623
flux1:, 1.580219262053519, 0.0931250060578657, 0.019557739555324513, 0.9594991944927457, -6.228049751685264, 4.356311477225832
flux1:, 1.5812016189241227, 0.08712589927905807, 0.01859732014357496, 0.9232234759677831, -5.876360431205949, 4.120179673849175
flux1:, 1.5821839757947267, 0.08153919189808967, 0.01769377827737409, 0.8877347006189016, -5.542722831857439, 3.8959021915938776
flux1:, 1.5831663326653307, 0.07633072582994435, 0.016845665619058856, 0.8530688895233232, -5.226327724157055, 3.6829335572713386
flux1:, 1.5841486895359347, 0.07147099408134298, 0.016044166027595723, 0.8192444913465152, -4.926402435459534, 3.4807511731835583
flux1:, 1.5851310464065387, 0.0669320518702479, 0.015288356952241046, 0.7862913037095299, -4.642195712634117, 3.2888522944572673
flux1:, 1.5861134032771425, 0.06268981507171524, 0.014570653780503495, 0.7542215357704991, -4.372990870351814, 3.1067559119208346
flux1:, 1.5870957601477467, 0.0587215235155477, 0.013890580458755108, 0.7230572709498759, -4.118091540570616, 2.9339998805320024
flux1:, 1.5880781170183504, 0.05500758650311773, 0.013241695531057385, 0.6928033762921456, -3.8768339218765133, 2.770142645500737
flux1:, 1.5890604738889544, 0.051529523573766924, 0.01262391120085473, 0.6634735203674442, -3.648573385707818, 2.6147605155901625
flux1:, 1.5900428307595584, 0.04827141353964746, 0.012031855136749668, 0.6350648522971172, -3.432695890329412, 2.4674492201200127
flux1:, 1.5910251876301624, 0.04521824390102933, 0.011465776890904953, 0.607582620668599, -3.228605428553638, 2.327821314853887
flux1:, 1.5920075445007664, 0.042357019840952394, 0.010921298112836993, 0.5810165530612569, -3.0357346768439526, 2.1955075577504557
flux1:, 1.5929899013713702, 0.0396754625378924, 0.010398948806584906, 0.5553641105617679, -2.853533283664762, 2.070154436220333
flux1:, 1.5939722582419742, 0.03716283427247039, 0.009895255211163198, 0.5306084903563556, -2.681477802628701, 1.9514253608034942
flux1:, 1.5949546151125782, 0.034808935387755584, 0.009410955758942999, 0.506740544690104, -2.5190608094844644, 1.838998307651539
flux1:, 1.5959369719831822, 0.0326046994888065, 0.008943370762295327, 0.4837383142779807, -2.365800153815836, 1.732566839678624
flux1:, 1.5969193288537862, 0.030541446784688547, 0.008493358118219035, 0.46158761870496967, -2.2212288919583014, 1.631837870730508
flux1:, 1.59790168572439, 0.028611298233733134, 0.008058902276730853, 0.44026300272951824, -2.0849038742773196, 1.5365325407341535
flux1:, 1.598884042594994, 0.0268066488702532, 0.007640881048475535, 0.4197469977239484, -1.9563964638010027, 1.4463841155075001
flux1:, 1.599866399465598, 0.025120441859257592, 0.00723780341267443, 0.4000123579457919, -1.8353004597889373, 1.3611387515873592
flux1:, 1.600848756336202, 0.023545827831633427, 0.0068504692547353, 0.3810399943698728, -1.7212235593494565, 1.2805535576197133
flux1:, 1.601831113206806, 0.02207632954926098, 0.006477776993608139, 0.3628023830429794, -1.6137946118783726, 1.2043972834821666
flux1:, 1.6028134700774097, 0.020705656045405415, 0.0061203661629153265, 0.3452801953973806, -1.5126557754101986, 1.1324485517094203
flux1:, 1.6037958269480137, 0.019427778061119453, 0.005777407636728104, 0.3284467817930554, -1.4174690947374875, 1.0644965014533299
flux1:, 1.6047781838186177, 0.01823686736814404, 0.00544932397160649, 0.31228354091391164, -1.3279093104177155, 1.000339200878454
flux1:, 1.6057605406892217, 0.01712729642490721, 0.005135468475151707, 0.29676541015594715, -1.243669765308463, 0.9397842591189407
flux1:, 1.6067428975598257, 0.016093676174041924, 0.0048360200954378554, 0.281875048688907, -1.1644558341863362, 0.8826474109213702
flux1:, 1.6077252544304295, 0.015130787031738285, 0.00455045380145808, 0.2675892870886674, -1.0899901749491756, 0.8287531002954044
flux1:, 1.6087076113010335, 0.014233694774239865, 0.004278706087744223, 0.25389221291233993, -1.0200067569478422, 0.7779332225758542
flux1:, 1.6096899681716375, 0.013397617708023076, 0.00402033866820372, 0.24076254900723973, -0.9542554858094244, 0.7300276698493461
flux1:, 1.6106723250422414, 0.012618104455992308, 0.0037750678915144257, 0.22818572169151718, -0.8924968200807096, 0.6848832151512951
flux1:, 1.6116546819128454, 0.011890841620173159, 0.0035425264833199434, 0.21614213908957952, -0.834505797011767, 0.6423540127392792
flux1:, 1.6126370387834492, 0.011211883030943072, 0.0033222457485636405, 0.20461832770610247, -0.7800672272385306, 0.6023006018468575
flux1:, 1.6136193956540532, 0.010577401871192377, 0.003113925355125925, 0.1935960899274994, -0.7289791551590188, 0.5645903508571416
flux1:, 1.6146017525246572, 0.009983964049227518, 0.002916951619673938, 0.18306276761159412, -0.6810486299797905, 0.5290965690167275
flux1:, 1.6155841093952612, 0.009428229716291267, 0.0027310923246114476, 0.17300125308339445, -0.6360946268569289, 0.4956988841713581
flux1:, 1.6165664662658652, 0.008907266908189302, 0.002555627883729474, 0.16339943404521406, -0.5939443865117549, 0.46428245304697074
flux1:, 1.617548823136469, 0.008418205371391615, 0.0023903960949020445, 0.15424102750023094, -0.5544358210807855, 0.4347382680597465
flux1:, 1.618531180007073, 0.007958589083443879, 0.002234605938908691, 0.14551424461918322, -0.517414414789565, 0.40696246146594184
flux1:, 1.619513536877677, 0.0075259858859193255, 0.0020881653443546393, 0.13720341544376233, -0.482735137107838, 0.38085653898142524
flux1:, 1.620495893748281, 0.007118376802662819, 0.0019502400517106197, 0.12929691383857617, -0.4502598933107438, 0.35632677540781277
flux1:, 1.621478250618885, 0.006733725836544914, 0.0018208055591671035, 0.12177954667345234, -0.41985896482729573, 0.3332843751314736
flux1:, 1.6224606074894887, 0.006370404125961918, 0.0016990061659233515, 0.11463975798482022, -0.39140899412140173, 0.3116449517211359
flux1:, 1.6234429643600927, 0.006026723116652157, 0.0015848798959163133, 0.10786274729204783, -0.3647939712022623, 0.2913286210486426
flux1:, 1.6244253212306967, 0.005701392280693939, 0.0014775657783732874, 0.10143698523031852, -0.3399037362947196, 0.27225956693733905
flux1:, 1.6254076781013007, 0.005393019161420225, 0.001377157630686361, 0.09534803145901054, -0.31663453573008715, 0.25436606947848633
flux1:, 1.6263900349719047, 0.00510059878609935, 0.0012828009633503593, 0.0895843912284645, -0.2948880223399896, 0.23758015275883115
flux1:, 1.6273723918425085, 0.004822983737128148, 0.0011946379331485406, 0.08413199606811271, -0.2745714070939452, 0.22183755303669922
flux1:, 1.6283547487131127, 0.004559403470515656, 0.0011118290957704458, 0.07897942995043478, -0.2555969224267775, 0.20707744080874355
flux1:, 1.6293371055837165, 0.004308907684115204, 0.0010345575998076564, 0.07411303417320543, -0.23788160002383105, 0.19324233642088354
flux1:, 1.6303194624543205, 0.004070913000798075, 0.0009620055010336126, 0.06952153943335167, -0.22134716655264286, 0.1802779012550565
flux1:, 1.6313018193249245, 0.0038446231721803795, 0.0008943902314319949, 0.0651917524136961, -0.20591947923545414, 0.1681328080664872
flux1:, 1.6322841761955285, 0.0036296001682152553, 0.0008309203831024477, 0.061112634578735524, -0.19152881296986066, 0.15675859206754253
flux1:, 1.6332665330661325, 0.003425164470737287, 0.0007718417732329097, 0.05727152265854462, -0.1781089888760598, 0.1461094833561084
flux1:, 1.6342488899367362, 0.0032309876009272214, 0.0007163935271396061, 0.05365769916244916, -0.16559800852195633, 0.13614230977550598
flux1:, 1.6352312468073402, 0.0030464753693574087, 0.0006648446110534951, 0.05025909711541579, -0.153936913517727, 0.12681630016307918
flux1:, 1.6362136036779442, 0.0028713788710919654, 0.0006164677380195925, 0.047065412544333364, -0.14307071786081316, 0.11809302969871725
flux1:, 1.6371959605485482, 0.0027051634459033373, 0.0005715501323070263, 0.04406524047534753, -0.1329470365524712, 0.10993620337430073
flux1:, 1.6381783174191522, 0.002547635112863882, 0.000529400169735704, 0.04124878063634324, -0.1235172653023038, 0.10231163591871412
flux1:, 1.639160674289756, 0.0023982979726925374, 0.0004903184480815864, 0.03860535201445152, -0.11473501731812263, 0.09518702413322301
flux1:, 1.64014303116036, 0.0022569932113716508, 0.00045365008227017396, 0.03612574324822461, -0.10655749934512465, 0.0885319543223024
flux1:, 1.641125388030964, 0.0021232476167791178, 0.00041970398679666137, 0.033800052430822146, -0.09894379310177384, 0.08231767229587036
flux1:, 1.642107744901568, 0.001996922467084398, 0.0003878621958049245, 0.031619730656514966, -0.09185637914733816, 0.07651711218783688
flux1:, 1.643090101772172, 0.0018775558345169303, 0.00035843674196069477, 0.029575695475408854, -0.08525930068137748, 0.07110467171856892
flux1:, 1.6440724586427757, 0.00176501871063678, 0.0003308461033731666, 0.02766011500979848, -0.07911979420699483, 0.06605625841782536
flux1:, 1.6450548155133797, 0.0016588537509305773, 0.0003054003291888696, 0.02586474995950227, -0.07340637390257927, 0.061349075369822655
flux1:, 1.6460371723839837, 0.001558935893770557, 0.0002815535510529357, 0.024182520198686237, -0.0680905324962525, 0.05696167973301352
flux1:, 1.6470195292545877, 0.001464810210427068, 0.00025960916990097605, 0.02260603336210649, -0.0631447786767951, 0.05287378105157459
flux1:, 1.6480018861251917, 0.0013763540251879708, 0.0002390561786002688, 0.02112896987348394, -0.05854437691730572, 0.04906630787455955
flux1:, 1.6489842429957955, 0.001293116486498755, 0.0002201873974080233, 0.019744762161075076, -0.05426536842724417, 0.04552121931292559
flux1:, 1.6499665998663995, 0.001214979024316948, 0.0002025260820596017, 0.018447830707736562, -0.0502863259744208, 0.042221576599518675
flux1:, 1.6509489567370035, 0.0011414992921562216, 0.0001863514369946304, 0.017232386613113892, -0.04658638483440747, 0.03915136664066039
flux1:, 1.6519313136076075, 0.0010725664940170066, 0.00017122061768563292, 0.016093546101826253, -0.04314699466377325, 0.03629557553171889
flux1:, 1.6529136704782115, 0.0010077525109988825, 0.00015739707979801312, 0.015026233799871364, -0.039949982383670084, 0.033640022430014745
flux1:, 1.6538960273488152, 0.0009469586494950851, 0.00014447166613961804, 0.014026199582123042, -0.03697928545277747, 0.031171433641931243
flux1:, 1.6548783842194192, 0.000889776834042872, 0.00013269073305436916, 0.013089006636316234, -0.03421906257251501, 0.02887728448061796
flux1:, 1.6558607410900232, 0.0008361242877532248, 0.00012167860133767953, 0.012210968242253052, -0.031655396279469714, 0.026745872749265317
flux1:, 1.6568430979606272, 0.0007856179074801978, 0.00011166378909721673, 0.011388207484836215, -0.02927446265620851, 0.024766167160325713
flux1:, 1.6578254548312312, 0.0007381934924645986, 0.00010230374396703357, 0.010617528985159193, -0.02706419398126465, 0.022927880561635684
flux1:, 1.658807811701835, 0.0006934964956786859, 9.380883130821941e-05, 0.009895540644633181, -0.02501251421338799, 0.02122132322583885
flux1:, 1.659790168572439, 0.0006514825380399043, 8.58690290807827e-05, 0.009219470232578696, -0.023108953496787234, 0.019637476595982403
flux1:, 1.660772525443043, 0.0006118277243565779, 7.867652590243133e-05, 0.008586342153088867, -0.021342953351665455, 0.018167850958157847
flux1:, 1.661754882313647, 0.000574507353613996, 7.195294594978188e-05, 0.007993745931119367, -0.019705427382507464, 0.016804559851732175
flux1:, 1.662737239184251, 0.000539228982024699, 6.587246734936896e-05, 0.007439062817039585, -0.01818713840620315, 0.015540181653160115
flux1:, 1.6637195960548548, 0.0005059863027093385, 6.0187186950872045e-05, 0.0069201910541301925, -0.016780201061979236, 0.014367835442448785
flux1:, 1.6647019529254587, 0.00047451795654592194, 5.5053570439045985e-05, 0.006434817299862562, -0.015476531532706875, 0.013281045930349965
flux1:, 1.6656843097960627, 0.00044483391529692885, 5.02527612687731e-05, 0.0059811024266559305, -0.01426928900089463, 0.012273821420322508
flux1:, 1.6666666666666667, 0.00041670264116316767, 4.592391473057658e-05, 0.005556994947413375, -0.013151397979472831, 0.011340521854803642
