flux1:, 1.1764705882352942, 0.004209790821254218, 0.0003568672055833892, 0.022481079569603747, -0.006196292375472222, 0.004976214165087994
flux1:, 1.1774529451058982, 0.0040298401149428805, 0.0003123100369219962, 0.021906777413788263, -0.007031651926830987, 0.005150014428281025
flux1:, 1.1784353019765021, 0.0038298500663980746, 0.0002612762952419237, 0.021147111506561744, -0.008202696369921478, 0.005423744865052446
flux1:, 1.179417658847106, 0.003616751948459385, 0.000205142459803623, 0.020246363130983828, -0.009714147474212679, 0.005812981510379327
flux1:, 1.18040001571771, 0.0033985868481061607, 0.00014557890781492086, 0.01926223476865056, -0.011556390179442932, 0.006330513578285612
flux1:, 1.181382372588314, 0.003184311885991216, 8.451483508188157e-05, 0.01826426374679384, -0.013704795973770426, 0.006985550044788085
flux1:, 1.182364729458918, 0.002983555951974066, 2.409110185337807e-05, 0.017331449467637754, -0.016119770828968594, 0.007783037925665404
flux1:, 1.183347086329522, 0.0028063295763524287, -3.339826154077813e-05, 0.016549141408288996, -0.018747595426256668, 0.00872313763521195
flux1:, 1.1843294432001257, 0.0026626956773217634, -8.557468390127358e-05, 0.016005279402965873, -0.02152209069128737, 0.009800897295827189
flux1:, 1.1853118000707297, 0.0025624099796194085, -0.00013005214872993483, 0.015786121566471807, -0.024367101938151104, 0.011006161923749815
flux1:, 1.1862941569413337, 0.0025145418037475138, -0.0001645206499033637, 0.01597163618547834, -0.02719975181211555, 0.012323745114232761
flux1:, 1.1872765138119377, 0.0025270875941330716, -0.00018683350694945634, 0.016630769507501232, -0.029934367665482638, 0.013733880386460735
flux1:, 1.1882588706825417, 0.00260659090436853, -0.00019509570656425432, 0.017816829155853454, -0.032486945201086054, 0.015212957046976356
flux1:, 1.1892412275531457, 0.002757783509050629, -0.0001877501824386409, 0.01956324063402737, -0.03477996954097202, 0.016734531735909323
flux1:, 1.1902235844237494, 0.002983262794041654, -0.00016365878443260024, 0.02187994011486546, -0.036747379745993375, 0.01827059228918606
flux1:, 1.1912059412943534, 0.0032832205309389507, -0.0001221746334910328, 0.02475065895675931, -0.03833943557932445, 0.019793035831853694
flux1:, 1.1921882981649574, 0.0036552375231621546, -6.320262030175867e-05, 0.02813133324617116, -0.039527228129050095, 0.0212753088313301
flux1:, 1.1931706550355614, 0.004094157394030459, 1.2755010251089868e-05, 0.03194983491590733, -0.040306570607378224, 0.022694143944042604
flux1:, 1.1941530119061654, 0.004592050965929337, 0.0001045707381156291, 0.0361071701724919, -0.04070101359384682, 0.02403131764642823
flux1:, 1.1951353687767692, 0.005138280270982556, 0.00021048382898020764, 0.040480227435321155, -0.04076375098441666, 0.025275344583265375
flux1:, 1.1961177256473732, 0.005719668278195786, 0.0003281141493792486, 0.04492608290217544, -0.04057821907922732, 0.026423019949592896
flux1:, 1.1971000825179772, 0.00632077698478819, 0.00045449885886799757, 0.049287790143692015, -0.04025724098797791, 0.02748072059272444
flux1:, 1.1980824393885812, 0.006924292689257923, 0.0005861523658064203, 0.053401494413726255, -0.03994063048681302, 0.028465379274826424
flux1:, 1.1990647962591852, 0.007511513151998554, 0.000719149130882234, 0.057104626823022836, -0.03979124149312113, 0.029405054885353547
flux1:, 1.200047153129789, 0.008062927087643513, 0.0008492280587280244, 0.06024485273051214, -0.039989528583370265, 0.030339034341914765
flux1:, 1.201029510000393, 0.008558872170267047, 0.0009719163607668678, 0.06268937741167539, -0.040726766979752124, 0.03131741923935618
flux1:, 1.202011866870997, 0.008980253629305452, 0.0010826699320453247, 0.0643341549604121, -0.04219716317987132, 0.03240017153799329
flux1:, 1.202994223741601, 0.009309301739258936, 0.0011770264929977395, 0.06511250785638785, -0.04458916556501534, 0.03365561702093898
flux1:, 1.203976580612205, 0.009530343230585733, 0.0012507670359246097, 0.06500264849019771, -0.0480763534155501, 0.035158431976439516
flux1:, 1.2049589374828087, 0.0096305590383966, 0.0013000805165879906, 0.06403360316161653, -0.052808338382504885, 0.03698716645442767
flux1:, 1.2059412943534127, 0.009600699014444342, 0.0013217262729431723, 0.062289075560224096, -0.058902150525001654, 0.0392213852309936
flux1:, 1.2069236512240167, 0.009435723392829592, 0.0013131883614688207, 0.05990885113822523, -0.06643459799216155, 0.041938533907258796
flux1:, 1.2079060080946207, 0.00913534103235507, 0.00127281589826012, 0.05708743531110916, -0.07543608256797821, 0.045210660936640314
flux1:, 1.2088883649652247, 0.008704415839042075, 0.0011999435928738303, 0.05406973477420853, -0.08588632087298628, 0.04910114540294275
flux1:, 1.2098707218358287, 0.008153215344295126, 0.0010949869773310356, 0.05114372857846752, -0.09771236247729849, 0.05366159373785022
flux1:, 1.2108530787064324, 0.007497479179556495, 0.0009595073628442318, 0.048630228671591474, -0.11078921228899852, 0.058929075109933025
flux1:, 1.2118354355770364, 0.00675829010364774, 0.0007962422972151482, 0.04686999176839706, -0.12494325749178019, 0.06492386401452621
flux1:, 1.2128177924476404, 0.005961736214062709, 0.000609098232859856, 0.046208607959783016, -0.13995857256423896, 0.07164784902278924
flux1:, 1.2138001493182444, 0.005138359869862064, 0.0004031032274796839, 0.04697974791418245, -0.15558603439876267, 0.07908374844650173
flux1:, 1.2147825061888484, 0.004322396487334718, 0.00018431875717519837, 0.04948749097679882, -0.1715550293161566, 0.08719524698176977
flux1:, 1.2157648630594522, 0.0035508145124454093, -4.028891101971493e-05, 0.05398857206537963, -0.18758738188710217, 0.0959281327819733
flux1:, 1.2167472199300562, 0.002862176260856782, -0.00026301590624879824, 0.06067546763603852, -0.20341298964977408, 0.10521247288850173
flux1:, 1.2177295768006602, 0.002295347650322766, -0.0004756231663280169, 0.06966128277415207, -0.21878651613232405, 0.11496581795186926
flux1:, 1.2187119336712642, 0.0018880928127571275, -0.000669569319769879, 0.08096739674843752, -0.2335043850733307, 0.12509737654239625
flux1:, 1.2196942905418682, 0.0016755968334872904, -0.000836267944329188, 0.09451476915616128, -0.2474212389384219, 0.1355130472363829
flux1:, 1.220676647412472, 0.0016889660919410532, -0.0009673619092471292, 0.11011970138286756, -0.26046498140854885, 0.14612114550285468
flux1:, 1.221659004283076, 0.0019537605523843003, -0.001055006496645564, 0.12749468938961636, -0.2726495217869395, 0.15683861478392963
flux1:, 1.22264136115368, 0.0024886155816286944, -0.001092152220831793, 0.14625479748432774, -0.2840843828457072, 0.1675974696942268
flux1:, 1.223623718024284, 0.0033040121976613455, -0.0010728177635334045, 0.16592973522136373, -0.2949804240714548, 0.17835118650661214
flux1:, 1.224606074894888, 0.004401253874879737, -0.0009923432516387263, 0.18598154012940699, -0.3056510688308396, 0.18908073438735185
flux1:, 1.2255884317654917, 0.005771705007215895, -0.0008476142456254797, 0.2058274693144605, -0.3165086034763727, 0.19979993218377923
flux1:, 1.2265707886360957, 0.007396340792362977, -0.0006372472947628595, 0.224867396943329, -0.3280553331685925, 0.21055982148061728
flux1:, 1.2275531455066997, 0.009245650663168566, -0.0003617287504663399, 0.24251471756575685, -0.3408696251273858, 0.22145176806507003
flux1:, 1.2285355023773037, 0.011279927558220014, -2.349970076648713e-05, 0.2582294834522021, -0.3555871348866579, 0.23260904113740546
flux1:, 1.2295178592479077, 0.013449963486393966, 0.00037301862740356923, 0.27155227400274035, -0.3728777828341493, 0.24420667208829225
flux1:, 1.2305002161185117, 0.015698158283620527, 0.0008214628921373529, 0.2821371224757139, -0.3934193134428727, 0.256459461160853
flux1:, 1.2314825729891155, 0.01796003355653671, 0.0013136309942989712, 0.2897817238446921, -0.4178685139566887, 0.2696180787681766
flux1:, 1.2324649298597194, 0.02016612800877975, 0.001839650522498339, 0.2944531290760364, -0.44683137859794053, 0.28396329582943947
flux1:, 1.2334472867303234, 0.022244234173250825, 0.0023882097849831797, 0.2963072037830567, -0.4808336649892222, 0.2997984707337578
flux1:, 1.2344296436009274, 0.0241219206047676, 0.002946846650264218, 0.2957002972882631, -0.5202933891850657, 0.3174405153900219
flux1:, 1.2354120004715314, 0.02572926843715835, 0.003502288196487322, 0.29319183125842796, -0.5654968344062314, 0.33720965481327514
flux1:, 1.2363943573421352, 0.027001737509859212, 0.004040832085692333, 0.28953686994459105, -0.6165795990078438, 0.35941837915122654
flux1:, 1.2373767142127392, 0.027883065649778174, 0.004548758714428186, 0.2856681662289023, -0.6735140775821703, 0.3843600592667264
flux1:, 1.2383590710833432, 0.028328095754133302, 0.005012761623763341, 0.2826676737107254, -0.7361045555041679, 0.41229775247781114
flux1:, 1.2393414279539472, 0.02830541960539237, 0.00542038244980791, 0.28172805488036384, -0.8039908059945599, 0.44345375977308377
flux1:, 1.2403237848245512, 0.027799725328637, 0.005760435920762467, 0.2841052749743722, -0.8766607185535621, 0.47800050640860087
flux1:, 1.241306141695155, 0.02681373744086617, 0.0060234101057930825, 0.2910639232483645, -0.9534720713005164, 0.5160533017837295
flux1:, 1.242288498565759, 0.025369644784504104, 0.006201827328006998, 0.30381741908070015, -1.0336831041160228, 0.5576654905142068
flux1:, 1.243270855436363, 0.023509922384395286, 0.006290551883805215, 0.32346570988856177, -1.1164910746637062, 0.6028264345291859
flux1:, 1.244253212306967, 0.021297468363799133, 0.006287031962569121, 0.3509334225430083, -1.201077508066544, 0.65146266702733
flux1:, 1.245235569177571, 0.018814996277947783, 0.006191464912151024, 0.38691166352293255, -1.2866584075398388, 0.7034424358312156
flux1:, 1.2462179260481747, 0.016163646180168807, 0.006006877207343435, 0.4318067531735494, -1.3725373024455196, 0.758583710060564
flux1:, 1.2472002829187787, 0.01346080386272417, 0.005739113091504879, 0.4856991093656566, -1.4581586960763222, 0.8166655653732269
flux1:, 1.2481826397893827, 0.01083714628779437, 0.0053967288000088785, 0.5483152556444255, -1.5431592600269721, 0.8774426957047521
flux1:, 1.2491649966599867, 0.008432961372029878, 0.004990792447389637, 0.6190155165612052, -1.6274140239577695, 0.9406626308095919
flux1:, 1.2501473535305907, 0.006393821014387075, 0.00453459296422447, 0.6967993849222911, -1.71107484306644, 1.0060850769308374
flux1:, 1.2511297104011945, 0.004865716466334973, 0.004043264792352667, 0.7803298178050622, -1.7945985992194111, 1.073502650877059
flux1:, 1.2521120672717985, 0.00398979367701208, 0.003533338269423283, 0.8679768650052847, -1.8787629075397294, 1.1427621538654082
flux1:, 1.2530944241424025, 0.0038968519173504792, 0.003022228636311496, 0.9578800881417691, -1.9646675533231721, 1.2137854384325835
flux1:, 1.2540767810130065, 0.004701790626515756, 0.0025276792662345137, 1.0480282314610962, -2.0537204621216154, 1.2865888663734535
flux1:, 1.2550591378836105, 0.006498205920863549, 0.002067176932958172, 1.136353602904806, -2.147607689070166, 1.3613003436268125
flux1:, 1.2560414947542144, 0.009353348555843669, 0.0016573586085279772, 1.2208376667752177, -2.2482476755876895, 1.438172953228397
flux1:, 1.2570238516248182, 0.013303658481050413, 0.001313430326040265, 1.2996234897271333, -2.3577308299864246, 1.517594291892968
flux1:, 1.2580062084954222, 0.01835108681827087, 0.0010486189963959008, 1.371129971477287, -2.4782463060279514, 1.6000907492567813
flux1:, 1.2589885653660262, 0.024460403694128507, 0.0008736776887822488, 1.4341622788474921, -2.6119986395190606, 1.6863261487632648
flux1:, 1.2599709222366302, 0.031557669711052096, 0.0007964637565299911, 1.4880126286792255, -2.761117615654163, 1.7770943906348284
flux1:, 1.2609532791072342, 0.03953002007140685, 0.0008216073232238749, 1.5325455651801654, -2.92756533756797, 1.8733059930315596
flux1:, 1.261935635977838, 0.04822687391706187, 0.0009502850759412348, 1.5682621726212929, -3.1130449107087985, 1.975968707840532
flux1:, 1.262917992848442, 0.0574626380612875, 0.0011801111075951955, 1.5963382640746069, -3.318915414338656, 2.086162681190642
flux1:, 1.263900349719046, 0.0670209250335309, 0.0015051527985980276, 1.618632485460039, -3.5461178737646133, 2.205010922834308
flux1:, 1.26488270658965, 0.07666025158520534, 0.0019160755429510992, 1.6376614504045235, -3.795116756684904, 2.3336461291228567
flux1:, 1.265865063460254, 0.08612112713731647, 0.0024004156391261027, 1.6565404384539226, -4.065861086517754, 2.47317515711568
flux1:, 1.266847420330858, 0.09513438393566456, 0.002942976031701382, 1.6788897950730977, -4.3577685985209875, 2.624642658361655
flux1:, 1.2678297772014617, 0.10343054393795578, 0.0035263349670077797, 1.7087089010645686, -4.669735476781046, 2.788995536956443
flux1:, 1.2688121340720657, 0.11074996382581458, 0.004131453182278518, 1.7502213545527352, -5.000173129889722, 2.967049986067179
flux1:, 1.2697944909426697, 0.11685345119318966, 0.004738361150498158, 1.8076967451549806, -5.347072230142958, 3.159462871014128
flux1:, 1.2707768478132737, 0.12153300406073535, 0.005326904313759161, 1.8852560072651912, -5.708092905760162, 3.3667091588215134
flux1:, 1.2717592046838777, 0.12462229443930449, 0.00587752130582282, 1.9866687267651082, -6.0806785970257184, 3.589066940928646
flux1:, 1.2727415615544815, 0.1260064965602197, 0.006372028021389617, 2.1151518561559883, -6.462189730965541, 3.8266113582875105
flux1:, 1.2737239184250855, 0.12563105317376355, 0.0067943791431273525, 2.273179988791819, -6.850052104289998, 4.0792184211870275
flux1:, 1.2747062752956895, 0.12350898021163474, 0.007131378467894142, 2.4623175884956945, -7.241913760370918, 4.346579328711536
flux1:, 1.2756886321662935, 0.11972633191456736, 0.007373310128214428, 2.6830833186491416, -7.635803269421287, 4.62822544765131
flux1:, 1.2766709890368975, 0.11444548556733762, 0.0075144645965168995, 2.9348558382659973, -8.030281731640846, 4.923563624398936
flux1:, 1.2776533459075012, 0.10790595706226777, 0.007553536163393864, 3.2158291290787115, -8.424580570624183, 5.231920995538148
flux1:, 1.2786357027781052, 0.10042252487907577, 0.007493872335246311, 3.52302361073922, -8.818717305374182, 5.552597955528319
flux1:, 1.2796180596487092, 0.09238051941112686, 0.007343560202590703, 3.852357041167595, -9.213582004317729, 5.884927456765385
flux1:, 1.2806004165193132, 0.08422822501668879, 0.00711534015494359, 4.19877656246761, -9.610988036244999, 6.228338382608712
flux1:, 1.2815827733899172, 0.0764664413333641, 0.006826343197787859, 4.556450340812751, -10.013682023984046, 6.582420371474004
flux1:, 1.282565130260521, 0.0696353553897875, 0.006497654371260719, 4.9190141837420756, -10.425309539882374, 6.946987201939787
flux1:, 1.283547487131125, 0.06429898359685056, 0.006153711168925493, 5.279865439762203, -10.850335001174637, 7.3221356943523075
flux1:, 1.284529844001729, 0.061027549197420275, 0.005821552183997991, 5.632493543580042, -11.293916353520574, 7.7082970591589755
flux1:, 1.285512200872333, 0.06037826237773771, 0.005529937240275568, 5.970833921015433, -11.761737382187668, 8.10627773677207
flux1:, 1.286494557742937, 0.06287506308135811, 0.005308365768018016, 6.289629763205092, -12.259802760195475, 8.517287033150453
flux1:, 1.2874769146135407, 0.0689879667383663, 0.005186024943878989, 6.584784562457592, -12.794203120965912, 8.942949258095531
flux1:, 1.2884592714841447, 0.0791127169253732, 0.005190702930103092, 6.853687396185973, -13.37085941633576, 9.385298611472534
flux1:, 1.2894416283547487, 0.09355149301824969, 0.005347705249178014, 7.095492849486783, -13.995257478271549, 9.846755721333082
flux1:, 1.2904239852253527, 0.11249544225827922, 0.005678813777036464, 7.311338247616126, -14.672184941375985, 10.330085495818466
flux1:, 1.2914063420959567, 0.13600980198059906, 0.006201327931604005, 7.504482555600826, -15.405483413944891, 10.83833678030965
flux1:, 1.2923886989665605, 0.16402234741579066, 0.006927226319084301, 7.680353880319987, -16.197828937535412, 11.374765179871062
flux1:, 1.2933710558371645, 0.19631584264821972, 0.007862484371541833, 7.846495923089012, -17.05055330189204, 11.942741277873948
flux1:, 1.2943534127077685, 0.23252508706444583, 0.009006579409378148, 8.012407875899564, -17.963517664314576, 12.545647315314614
flux1:, 1.2953357695783725, 0.27213903796771743, 0.010352209185128034, 8.18927698680293, -18.93504817101199, 13.186766151302935
flux1:, 1.2963181264489765, 0.31450835395474525, 0.011885243453115544, 8.389608155339273, -19.96194093517528, 13.869166963631582
flux1:, 1.2973004833195805, 0.3588585461009098, 0.013584920650794917, 8.626760240296656, -21.039540866629878, 14.595592632006161
flux1:, 1.2982828401901843, 0.4043087488532772, 0.01542429360029615, 8.914404027623158, -22.161895575275302, 15.36835404253653
flux1:, 1.2992651970607882, 0.4498959345132955, 0.017370919504678044, 9.265921759280046, -23.321982016317577, 16.18923663381169
flux1:, 1.3002475539313922, 0.4946041997620101, 0.019387780709906263, 9.693772503883283, -24.511999863118994, 17.05942435335686
flux1:, 1.3012299108019962, 0.5373985559070472, 0.021434414034433545, 10.208851205402999, -25.723721953132642, 17.97944579880961
flux1:, 1.3022122676726002, 0.577262462896558, 0.023468218242906957, 10.819871746482633, -26.948888732864628, 18.94914668122047
flux1:, 1.303194624543204, 0.6132381673797331, 0.02544590176438434, 11.532805611282013, -28.179630608883244, 19.967691879770694
flux1:, 1.304176981413808, 0.6444687439358562, 0.027325026317491875, 12.350407577688602, -29.408899665955516, 21.033599280300237
flux1:, 1.305159338284412, 0.6702406025828692, 0.02906559696914615, 13.271858214514241, -30.63089049609756, 22.144806337543052
flux1:, 1.306141695155016, 0.6900251209072753, 0.030631645545846513, 14.292549774117681, -31.84142902454118, 23.298768915945853
flux1:, 1.30712405202562, 0.7035179910538734, 0.031992752418806523, 15.404037392792013, -33.038308317990506, 24.4925904984051
flux1:, 1.308106408896224, 0.7106748449117715, 0.03312545162362553, 16.594171451080925, -34.22155147548873, 25.72317836501142
flux1:, 1.3090887657668278, 0.7117417385668521, 0.0340144661195391, 17.84741968711506, -35.393583845695545, 26.987421898707357
flux1:, 1.3100711226374318, 0.7072791416281364, 0.03465372374597334, 19.145379449971855, -36.559299951431086, 28.28238683773856
flux1:, 1.3110534795080357, 0.6981781891237402, 0.03504711003190675, 20.467471640254207, -37.72601454806748, 29.605518131576783
flux1:, 1.3120358363786397, 0.6856681125323124, 0.03520892132678622, 21.791798775613728, -38.903292063220725, 30.954843129956565
flux1:, 1.3130181932492437, 0.6713139698186539, 0.03516399055609391, 23.096140641126347, -40.102654082458635, 32.329166199942925
flux1:, 1.3140005501198475, 0.6570040381450987, 0.034947468006522105, 24.359052560599455, -41.33717034098486, 33.728245570495986
flux1:, 1.3149829069904515, 0.6449265117588179, 0.03460425060824187, 25.561023879999432, -42.62094460457857, 35.15294328328192
flux1:, 1.3159652638610555, 0.6375354544938788, 0.03418806485425993, 26.685648196758997, -43.96851260282614, 36.60533960368176
flux1:, 1.3169476207316595, 0.637506283171549, 0.03376022039580705, 27.720752570514307, -45.39417453233118, 38.08880412309756
flux1:, 1.3179299776022635, 0.6476813956407359, 0.03338806307276171, 28.659430727846555, -46.91128929787671, 39.608017051196
flux1:, 1.3189123344728673, 0.6710068951470403, 0.03314316726768596, 29.500925367886616, -48.53156134259327, 41.16893582635681
flux1:, 1.3198946913434713, 0.7104616904762863, 0.03309931760482895, 30.25130723984492, -50.2643533997697, 42.778704118327575
flux1:, 1.3208770482140753, 0.7689805579895326, 0.03333033876702022, 30.92390374824349, -52.11605958749192, 44.44550249686634
flux1:, 1.3218594050846793, 0.8493730264697816, 0.03390783922386587, 31.539437387189594, -54.08957282373628, 46.17834241740948
flux1:, 1.3228417619552832, 0.954240178334371, 0.03489893965275351, 32.1258441373504, -56.18387848851107, 47.986807640734305
flux1:, 1.323824118825887, 1.0858916417645583, 0.03636405954914501, 32.71775379111788, -58.39380259531342, 49.88074966037572
flux1:, 1.324806475696491, 1.2462651693838218, 0.038354835794602235, 33.355627608487495, -60.709937525294755, 51.86994605616977
flux1:, 1.325788832567095, 1.4368512535003857, 0.04091224468968528, 34.08456325876954, -63.118761768228474, 53.963732820053565
flux1:, 1.326771189437699, 1.6586252106443893, 0.044064994158662045, 34.952792102685486, -65.6029623216342, 56.170623509814504
flux1:, 1.327753546308303, 1.9119890762357112, 0.04782824557767416, 36.00990888900938, -68.14195970728754, 58.497929483727056
flux1:, 1.3287359031789068, 2.1967254830051437, 0.05220271513834199, 37.30488821952009, -70.71262631451037, 60.951396371840204
flux1:, 1.3297182600495108, 2.5119654558994795, 0.05717419309304306, 38.88395500984919, -73.29017935883653, 63.534872281650046
flux1:, 1.3307006169201148, 2.856171745668374, 0.06271350597243225, 40.78838699929868, -75.84922056953832, 66.25002297040257
flux1:, 1.3316829737907188, 3.227138949569813, 0.06877693232872444, 43.0523355504641, -78.36488621905322, 69.09610831893175
flux1:, 1.3326653306613228, 3.622011239312175, 0.0753070672062979, 45.70075602215199, -80.81406370388855, 72.06983291326108
flux1:, 1.3336476875319265, 4.037318044253073, 0.0822341148866979, 48.747540498062435, -83.176624976821, 75.16528140660364
flux1:, 1.3346300444025305, 4.469027534565223, 0.08947757403874933, 52.19394334185856, -85.43662306459704, 78.37394664846455
flux1:, 1.3356124012731345, 4.9126172286572265, 0.09694826477804275, 56.02738381036133, -87.58339597146936, 81.68485540714242
flux1:, 1.3365947581437385, 5.363160526783579, 0.10455063384804408, 60.22069983701721, -89.61252267376756, 85.08479297864426
flux1:, 1.3375771150143425, 5.8154274643513215, 0.11218526269407605, 64.73191331314219, -91.52657876826225, 88.55862419026747
flux1:, 1.3385594718849465, 6.263997499963084, 0.11975149408269113, 69.50455012851258, -93.33564465801197, 92.08970440916914
flux1:, 1.3395418287555503, 6.703381720455454, 0.12715008652969667, 74.46853842889632, -95.05752684552829, 95.6603703047323
flux1:, 1.3405241856261543, 7.12815147298521, 0.13428580246557595, 79.54168669297553, -96.71766274681828, 99.2524964439854
flux1:, 1.3415065424967583, 7.533070136130555, 0.14106983601885198, 84.63172013210574, -98.34869112732798, 102.84810047720539
flux1:, 1.3424888993673623, 7.913224529770949, 0.1474219896587442, 89.63883047270272, -99.98968338183754, 106.42997684500733
flux1:, 1.3434712562379663, 8.264152346669146, 0.1532725157174603, 94.45867134794034, -101.6850449410018, 109.98233674542936
flux1:, 1.34445361310857, 8.581961974079725, 0.15856354889578603, 98.98571027722177, -103.48311052903229, 113.49143065633478
flux1:, 1.345435969979174, 8.863441165289654, 0.16325006901091546, 103.11682949948063, -105.4344712171246, 116.94612910867518
flux1:, 1.346418326849778, 9.106151219542403, 0.1673003491193756, 106.75505263711611, -107.59008459491821, 120.33843771280509
flux1:, 1.347400683720382, 9.308503631812696, 0.1706958622784664, 109.81326308300613, -109.99923130358832, 123.6639236842073
flux1:, 1.348383040590986, 9.469816575586135, 0.1734306400347064, 112.2177737632867, -112.70739106037624, 126.92203329130963
flux1:, 1.34936539746159, 9.590349073127172, 0.17551009660108907, 113.91160699760353, -115.75411863870184, 130.1162827145817
flux1:, 1.3503477543321938, 9.67131127663748, 0.17694935389666394, 114.85734781817585, -119.17100462007848, 133.25430868420543
flux1:, 1.3513301112027978, 9.714849915385809, 0.17777112341790685, 115.03944436023306, -122.97980678340551, 136.34776983865933
flux1:, 1.3523124680734018, 9.724008641175544, 0.17800322052013295, 114.46584460918075, -127.19083555087961, 139.4120948734394
flux1:, 1.3532948249440058, 9.702663708332691, 0.177675804344435, 113.16887946238154, -131.80167091598446, 142.4660790534268
flux1:, 1.3542771818146098, 9.655436134352911, 0.1768184516015534, 111.20532709165316, -136.79627883568526, 145.5313363497551
flux1:, 1.3552595386852135, 9.58758218230436, 0.17545718405089267, 108.6556221299435, -142.1445824239115, 148.6316201221761
flux1:, 1.3562418955558175, 9.504864664820914, 0.17361157720967674, 105.62220423072002, -147.80252783093812, 151.79203068403703
flux1:, 1.3572242524264215, 9.413408171395329, 0.17129208112559186, 102.22703290335748, -153.71266696162522, 155.03813304376493
flux1:, 1.3582066092970255, 9.319541846283608, 0.16849768260983844, 98.60832796075894, -159.80525981873814, 158.39501240807422
flux1:, 1.3591889661676295, 9.22963377614155, 0.1652140319724029, 94.91662613139016, -165.99987899396328, 161.88629847076055
flux1:, 1.3601713230382333, 9.149921369479488, 0.16141214600626463, 91.31027310136179, -172.2074784696318, 165.53319193522734
flux1:, 1.3611536799088373, 9.086342312100989, 0.15704778288567536, 87.95049524017888, -178.33286927404498, 169.35352800110036
flux1:, 1.3621360367794413, 9.0443707552943, 0.152061564103148, 84.99621542015653, -184.27752648368775, 173.36091159625627
flux1:, 1.3631183936500453, 9.028863331879105, 0.14637989407230012, 82.59879172305685, -189.94263638161155, 177.56395791152403
flux1:, 1.3641007505206493, 9.043919398506063, 0.1399167002340686, 80.89686570721746, -195.2322799841997, 181.96566929820418
flux1:, 1.365083107391253, 9.092759574235568, 0.13257598623649894, 80.01150779760219, -200.05664025413762, 186.5629758699354
flux1:, 1.366065464261857, 9.177626192854266, 0.12425515895567532, 80.04184104616787, -204.33511560642887, 191.3464623096211
flux1:, 1.367047821132461, 9.299708721062476, 0.11484905783232827, 81.0613110639735, -207.99922210790874, 196.3002975634213
flux1:, 1.368030178003065, 9.459096531669415, 0.10425458333093, 83.11474971455756, -210.9951712122531, 201.4023774934845
flux1:, 1.369012534873669, 9.654760678630826, 0.09237579143881941, 86.21635382841562, -213.28601891656783, 206.6246833801036
flux1:, 1.3699948917442728, 9.884565520234341, 0.07912929416387521, 90.34866866163752, -214.853295634937, 211.93385166066258
flux1:, 1.3709772486148768, 10.145310201194434, 0.06444978307212196, 95.46263021886983, -215.6980434342122, 217.29194273518945
flux1:, 1.3719596054854808, 10.432799158486908, 0.04829547506322966, 101.47868222058614, -215.84120796945535, 222.6573893318212
flux1:, 1.3729419623560848, 10.741939984717106, 0.030653267724568247, 108.28894388266383, -215.3233557392083, 227.98609808611982
flux1:, 1.3739243192266888, 11.066866191854347, 0.011543386489604103, 115.76036533570951, -214.20371227714523, 233.23267190785066
flux1:, 1.3749066760972926, 11.401081691515174, -0.008976691979093412, 123.7387700021792, -212.55854263903956, 238.3517156286547
flux1:, 1.3758890329678966, 11.737623168210497, -0.030809245909911628, 132.05364908117363, -210.47892101131205, 243.2991835530439
flux1:, 1.3768713898385005, 12.069235989182951, -0.05381443215565421, 140.5235438629607, -208.0679604282484, 248.03372504056802
flux1:, 1.3778537467091045, 12.38855888570715, -0.07780969041769048, 148.96182813414592, -205.4375954398187, 252.5179832501502
flux1:, 1.3788361035797085, 12.688312369334616, -0.10257055840395247, 157.18268644184639, -202.7050291961266, 256.71980274503665
flux1:, 1.3798184604503125, 12.961485721767373, -0.12783298940644858, 165.00707519266825, -199.9889709974462, 260.61330379877467
flux1:, 1.3808008173209163, 13.201517423583905, -0.1532972192365456, 172.268452898098, -197.4058002422232, 264.17978491168896
flux1:, 1.3817831741915203, 13.402464065007635, -0.17863318049024737, 178.81807344436316, -195.0657974104865, 267.4084201374858
flux1:, 1.3827655310621243, 13.559153106652719, -0.2034874101069337, 184.52965183144272, -193.069581974498, 270.296724172027
flux1:, 1.3837478879327283, 13.66731532049513, -0.22749134269109547, 189.30323483468138, -191.50489087641824, 272.85076556143787
flux1:, 1.3847302448033323, 13.723693327599499, -0.25027082876767465, 193.0681386279761, -190.44381962615378, 275.0851165946968
flux1:, 1.3857126016739363, 13.726123341854613, -0.27145666580814176, 195.78485042964084, -189.94063154170416, 277.0225371723767
flux1:, 1.38669495854454, 13.673588007196734, -0.2906958822869946, 197.445830322106, -190.03021978013246, 278.6933988820268
flux1:, 1.387677315415144, 13.566239055804003, -0.3076634729751783, 198.07519101113462, -190.72728237391078, 280.13486434397134
flux1:, 1.388659672285748, 13.405389390791768, -0.32207424881996144, 197.7272757750775, -192.02624343669288, 281.38984530099134
flux1:, 1.389642029156352, 13.193475082078928, -0.3336944386289993, 196.48419651260264, -193.90192509281783, 282.5057706065115
flux1:, 1.390624386026956, 12.933988631022638, -0.34235266368950784, 194.452432959731, -196.31094565027286, 283.5332019369945
flux1:, 1.3916067428975598, 12.631385681365208, -0.34794990147550914, 191.75862924078797, -199.19379124095022, 284.5243404682102
flux1:, 1.3925890997681638, 12.290968105602941, -0.35046806148289106, 188.5447535366595, -202.47748173766357, 285.53147171014496
flux1:, 1.3935714566387678, 11.918747053928819, -0.34997681539801206, 184.96280961098324, -206.07872830211514, 286.60539804001996
flux1:, 1.3945538135093718, 11.521290097183531, -0.346638355288446, 181.16930431968558, -209.90746038462223, 287.7939091166553
flux1:, 1.3955361703799758, 11.105557009249873, -0.34070979695218173, 177.31968244177168, -213.87058519674406, 289.1403392701688
flux1:, 1.3965185272505796, 10.678729005625298, -0.3325430002201774, 173.56293894735938, -217.87583323254637, 290.68225817344023
flux1:, 1.3975008841211836, 10.248036375721199, -0.3225816427324802, 170.03660924960573, -221.83553973093376, 292.4503367101458
flux1:, 1.3984832409917876, 9.820589413827799, -0.3113554569793823, 166.86232050241318, -225.67021422222706, 294.46742411366455
flux1:, 1.3994655978623916, 9.403217369629886, -0.29947162035555536, 164.1420623648665, -229.3117584184414, 296.7478653689198
flux1:, 1.4004479547329955, 9.002319810575024, -0.2876033724570796, 161.95530490931563, -232.70620637882118, 299.2970797989486
flux1:, 1.4014303116035993, 8.623734326809204, -0.27647602045862063, 160.35705580632276, -235.8158795730268, 302.11141298831177
flux1:, 1.4024126684742033, 8.272623930660936, -0.26685057956447644, 159.3769100724769, -238.62087242971523, 305.17826504214145
flux1:, 1.4033950253448073, 7.953386826345312, -0.25950537855488465, 159.01910514325058, -241.11981027840338, 308.47648896910624
flux1:, 1.4043773822154113, 7.66959047438556, -0.2552160376526332, 159.26355351951648, -243.3298502098357, 311.9770440388399
flux1:, 1.4053597390860153, 7.423931074267112, -0.25473429467802805, 160.06778640817362, -245.28592514204655, 315.64388061691506
flux1:, 1.406342095956619, 7.218218764615833, -0.25876621326427224, 161.36970622807314, -247.03926108918736, 319.43502551691415
flux1:, 1.407324452827223, 7.0533880199448, -0.2679503515183682, 163.09101502409058, -248.65522609224067, 323.3038305906624
flux1:, 1.408306809697827, 6.929531933687327, -0.2828364990048575, 165.14116095763788, -250.2105953457189, 327.2003423196851
flux1:, 1.409289166568431, 6.845958344582669, -0.3038656027549483, 167.42162709064064, -251.79033970113505, 331.07274673835315
flux1:, 1.410271523439035, 6.801265111261136, -0.3313514980696964, 169.83037632097788, -253.4840630513334, 334.86884221880047
flux1:, 1.4112538803096388, 6.793431288987773, -0.36546503660422425, 172.26626390050123, -255.38222738317708, 338.53749252534993
flux1:, 1.4122362371802428, 6.819920530378067, -0.4062211625413611, 174.63323447194665, -257.5723120245986, 342.03001408469015
flux1:, 1.4132185940508468, 6.877792731786494, -0.45346942810284163, 176.8441336609589, -260.13505552863165, 345.30145453983613
flux1:, 1.4142009509214508, 6.96381978776523, -0.5068883632852457, 178.82398429639034, -263.1409246952937, 348.3117242251003
flux1:, 1.4151833077920548, 7.074601301433495, -0.5659840231809163, 180.51260335899082, -266.6469456361411, 351.0265480278203
flux1:, 1.4161656646626586, 7.2066762277940235, -0.6300929317087373, 181.86646658410262, -270.69401696788987, 353.4182119589241
flux1:, 1.4171480215332626, 7.356626694094746, -0.6983895256671734, 182.85976188407517, -275.3048058235451, 355.4660863717013
flux1:, 1.4181303784038666, 7.521170635671015, -0.7698980807698064, 183.4846088974246, -280.4823042163143, 357.15691585423417
flux1:, 1.4191127352744706, 7.6972403924483865, -0.8435089750989788, 183.7504584387116, -286.20909735081244, 358.4848740733649
flux1:, 1.4200950921450746, 7.8820450117337, -0.9179990188167862, 183.68272084465175, -292.4473678201561, 359.4513899596656
flux1:, 1.4210774490156786, 8.0731146752689, -0.9920554557336709, 183.32070469341716, -299.13963138514345, 360.0647593008718
flux1:, 1.4220598058862823, 8.268326388523835, -1.0643031262046168, 182.71497575722185, -306.21017234112514, 360.3395627811481
flux1:, 1.4230421627568863, 8.465910812111037, -1.1333341754577813, 181.92426917189096, -313.56712043923983, 360.29591752549794
flux1:, 1.4240245196274903, 8.664440852546425, -1.1977396002999008, 181.01210475342342, -321.10508795733995, 359.95859408135294
flux1:, 1.4250068764980943, 8.862803336176007, -1.2561418533140563, 180.0432655239402, -328.70826570339494, 359.3560343402724
flux1:, 1.4259892333686983, 9.060155740863625, -1.3072276698570413, 179.0803024957206, -336.25386120978516, 358.51930807187676
flux1:, 1.4269715902393023, 9.255870531946124, -1.3497802515485489, 178.18022458690882, -343.61575168274703, 357.48104646383683
flux1:, 1.427953947109906, 9.44947012174694, -1.3827099320902496, 177.3915215004123, -350.6682187396833, 356.27439034963044
flux1:, 1.42893630398051, 9.640555828839735, -1.40508246805743, 176.75165007985544, -357.2896317129429, 354.93198872319346
flux1:, 1.429918660851114, 9.828734441577359, -1.4161441389585194, 176.28509191720354, -363.36595121554285, 353.4850798068123
flux1:, 1.430901017721718, 10.013546081967238, -1.4153429068056547, 176.0020629044326, -368.79393443734506, 351.9626825162087
flux1:, 1.431883374592322, 10.194397017382162, -1.4023449743974947, 175.89792524661948, -373.4839377576463, 350.39092085639464
flux1:, 1.4328657314629258, 10.370500880369393, -1.3770461914742778, 175.95332055220373, -377.36223004656443, 348.79249781310654
flux1:, 1.4338480883335298, 10.540831437324751, -1.3395778861897187, 176.13501040703875, -380.3727506671284, 347.18632892829265
flux1:, 1.4348304452041338, 10.704089606044622, -1.290306842665981, 176.39737973109777, -382.4782687736887, 345.58733922145217
flux1:, 1.4358128020747378, 10.858686875450921, -1.2298292999491414, 176.68452954917828, -383.66092405938326, 344.00642070240576
flux1:, 1.4367951589453418, 11.002746647107255, -1.1589590092405677, 176.9328607866791, -383.92215265432645, 342.4505416594024
flux1:, 1.4377775158159456, 11.134124319653788, -1.0787095503198145, 177.07403035819235, -383.2820244609473, 340.9229934283565
flux1:, 1.4387598726865496, 11.250446198436723, -0.9902712699070959, 177.0381459555047, -381.77803894564966, 339.4237556484707
flux1:, 1.4397422295571536, 11.349166559379311, -0.8949833596207027, 176.75705711480828, -379.4634445045729, 337.9499572504118
flux1:, 1.4407245864277576, 11.42764145513016, -0.794301734559359, 176.1675976289804, -376.40516133587903, 336.49640772084865
flux1:, 1.4417069432983616, 11.483217149047228, -0.6897635010299256, 175.21463816735468, -372.6813987939372, 335.0561716177406
flux1:, 1.4426893001689653, 11.513330423770384, -0.5829489095861481, 173.85381779416716, -368.3790651577368, 333.6211588976445
flux1:, 1.4436716570395693, 11.515617459084533, -0.4754417738961097, 172.05383840181898, -363.5910704876693, 332.18270433967143
flux1:, 1.4446540139101733, 11.488027528756867, -0.36878939419876733, 169.79822613109184, -358.4136218281825, 330.73211114300534
flux1:, 1.4456363707807773, 11.428937444778535, -0.2644630541409451, 167.0864876802977, -352.9436046670658, 329.2611365286848
flux1:, 1.4466187276513813, 11.337262492603868, -0.16382016031581412, 163.93461590781192, -347.2761356812154, 327.762400747787
flux1:, 1.447601084521985, 11.212559560666865, -0.0680690643874985, 160.37492711198706, -341.50235991023726, 326.22970511437273
flux1:, 1.448583441392589, 11.055118274959133, 0.021762451290944226, 156.45524059478558, -335.70755124704516, 324.6582493486402
flux1:, 1.449565798263193, 10.866036203120444, 0.10485413088844894, 152.2374383628647, -329.9695592352971, 323.0447434265307
flux1:, 1.450548155133797, 10.647274585773147, 0.18061486481131817, 147.79546794349866, -324.35762838207523, 321.3874140753209
flux1:, 1.451530512004401, 10.401691574472325, 0.24869832815096596, 143.21287326298852, -318.93159930045965, 319.68591082463945
flux1:, 1.4525128688750049, 10.133050590062444, 0.309012150213685, 138.57995648347188, -313.7414847365789, 317.94112092467947
flux1:, 1.4534952257456089, 9.846002143012623, 0.3617202989315955, 133.990686946677, -308.82739859394803, 316.15490630559725
flux1:, 1.4544775826162128, 9.54603825583569, 0.4072385460031927, 129.53948147805255, -304.21980304337814, 314.3297789282607
flux1:, 1.4554599394868168, 9.239419471896063, 0.4462230661748116, 125.31798304387348, -299.94002818475417, 312.46853325279375
flux1:, 1.4564422963574208, 8.933075298071193, 0.4795524118701999, 121.41196214806038, -296.0010108635573, 310.57385605034966
flux1:, 1.4574246532280246, 8.634479783333543, 0.5083032870653036, 117.89845765712626, -292.4081943549914, 308.64793436666105
flux1:, 1.4584070100986286, 8.35150475398674, 0.5337207166684688, 114.84326141667937, -289.1605287802142, 306.6920821116585
flux1:, 1.4593893669692326, 8.09225398264426, 0.5571833647422934, 112.29883472575693, -286.2515132362072, 304.70640453748285
flux1:, 1.4603717238398366, 7.864882237539508, 0.5801648921497593, 110.30272527281963, -283.67022449277744, 302.6895178484467
flux1:, 1.4613540807104406, 7.677403719530392, 0.604192357631628, 108.87653143091863, -281.4022834063573, 300.6383384675939
flux1:, 1.4623364375810444, 7.53749482766818, 0.630802752603656, 108.02543784942334, -279.43071848703295, 298.5479531943479
flux1:, 1.4633187944516486, 7.452296485835124, 0.6614988165547258, 107.73832307990111, -277.7366958269427, 296.4115777789981
flux1:, 1.4643011513222524, 7.428221402516743, 0.6977053051316093, 107.98841752578002, -276.30009529463445, 294.22060747552314
flux1:, 1.4652835081928564, 7.470771617776998, 0.7407268760211355, 108.73446923637948, -275.099923943106, 291.9647590865183
flux1:, 1.4662658650634603, 7.58437151534128, 0.7917087187143823, 109.92235679743537, -274.1145683966001, 289.63230005176115
flux1:, 1.4672482219340643, 7.7722211476417815, 0.8516009842213471, 111.48707348737942, -273.3218980338075, 287.21035641816513
flux1:, 1.4682305788046683, 8.036174246778904, 0.9211279717444185, 113.35499549298464, -272.69923959417184, 284.68528821100335
flux1:, 1.4692129356752721, 8.37664468806288, 1.0007629040007824, 115.44633964958254, -272.2232509988579, 282.04311793258603
flux1:, 1.470195292545876, 8.792544452602543, 1.090708974843874, 117.67771304116036, -271.86972739614276, 279.2699957482356
flux1:, 1.47117764941648, 9.281255322228402, 1.190887186253319, 119.96465782465667, -271.61337551547837, 276.3526834558356
flux1:, 1.472160006287084, 9.83863565758461, 1.3009313113467422, 122.22409961042517, -271.42759326570814, 273.27903861865866
flux1:, 1.473142363157688, 10.459062684228899, 1.4201901308969984, 124.37661625241164, -271.2842901707327, 270.03848028538533
flux1:, 1.4741247200282919, 11.135509769026307, 1.5477368982330577, 126.34845545045144, -271.1537808444953, 266.6224185074301
flux1:, 1.4751070768988959, 11.859657237363527, 1.682385796746068, 128.07324350572856, -271.004778504454, 263.02463134499726
flux1:, 1.4760894337694999, 12.622034387647924, 1.822714970816728, 129.49334318131483, -270.804508834912, 259.2415751546277
flux1:, 1.4770717906401039, 13.412189528880322, 1.9670955398897605, 130.56083514293294, -270.51895672784957, 255.27261657552882
flux1:, 1.4780541475107078, 14.218884123356844, 2.113725851313956, 131.23811412350685, -270.11324998433753, 251.12017766333318
flux1:, 1.4790365043813116, 15.030306480682608, 2.2606700945982396, 131.4981070292317, -269.55217541199835, 246.78978892915276
flux1:, 1.4800188612519156, 15.834299938817757, 2.4059002914194796, 131.32413500752054, -268.80081435937063, 242.29004849209517
flux1:, 1.4810012181225196, 16.618600096483426, 2.547340594828372, 130.70945443828063, -267.8252770200102, 237.63248900689206
flux1:, 1.4819835749931236, 17.371075438511834, 2.682912779612509, 129.65652241464997, -266.59350820799114, 232.83135734836088
flux1:, 1.4829659318637276, 18.079965626637602, 2.8105817847904766, 128.17604019950946, -265.076132080407, 227.903315097834
flux1:, 1.4839482887343314, 18.734111813404766, 2.928400178965441, 126.28583317501132, -263.247299713335, 222.86707056924104
flux1:, 1.4849306456049354, 19.323173572310232, 3.034550459105069, 124.00962787925405, -261.08550169242926, 217.74295534177242
flux1:, 1.4859130024755394, 19.837827414819174, 3.1273841617435396, 121.37578592583212, -258.5743080295718, 212.55245995840224
flux1:, 1.4868953593461434, 20.26994237223295, 3.2054568603374842, 118.41605113392097, -255.70299974374473, 207.31774455551187
flux1:, 1.4878777162167474, 20.61272874174493, 3.2675582405413777, 115.16436038176259, -252.46706023407765, 202.0611406837939
flux1:, 1.4888600730873511, 20.86085681259143, 3.3127365828920787, 111.65576094974243, -248.86849993202102, 196.80466046374033
flux1:, 1.4898424299579551, 21.010543178714528, 3.3403171356866856, 107.92546792666165, -244.91599437953167, 191.56952851442986
flux1:, 1.4908247868285591, 21.059603085799782, 3.349914025214245, 104.00808514396664, -240.62482351552728, 186.3757508473406
flux1:, 1.4918071436991631, 21.00746812889569, 3.3414355212443407, 99.93700262319504, -236.01660819683798, 181.24173319345277
flux1:, 1.4927895005697671, 20.85516948770785, 3.3150826479642186, 95.74397320649692, -231.11884844314412, 176.1839591126905
flux1:, 1.4937718574403709, 20.605287736132823, 3.2713412996330167, 91.45886138861476, -225.9642761828817, 171.21673581457273
flux1:, 1.4947542143109749, 20.261871067859595, 3.210968181508883, 87.10954882108024, -220.59004301123193, 166.35201299948173
flux1:, 1.4957365711815789, 19.830324519796225, 3.13497104584435, 82.72197387931286, -215.03677030349985, 161.5992773176388
flux1:, 1.4967189280521829, 19.317273430976154, 3.044583826115648, 78.3202773425281, -209.34749465867012, 156.96552234276737
flux1:, 1.4977012849227869, 18.730404930510403, 2.941237386865097, 73.92702280617738, -203.5665458395684, 152.45529137160833
flux1:, 1.4986836417933906, 18.078291691413188, 2.8265266989277755, 69.56345899372238, -197.73839695887708, 148.07078797990874
flux1:, 1.4996659986639946, 17.370202508522507, 2.7021753184003208, 65.2497916223111, -191.90652754227906, 143.81204717262926
flux1:, 1.5006483555345986, 16.6159044528066, 2.5699980912354214, 61.00543477288435, -186.11233926758143, 139.67715822596986
flux1:, 1.5016307124052026, 15.825461419313823, 2.4318630232946483, 56.84921559963536, -180.3941616960726, 135.66252898181543
flux1:, 1.5026130692758066, 15.009033823851757, 2.2896532482888974, 52.79951139746083, -174.78638131702155, 131.76318045352784
flux1:, 1.5035954261464104, 14.176684019660161, 2.14522999421934, 48.87430418482887, -169.31872191955773, 127.97306014888585
flux1:, 1.5045777830170146, 13.3381917086077, 2.000397394303333, 45.09114467639664, -164.01569794394675, 124.28536250786637
flux1:, 1.5055601398876184, 12.50288322347406, 1.85686991313378, 41.46702442309844, -158.89625534329176, 120.69284526834794
flux1:, 1.5065424967582224, 11.679478072816039, 1.7162430656965544, 38.01816160343123, -153.97360692955814, 117.18813137489867
flux1:, 1.5075248536288264, 10.875955583936298, 1.5799679990105338, 34.75971209957593, -149.25526151846682, 113.7639871853663
flux1:, 1.5085072104994304, 10.099443870124393, 1.4493303870101113, 31.705422770298313, -144.74323875568686, 110.41356914578051
flux1:, 1.5094895673700344, 9.356132704180252, 1.3254339625437888, 28.86724798145108, -140.43445461214122, 107.13063272827615
flux1:, 1.5104719242406381, 8.651211220054503, 1.2091888797702837, 26.254953284268993, -136.32125645708973, 103.909699186552
flux1:, 1.5114542811112421, 7.988830706851927, 1.1013049695405202, 23.87573152714921, -132.39208158777717, 100.74617750397383
flux1:, 1.5124366379818461, 7.3720921222741165, 1.002289823174056, 21.733856612178876, -128.63220929453408, 97.63644071823478
flux1:, 1.5134189948524501, 6.80305735239528, 0.9124515197520291, 19.830398604617912, -125.02457409169511, 94.57785753486269
flux1:, 1.5144013517230541, 6.2827826963608056, 0.8319057017197028, 18.16302108601286, -121.55060670589063, 91.56878172790411
flux1:, 1.515383708593658, 5.811372570964421, 0.7605866058725966, 16.7258776879847, -118.19106977888522, 88.60850321720885
flux1:, 1.516366065464262, 5.3880510215855555, 0.6982615738920285, 15.50961988565674, -114.92685694621836, 85.69716586579712
flux1:, 1.5173484223348659, 5.011248300528145, 0.6445485001794384, 14.501522638674626, -111.73972687299103, 82.83565792696474
flux1:, 1.5183307792054699, 4.678699536599984, 0.5989356259546691, 13.685728640009591, -108.61294779391726, 80.02548167144727
flux1:, 1.5193131360760739, 4.387552373276137, 0.5608030580215067, 13.043606073764426, -105.53183290582422, 77.26860903382398
flux1:, 1.5202954929466777, 4.134480396778646, 0.5294453783028509, 12.554209191976035, -102.4841523596571, 74.56733014094546
flux1:, 1.5212778498172816, 3.915799207069048, 0.5040947157153894, 12.19482597480232, -99.46041334002602, 71.92410134030835
flux1:, 1.5222602066878856, 3.7275820989473587, 0.4839436742128131, 11.941592882011022, -96.45400554474412, 69.34139885996534
flux1:, 1.5232425635584896, 3.565772509868387, 0.46816754845039493, 11.77015343441046, -93.46121503136389, 66.82158353853556
flux1:, 1.5242249204290936, 3.426290646658128, 0.45594530971128283, 11.656335226101909, -90.48111464864802, 64.36678120519011
flux1:, 1.5252072772996974, 3.305132014473033, 0.44647890737107854, 11.576819047036437, -87.51534391103317, 61.97878231022439
flux1:, 1.5261896341703014, 3.198455926480587, 0.439010502915281, 11.509774113626086, -84.5677950327106, 59.658963354259015
flux1:, 1.5271719910409054, 3.1026624595418326, 0.43283733186354223, 11.435434925187622, -81.64422478596165, 57.40823158537713
flux1:, 1.5281543479115094, 3.014456727047513, 0.4273239713252894, 11.33659789074595, -78.75181380237348, 55.22699337385485
flux1:, 1.5291367047821134, 2.9308997525192755, 0.4219118747494077, 11.1990194580336, -75.89869586011554, 53.11514567523503
flux1:, 1.5301190616527172, 2.8494456345970804, 0.41612611826252727, 11.011701836074451, -73.09347960674651, 51.07208909064197
flux1:, 1.5311014185233212, 2.7679650843842696, 0.40957938249283327, 10.76705731414319, -70.3447841106837, 49.09676025866999
flux1:, 1.5320837753939252, 2.6847557796648904, 0.40197326785019083, 10.460947402631227, -67.6608077113405, 47.18768068861932
flux1:, 1.5330661322645291, 2.598540308467218, 0.3930971080447713, 10.092598306704355, -65.04894697695521, 45.343018685622965
flux1:, 1.5340484891351331, 2.508452759547912, 0.38282450465792295, 9.66439934702212, -62.51547933621062, 43.560660731687
flux1:, 1.535030846005737, 2.414015254024952, 0.37110785365366866, 9.181595634268874, -60.06531929844113, 41.838288572375646
flux1:, 1.536013202876341, 2.3151058967425286, 0.35797117202143325, 8.651890382960925, -57.70185430061794, 40.1734583096653
flux1:, 1.536995559746945, 2.2119197559207624, 0.343501558820353, 8.08497554686771, -55.426862301394124, 38.56367800326252
flux1:, 1.537977916617549, 2.1049245548707978, 0.32783963966446356, 7.492011847082242, -53.24050945915803, 37.0064806164528
flux1:, 1.538960273488153, 1.9948127813365333, 0.3111693474006166, 6.885080664128916, -51.14142274361364, 35.49948958478904
flux1:, 1.5399426303587567, 1.8824518911524537, 0.29370738496050525, 6.276630645720648, -49.126829277772266, 34.040474810268314
flux1:, 1.5409249872293607, 1.7688342075268346, 0.2756926999682536, 5.678941258377142, -47.19275170209368, 32.62739746204904
flux1:, 1.5419073440999647, 1.6550280006546778, 0.2573762757523701, 5.103623946218198, -45.33424697620446, 31.258442568850388
flux1:, 1.5428897009705687, 1.542131080717014, 0.2390115112322938, 4.561179157156123, -43.54567483539281, 29.932038990381578
flux1:, 1.5438720578411727, 1.4312280574963252, 0.22084542415723318, 4.060624393518109, -41.82098161431533, 28.646866930004393
flux1:, 1.5448544147117764, 1.323352219098187, 0.2031108698876426, 3.609204805869691, -40.1539853226339, 27.401853675676893
flux1:, 1.5458367715823806, 1.2194527680691092, 0.18601992288649097, 3.212193858847826, -38.538648660106745, 26.19615871223851
flux1:, 1.5468191284529844, 1.1203679329006755, 0.16975852187230558, 2.8727874484243174, -36.96932801959027, 25.029149720682742
flux1:, 1.5478014853235884, 1.026804253598349, 0.1544824336630346, 2.5920907332126077, -35.44098835154803, 23.900371259152013
flux1:, 1.5487838421941924, 0.9393221282501267, 0.1403145464904545, 2.3691930408765893, -33.94937594331276, 22.80950810086679
flux1:, 1.5497661990647964, 0.8583275092679798, 0.12734346222849194, 2.201322689719296, -32.49114358054797, 21.756345285280453
flux1:, 1.5507485559354004, 0.7840694583058059, 0.1156233196264332, 2.084070566037817, -31.06392508356214, 20.740726924300183
flux1:, 1.5517309128060042, 0.7166431119636955, 0.1051747481450428, 2.0116689308700684, -29.666358725116595, 19.762515702925324
flux1:, 1.5527132696766082, 0.6559974794696904, 0.09598682502682326, 1.9773102725663119, -28.29806142509594, 18.821554834115705
flux1:, 1.5536956265472122, 0.6019473907566154, 0.08801988724058633, 1.9734901155480515, -26.95955777828807, 17.917633984538114
flux1:, 1.5546779834178162, 0.5541888398638256, 0.08120903515711107, 1.9923575457717515, -25.652169818977107, 17.050460396364535
flux1:, 1.5556603402884202, 0.5123169245403874, 0.07546815625667758, 2.0260577900474406, -24.377874893382558, 16.21963610688551
flux1:, 1.556642697159024, 0.47584556750970514, 0.07069429466374078, 2.0670524278326545, -23.139140052979627, 15.424641828832868
flux1:, 1.557625054029628, 0.4442282164416273, 0.06677219549054386, 2.108404631246847, -21.938741975484483, 14.664827716156173
flux1:, 1.558607410900232, 0.41687875588156775, 0.06357886133688155, 2.1440191105308806, -20.779581564629815, 13.939410917320508
flux1:, 1.559589767770836, 0.39319192221406246, 0.060987971192785116, 2.168829060784521, -19.664502094728647, 13.247479524225703
flux1:, 1.56057212464144, 0.3725625887169789, 0.05887402868135129, 2.1789252252037135, -18.596119089740142, 12.588002270452607
flux1:, 1.5615544815120437, 0.35440337808746386, 0.05711612624602726, 2.171625071337427, -17.576669113473603, 11.959843126073418
flux1:, 1.5625368383826477, 0.33816016049747416, 0.05560123367809218, 2.1454828855320263, -16.6078833643136, 11.361779783475283
flux1:, 1.5635191952532517, 0.3233251022258946, 0.054226942435290436, 2.100244202329223, -15.690890489600402, 10.792524932225072
flux1:, 1.5645015521238557, 0.30944703926369754, 0.05290362068089601, 2.036750291365845, -14.826151441364834, 10.250749181243789
flux1:, 1.5654839089944597, 0.29613905825846704, 0.05155595708011281, 1.9568003353292296, -14.013427566850307, 9.735104500940402
flux1:, 1.5664662658650634, 0.28308327032858455, 0.05012389340193194, 1.8629803828348908, -13.251781541282066, 9.244247121859766
flux1:, 1.5674486227356674, 0.27003285862177, 0.0485629662531204, 1.7584691086752544, -12.539609277312623, 8.776858933283505
flux1:, 1.5684309796062714, 0.25681156547616363, 0.04684409628210694, 1.6468308452688107, -11.874699646553047, 8.331666567076871
flux1:, 1.5694133364768754, 0.2433108576553889, 0.044952878513639244, 1.5318062727370187, -11.254317772906552, 7.907457519905683
flux1:, 1.5703956933474794, 0.22948506691536116, 0.04288843980876032, 1.4171106034645455, -10.675306841116875, 7.503092851213134
flux1:, 1.5713780502180832, 0.21534484723194985, 0.04066193860776292, 1.3062481232488328, -10.13420282870755, 7.117516185539445
flux1:, 1.5723604070886872, 0.2009493190381652, 0.0382947880442748, 1.2023506249973754, -9.62735632278347, 6.749758936602602
flux1:, 1.5733427639592912, 0.1863972849796037, 0.03581668626579845, 1.1080456748039131, -9.151055618514945, 6.398941848702655
flux1:, 1.5743251208298952, 0.17181790166956165, 0.033263537511582494, 1.0253588745309834, -8.70164559438456, 6.0642731110856705
flux1:, 1.5753074777004992, 0.1573611788094191, 0.03067534442460875, 0.9556524234913704, -8.27563739032364, 5.745043436954978
flux1:, 1.576289834571103, 0.14318865229098898, 0.02809414652752229, 0.8996004268820812, -7.869804639604288, 5.440618606407372
flux1:, 1.577272191441707, 0.12946454325573925, 0.02556207214903285, 0.8571996370990647, -7.481262878176003, 5.1504300488558705
flux1:, 1.578254548312311, 0.11634767249381203, 0.023119561766237116, 0.8278127233645673, -7.1075297264527615, 4.873964084317691
flux1:, 1.579236905182915, 0.10398435109150245, 0.02080381017337022, 0.8102398100610394, -6.746564457276295, 4.610750454652757
flux1:, 1.580219262053519, 0.09250241599181709, 0.018647463550757932, 0.8028129547301625, -6.396786580000868, 4.360350757298807
flux1:, 1.5812016189241227, 0.08200652520127796, 0.016677595834043556, 0.8035074862955291, -6.057074037605676, 4.1223473483216875
flux1:, 1.5821839757947267, 0.07257477374197309, 0.014914977195431956, 0.8100637090606675, -5.7267424901530335, 3.896333212826977
flux1:, 1.5831663326653307, 0.06425663993576258, 0.013373636333842805, 0.8201123978707026, -5.405507909265485, 3.6819032138431855
flux1:, 1.5841486895359347, 0.057072223833636596, 0.012060707971666883, 0.8312977479968509, -5.093435308174175, 3.478647031047487
flux1:, 1.5851310464065387, 0.05101269693385941, 0.010976547761242794, 0.8413919691796369, -4.790876862702434, 3.2861439937833365
flux1:, 1.5861134032771425, 0.04604184585496416, 0.010115088943302137, 0.8483964842240329, -4.498402931633351, 3.103959904181632
flux1:, 1.5870957601477467, 0.04209856313763093, 0.009464408738722709, 0.8506256568447318, -4.216729560577004, 2.931645841103743
flux1:, 1.5880781170183504, 0.03910011633371867, 0.009007467696425572, 0.8467700731799844, -3.9466459601246333, 2.7687388387059526
flux1:, 1.5890604738889544, 0.036946012197698115, 0.008722982103483292, 0.8359375755977574, -3.688945202601338, 2.6147642486638953
flux1:, 1.5900428307595584, 0.03552226603996978, 0.008586388069135958, 0.8176714352566437, -3.444361003933007, 2.4692395256106927
flux1:, 1.5910251876301624, 0.03470588679019352, 0.008570855948098083, 0.7919461935158805, -3.2135129745511293, 2.3316791233112024
flux1:, 1.5920075445007664, 0.03436939548216936, 0.00864831524899661, 0.7591427494708038, -2.996862165440559, 2.2016001557453295
flux1:, 1.5929899013713702, 0.03438520795034463, 0.008790452919488068, 0.7200051771996626, -2.794678133474259, 2.078528462877487
flux1:, 1.5939722582419742, 0.034629730610823764, 0.008969651717954488, 0.6755824867477541, -2.607018135028387, 1.9620047247976837
flux1:, 1.5949546151125782, 0.0349870402704122, 0.009159840057681598, 0.6271590730777972, -2.4337184580011044, 1.8515902886967803
flux1:, 1.5959369719831822, 0.03535204388342736, 0.0093372300151105, 0.5761779139201196, -2.2743973463821496, 1.7468724086441176
flux1:, 1.5969193288537862, 0.03563304095549422, 0.009480925896731131, 0.5241606785038486, -2.1284684811909487, 1.6474686456972136
flux1:, 1.59790168572439, 0.035753638791797424, 0.009573391631229214, 0.4726288029302045, -1.9951635749886958, 1.5530302324313816
flux1:, 1.598884042594994, 0.03565399797562168, 0.009600771078122615, 0.4230292923310152, -1.8735623271411652, 1.4632442682706788
flux1:, 1.599866399465598, 0.03529141139968349, 0.009553060923064, 0.37666855087563683, -1.7626277809728867, 1.3778346767017378
flux1:, 1.600848756336202, 0.03464024403065529, 0.00942414098883503, 0.334656950384543, -1.6612450239233927, 1.2965619193747007
flux1:, 1.601831113206806, 0.03369128167365241, 0.009211671383433108, 0.2978661633931418, -1.568261174668845, 1.2192215222689706
flux1:, 1.6028134700774097, 0.032450554774939494, 0.008916869817087931, 0.2669005459145746, -1.4825246991869305, 1.1456415229576884
flux1:, 1.6037958269480137, 0.030937717372400943, 0.008544185565693979, 0.24208309811310125, -1.402922279273606, 1.07567899342203
flux1:, 1.6047781838186177, 0.02918407144846185, 0.008100888889222608, 0.22345579523159145, -1.3284117073622597, 1.0092158282673764
flux1:, 1.6057605406892217, 0.02723033308876573, 0.007596596212382256, 0.21079340068153155, -1.2580495837685037, 0.9461540125602925
flux1:, 1.6067428975598257, 0.025124239080122557, 0.007042752053784412, 0.2036292776730089, -1.1910129286192592, 0.8864105964094496
flux1:, 1.6077252544304295, 0.022918091102973673, 0.006452088589304939, 0.2012912286531731, -1.1266141724015588, 0.8299126049809658
flux1:, 1.6087076113010335, 0.020666329814481355, 0.005838082919187762, 0.20294502996791047, -1.0643093385935176, 0.7765921035045579
flux1:, 1.6096899681716375, 0.018423223302011377, 0.005214430660915393, 0.2076431022589209, -1.0036995629657037, 0.7263816181015302
flux1:, 1.6106723250422414, 0.01624074411036852, 0.00459455251009427, 0.2143756677305071, -0.9445263927032791, 0.6792100863989249
flux1:, 1.6116546819128454, 0.014166696859219275, 0.003991148010054861, 0.22212178931541524, -0.8866615629623724, 0.6349994786445337
flux1:, 1.6126370387834492, 0.012243144945879155, 0.003415808063462689, 0.22989785348931194, -0.8300921502590296, 0.5936621923280629
flux1:, 1.6136193956540532, 0.010505170555351287, 0.002878694823881437, 0.2368013322974971, -0.7749021457837726, 0.5550992831445993
flux1:, 1.6146017525246572, 0.008979987740701502, 0.0023882946369733825, 0.24204802112451035, -0.7212515750970429, 0.5191995545081188
flux1:, 1.6155841093952612, 0.007686414223582554, 0.0019512467682507443, 0.2450013739594559, -0.6693543144838376, 0.4858394886042696
flux1:, 1.6165664662658652, 0.006634694277768887, 0.0015722478559750137, 0.2451930228106626, -0.6194557221006683, 0.45488396586057106
flux1:, 1.617548823136469, 0.005826653013378165, 0.0012540294500453263, 0.24233404756813146, -0.5718111198870562, 0.42618768815603053
flux1:, 1.618531180007073, 0.005256151917114559, 0.0009974037124262137, 0.23631703292236575, -0.5266660379049396, 0.3995971952215019
flux1:, 1.619513536877677, 0.004909806883801127, 0.0008013704177763687, 0.22720938783277234, -0.48423897557515144, 0.3749533443139984
flux1:, 1.620495893748281, 0.004767923371497625, 0.0006632768438461169, 0.2152387913219294, -0.4447072542966135, 0.35209411083777203
flux1:, 1.621478250618885, 0.004805598816307394, 0.0005790210027106335, 0.20077195056686517, -0.4081963435503028, 0.3308575622506067
flux1:, 1.6224606074894887, 0.004993940061556342, 0.0005432879427497069, 0.18428810204099008, -0.3747728479531607, 0.3110848591208552
flux1:, 1.6234429643600927, 0.0053013432209291465, 0.0005498085390997578, 0.16634884700297584, -0.34444115528700353, 0.29262314508396764
flux1:, 1.6244253212306967, 0.005694784969793951, 0.0005916302653304151, 0.1475659865906535, -0.317143573625043, 0.2753282009250339
flux1:, 1.6254076781013007, 0.006141077548358284, 0.0006613898676834079, 0.128569011176651, -0.2927636362378229, 0.2590667561243897
flux1:, 1.6263900349719047, 0.006608044522007821, 0.0007515786023600343, 0.10997380943312934, -0.27113213126737257, 0.2437183728423197
flux1:, 1.6273723918425085, 0.007065580301149863, 0.000854791695543303, 0.09235400411685736, -0.25203532273324675, 0.22917684129480523
flux1:, 1.6283547487131127, 0.00748656327489844, 0.0009639548897781313, 0.07621610602914122, -0.23522477200854586, 0.21535105057110965
flux1:, 1.6293371055837165, 0.007847599849815373, 0.0010725222910037502, 0.06197941900774605, -0.22042814447682949, 0.2021653239829437
flux1:, 1.6303194624543205, 0.008129584398254616, 0.00117464116957597, 0.04996134240300269, -0.20736039306078075, 0.18955923191185092
flux1:, 1.6313018193249245, 0.008318067814098119, 0.0012652808393293464, 0.040368418859511125, -0.1957347457293727, 0.1774869168627368
flux1:, 1.6322841761955285, 0.008403434773506262, 0.0013403241879986782, 0.033293179505084626, -0.1852729838392408, 0.16591598422658688
flux1:, 1.6332665330661325, 0.00838089666078192, 0.0013966218120246658, 0.028716559847894858, -0.1757145773143261, 0.15482602747254456
flux1:, 1.6342488899367362, 0.008250313238142216, 0.001432009977221253, 0.02651541005528761, -0.16682433575779176, 0.1442068677116135
flux1:, 1.6352312468073402, 0.008015861348330681, 0.0014452947495392655, 0.026474412876498776, -0.15839833594091327, 0.13405659457671543
flux1:, 1.6362136036779442, 0.007685573119803428, 0.0014362055906591922, 0.028301558750883894, -0.150267990131089, 0.1243794981361459
flux1:, 1.6371959605485482, 0.007270769220904437, 0.0014053224729780982, 0.03164621534700783, -0.14230222114644417, 0.1151839802675061
flux1:, 1.6381783174191522, 0.0067854146521800635, 0.0013539811274373207, 0.036118769839480314, -0.1344078041801767, 0.10648052890978421
flux1:, 1.639160674289756, 0.006245425387073744, 0.001284161393096459, 0.04131081588645565, -0.1265280183910865, 0.09827983036035091
flux1:, 1.64014303116036, 0.005667953923077682, 0.001198363794148766, 0.046814900278092174, -0.11863981996283937, 0.0905910838795506
flux1:, 1.641125388030964, 0.00507068057379928, 0.0010994794393741436, 0.05224293118752819, -0.11074980070050361, 0.08342056997287087
flux1:, 1.642107744901568, 0.004471135232900013, 0.0009906581377047007, 0.05724247372494929, -0.10288923114651216, 0.07677050954067345
flux1:, 1.643090101772172, 0.003886071510827038, 0.0008751792727454073, 0.06151031064689379, -0.09510850449406012, 0.07063823632798764
flux1:, 1.6440724586427757, 0.003330911738822629, 0.0007563295034797951, 0.06480281739308744, -0.08747129796601891, 0.06501569045378444
flux1:, 1.6450548155133797, 0.002819277514674402, 0.000637290784783052, 0.06694288161119227, -0.08004875328907485, 0.059889226878947634
flux1:, 1.6460371723839837, 0.002362616397261184, 0.0005210415577339938, 0.06782327867656963, -0.07291394953009071, 0.055239720033890605
flux1:, 1.6470195292545877, 0.001969931204664677, 0.00041027327405127175, 0.06740658773939985, -0.06613690244925699, 0.05104293492255851
flux1:, 1.6480018861251917, 0.0016476142874203396, 0.0003073237183479395, 0.06572188985604407, -0.05978027753791148, 0.047270126194135266
flux1:, 1.6489842429957955, 0.0013993852742879734, 0.00021412790153868384, 0.06285862441237401, -0.05389595205734264, 0.04388882015059051
flux1:, 1.6499665998663995, 0.0012263272453325144, 0.00013218664141975188, 0.058958087471745795, -0.04852250766108796, 0.04086373054778412
flux1:, 1.6509489567370035, 0.0011270131775695164, 6.255234178828048e-05, 0.05420313266966164, -0.04368368237787011, 0.03815775734321039
flux1:, 1.6519313136076075, 0.0010977119108573478, 5.830945634062589e-06, 0.04880668031538313, -0.03938776136885965, 0.03573301813499679
flux1:, 1.6529136704782115, 0.0011326608508088136, -3.780141671064797e-05, 0.042999653562700975, -0.03562784207193608, 0.03355186472091627
flux1:, 1.6538960273488152, 0.0012243911919018833, -6.856892855074751e-05, 0.037018943517213306, -0.0323828727608274, 0.03157784170704443
flux1:, 1.6548783842194192, 0.001364090614809405, -8.705585162625621e-05, 0.031095960919774464, -0.029619335325506167, 0.02977655007364656
flux1:, 1.6558607410900232, 0.001541988172487809, -9.415784466535262e-05, 0.025446264644668766, -0.027293423853963317, 0.028116385690023296
flux1:, 1.6568430979606272, 0.0017477463949286142, -9.102720785726915e-05, 0.020260671549813352, -0.02535356048758536, 0.026569130564903155
flux1:, 1.6578254548312312, 0.001970846461091536, -7.901441998784935e-05, 0.01569815361490949, -0.02374308869630947, 0.025110382731456094
flux1:, 1.658807811701835, 0.002200953542461024, -5.960824980919547e-05, 0.011880722424518214, -0.022402990828740782, 0.02371981872107596
flux1:, 1.659790168572439, 0.002428251039559941, -3.437656825234899e-05, 0.008890393459484974, -0.021274490459685505, 0.022381290233242604
flux1:, 1.660772525443043, 0.0026437343270527334, -4.909774801896922e-06, 0.006768218587945208, -0.020301419355087048, 0.02108276356250171
flux1:, 1.661754882313647, 0.002839456707680609, 2.7231507780381982e-05, 0.0055152792806857295, -0.019432252317485167, 0.019816116353672274
flux1:, 1.662737239184251, 0.0030087224627669508, 6.056310824955803e-05, 0.005095449359542777, -0.01862173920522054, 0.018576811141407322
flux1:, 1.6637195960548548, 0.003146224092952177, 9.371730110460566e-05, 0.005439667594950807, -0.01783209049250313, 0.01736346876977112
flux1:, 1.6647019529254587, 0.0032481229882846026, 0.00012547538974856207, 0.006451409314775604, -0.017033699402779615, 0.016177367129780015
flux1:, 1.6656843097960627, 0.0033120747810463915, 0.0001547924636347359, 0.008013013501520495, -0.016205408605390038, 0.015021891702781714
flux1:, 1.6666666666666667, 0.0033372024567920773, 0.00018081421551401013, 0.009992507800682027, -0.015334351623634739, 0.013901964219015944
