flux1:, 1.1764705882352942, 0.00014364910062542117, 0.0004950025711231781
flux1:, 1.1774529451058982, 0.00013703174876585314, 0.0010258129373699621
flux1:, 1.1784353019765021, -2.069882410489001e-05, 0.000296775065514283
flux1:, 1.179417658847106, 0.00011899695242898153, 0.00022010318432267936
flux1:, 1.18040001571771, 0.0002421828786145663, 0.0011408195255016385
flux1:, 1.181382372588314, 3.341122098296747e-05, 0.0007122393798851823
flux1:, 1.182364729458918, 6.663175447594378e-05, 2.364937959013244e-05
flux1:, 1.183347086329522, 0.0003384043638583672, 0.0010040871705275832
flux1:, 1.1843294432001257, 0.00018111721673452365, 0.0012430593481662644
flux1:, 1.1853118000707297, 2.57395646356537e-05, 9.494313827667356e-05
flux1:, 1.1862941569413337, 0.000380200306029106, 0.0006260410252785334
flux1:, 1.1872765138119377, 0.0004252917921586508, 0.001664910608238441
flux1:, 1.1882588706825417, 7.785285797386741e-05, 0.000550877836542663
flux1:, 1.1892412275531457, 0.00034045825600914013, 0.00019311476203264834
flux1:, 1.1902235844237494, 0.0007027465256242654, 0.001732752104379404
flux1:, 1.1912059412943534, 0.000314350181240565, 0.0013015113191857913
flux1:, 1.1921882981649574, 0.00026563770016175083, 8.464382479076211e-06
flux1:, 1.1931706550355614, 0.0008900752831063742, 0.0013731592201981645
flux1:, 1.1941530119061654, 0.0007521467362274298, 0.002050049316864992
flux1:, 1.1951353687767692, 0.00029801736079312273, 0.0002901360672165145
flux1:, 1.1961177256473732, 0.0008915086916050678, 0.0007823202083580824
flux1:, 1.1971000825179772, 0.0012629053676361363, 0.002511606986866605
flux1:, 1.1980824393885812, 0.0005980108781534791, 0.001046886759352007
flux1:, 1.1990647962591852, 0.0007517016230241217, 0.0002835804678074333
flux1:, 1.200047153129789, 0.0016036574103457093, 0.002600659629275842
flux1:, 1.201029510000393, 0.0011844465238204603, 0.0022214629427966598
flux1:, 1.202011866870997, 0.0006679444787751786, 0.00019466799573427692
flux1:, 1.202994223741601, 0.001541370451498297, 0.002295882956381848
flux1:, 1.203976580612205, 0.0017689337783471327, 0.00373559267741335
flux1:, 1.2049589374828087, 0.0008223224989741712, 0.0009804359235139099
flux1:, 1.2059412943534127, 0.0010632182604534198, 0.0015386564802560157
flux1:, 1.2069236512240167, 0.001824526936207821, 0.004883263730467698
flux1:, 1.2079060080946207, 0.0010844069269254828, 0.0029347964215315474
flux1:, 1.2088883649652247, 0.0005409496821020734, 0.0008438466413340681
flux1:, 1.2098707218358287, 0.0012863789120766689, 0.004495170878177647
flux1:, 1.2108530787064324, 0.0011495557768804524, 0.005067184618152323
flux1:, 1.2118354355770364, 0.0003065002512744834, 0.0011840882691281798
flux1:, 1.2128177924476404, 0.0006999155008702855, 0.0028940419304595154
flux1:, 1.2138001493182444, 0.0010417642589466624, 0.006054904906986913
flux1:, 1.2147825061888484, 0.00030594360287350707, 0.002618514764445061
flux1:, 1.2157648630594522, 0.0003460467069617387, 0.0014332229086485553
flux1:, 1.2167472199300562, 0.0009282501405075488, 0.0056868579308412825
flux1:, 1.2177295768006602, 0.0004245867872139551, 0.004473892676440008
flux1:, 1.2187119336712642, 0.00017922974355413454, 0.0009509227547570079
flux1:, 1.2196942905418682, 0.0008615086094558108, 0.0044274455769391955
flux1:, 1.220676647412472, 0.0006342474827882326, 0.006077135701694871
flux1:, 1.221659004283076, 0.00013732950173404241, 0.0016682127140790427
flux1:, 1.22264136115368, 0.0008174375289453323, 0.002901070029427605
flux1:, 1.223623718024284, 0.0009374781637976923, 0.006965666788991791
flux1:, 1.224606074894888, 0.00022866781767256564, 0.0034448737019963887
flux1:, 1.2255884317654917, 0.0007705746623708297, 0.001756685509213994
flux1:, 1.2265707886360957, 0.001327629180493945, 0.006927497650199701
flux1:, 1.2275531455066997, 0.0005186308825930694, 0.005907762670300303
flux1:, 1.2285355023773037, 0.0007379368541653744, 0.0016140820054042397
flux1:, 1.2295178592479077, 0.0017859444197095777, 0.006049716816364132
flux1:, 1.2305002161185117, 0.0011127065884789572, 0.008531562288628261
flux1:, 1.2314825729891155, 0.0008143815215508601, 0.0029965530715482767
flux1:, 1.2324649298597194, 0.0023033598257360113, 0.004780498429895513
flux1:, 1.2334472867303234, 0.0021589358774223833, 0.010745523235867948
flux1:, 1.2344296436009274, 0.001229142977409238, 0.00625975856384243
flux1:, 1.2354120004715314, 0.002936693025780775, 0.004005328108759025
flux1:, 1.2363943573421352, 0.0038846506271924745, 0.012101182936891247
flux1:, 1.2373767142127392, 0.0024719851011032923, 0.01153854833144109
flux1:, 1.2383590710833432, 0.003954708347055306, 0.005182916944492896
flux1:, 1.2393414279539472, 0.006706568791924978, 0.01255894973151227
flux1:, 1.2403237848245512, 0.005596262267891495, 0.01868101297451084
flux1:, 1.241306141695155, 0.00624921366739859, 0.010617130258421786
flux1:, 1.242288498565759, 0.011490627302420953, 0.013089808955058358
flux1:, 1.243270855436363, 0.012822664334305685, 0.02683226048382277
flux1:, 1.244253212306967, 0.012353092876926475, 0.0233502147202232
flux1:, 1.245235569177571, 0.01969381033726814, 0.01685997027174856
flux1:, 1.2462179260481747, 0.02690946259550603, 0.03214827790578864
flux1:, 1.2472002829187787, 0.02610930951424184, 0.040835176327868185
flux1:, 1.2481826397893827, 0.02966783191353742, 0.026932475442251493
flux1:, 1.2491649966599867, 0.03924229817141848, 0.025669505471518656
flux1:, 1.2501473535305907, 0.0381217689444816, 0.03872191196516625
flux1:, 1.2511297104011945, 0.03032149157808383, 0.03064385209127636
flux1:, 1.2521120672717985, 0.03181309817942117, 0.01395416948278556
flux1:, 1.2530944241424025, 0.03310640300258453, 0.01797887741101161
flux1:, 1.2540767810130065, 0.024194705715546834, 0.021918566406466965
flux1:, 1.2550591378836105, 0.019887179421280227, 0.009745706676552416
flux1:, 1.2560414947542144, 0.023430300716035652, 0.005867335600263543
flux1:, 1.2570238516248182, 0.019723061666427313, 0.012683111115712551
flux1:, 1.2580062084954222, 0.013483359560441053, 0.008833326147748405
flux1:, 1.2589885653660262, 0.01617327844079819, 0.002445546472816935
flux1:, 1.2599709222366302, 0.01699697798044203, 0.006694430650751793
flux1:, 1.2609532791072342, 0.011150034358162742, 0.007984520481550681
flux1:, 1.261935635977838, 0.011471971971619161, 0.002645156890033875
flux1:, 1.262917992848442, 0.01490067879400932, 0.003667705932787054
flux1:, 1.263900349719046, 0.010924046458014623, 0.0067921139870618565
flux1:, 1.26488270658965, 0.008776649587412083, 0.0037933915666132807
flux1:, 1.265865063460254, 0.012920370911947067, 0.002789561351872767
flux1:, 1.266847420330858, 0.011590887783980625, 0.005675892486538244
flux1:, 1.2678297772014617, 0.0077303621772814085, 0.004803738066551327
flux1:, 1.2688121340720657, 0.011006188719666162, 0.003231012747293344
flux1:, 1.2697944909426697, 0.01239317105737664, 0.005097170818652692
flux1:, 1.2707768478132737, 0.008048235432111875, 0.005440222700524998
flux1:, 1.2717592046838777, 0.009373149790106733, 0.004260510588584929
flux1:, 1.2727415615544815, 0.012872584955511916, 0.0052831781182431925
flux1:, 1.2737239184250855, 0.009393510541951536, 0.005918949817290105
flux1:, 1.2747062752956895, 0.00835084486192332, 0.005361134507738611
flux1:, 1.2756886321662935, 0.012836246143899608, 0.006166380915135737
flux1:, 1.2766709890368975, 0.01134348559989846, 0.006623221240889643
flux1:, 1.2776533459075012, 0.008251436269804987, 0.006322696162457477
flux1:, 1.2786357027781052, 0.012350620441505783, 0.007457786212241697
flux1:, 1.2796180596487092, 0.013431054975114931, 0.007872427423821039
flux1:, 1.2806004165193132, 0.009257380870959883, 0.0072550868159615345
flux1:, 1.2815827733899172, 0.011710578707630155, 0.008806901918831971
flux1:, 1.282565130260521, 0.01523522715876213, 0.00976559951963175
flux1:, 1.283547487131125, 0.011347660120335884, 0.008500387450905512
flux1:, 1.284529844001729, 0.011363340632866476, 0.009987254593237613
flux1:, 1.285512200872333, 0.016486761276390767, 0.012134374078317575
flux1:, 1.286494557742937, 0.014282227369723552, 0.010463040927269416
flux1:, 1.2874769146135407, 0.011792698243646284, 0.011038237225177792
flux1:, 1.2884592714841447, 0.017152398327455673, 0.014618689190786991
flux1:, 1.2894416283547487, 0.017653002384692373, 0.013412664561059131
flux1:, 1.2904239852253527, 0.01338807085366513, 0.012305430858442629
flux1:, 1.2914063420959567, 0.017466761560758853, 0.01684128415670266
flux1:, 1.2923886989665605, 0.02099195175972597, 0.017331595300743262
flux1:, 1.2933710558371645, 0.016333029259965087, 0.01435340534063634
flux1:, 1.2943534127077685, 0.017895547677246302, 0.018620741202098785
flux1:, 1.2953357695783725, 0.023909265264866916, 0.021872120422369967
flux1:, 1.2963181264489765, 0.020546517693256567, 0.01776951825751236
flux1:, 1.2973004833195805, 0.019033920716232267, 0.020142013578291908
flux1:, 1.2982828401901843, 0.02622377283952169, 0.026456530610427305
flux1:, 1.2992651970607882, 0.025697433355054932, 0.022920998850840993
flux1:, 1.3002475539313922, 0.021464193786979734, 0.02200830148993446
flux1:, 1.3012299108019962, 0.02804766084382428, 0.03050442161419246
flux1:, 1.3022122676726002, 0.031293032597318624, 0.02975501337586161
flux1:, 1.303194624543204, 0.025610681958957576, 0.025130968507870378
flux1:, 1.304176981413808, 0.02979951060707552, 0.033721149949852335
flux1:, 1.305159338284412, 0.03682077597703014, 0.037731571768566695
flux1:, 1.306141695155016, 0.031632457755409904, 0.03046904096538813
flux1:, 1.30712405202562, 0.03213908693681423, 0.0363455130829025
flux1:, 1.308106408896224, 0.04190623516832332, 0.045943996232417725
flux1:, 1.3090887657668278, 0.039384818389129814, 0.03868880945746176
flux1:, 1.3100711226374318, 0.035840961576114286, 0.039251156614452595
flux1:, 1.3110534795080357, 0.04644618275291263, 0.05342275256983335
flux1:, 1.3120358363786397, 0.04846186604336762, 0.04986069464060269
flux1:, 1.3130181932492437, 0.04164161083689169, 0.04383088236245447
flux1:, 1.3140005501198475, 0.05068227066290916, 0.05954584998768221
flux1:, 1.3149829069904515, 0.05830900806267171, 0.06332009937105115
flux1:, 1.3159652638610555, 0.05010368202605443, 0.051663282427056034
flux1:, 1.3169476207316595, 0.055200405753623984, 0.06442295431470224
flux1:, 1.3179299776022635, 0.06837481970282645, 0.07778287090658109
flux1:, 1.3189123344728673, 0.061537289042889215, 0.06404795398989342
flux1:, 1.3198946913434713, 0.060865885877368416, 0.06910429275116782
flux1:, 1.3208770482140753, 0.07826077262514274, 0.09172528370940065
flux1:, 1.3218594050846793, 0.07600361080167442, 0.08156995314889294
flux1:, 1.3228417619552832, 0.0687313252765978, 0.07550872336666349
flux1:, 1.323824118825887, 0.08782985907374946, 0.1039338679361513
flux1:, 1.324806475696491, 0.09340567571021695, 0.10388401096906584
flux1:, 1.325788832567095, 0.0799804767579715, 0.08607187610510166
flux1:, 1.326771189437699, 0.0972519041662547, 0.11403861014115464
flux1:, 1.327753546308303, 0.11365197373677047, 0.12987139092453762
flux1:, 1.3287359031789068, 0.09600281763636226, 0.10327304594964373
flux1:, 1.3297182600495108, 0.1069964318555642, 0.12280922592199259
flux1:, 1.3307006169201148, 0.1368689601637553, 0.15821528148743322
flux1:, 1.3316829737907188, 0.11876043100481329, 0.12939564590126243
flux1:, 1.3326653306613228, 0.11784689629177547, 0.1320653272771578
flux1:, 1.3336476875319265, 0.16365103830635325, 0.18829348639385707
flux1:, 1.3346300444025305, 0.15181060491241424, 0.16715732860284224
flux1:, 1.3356124012731345, 0.13116815648529478, 0.14429743374269552
flux1:, 1.3365947581437385, 0.1954015802784717, 0.22117024041483002
flux1:, 1.3375771150143425, 0.2030628611076837, 0.22254321472235017
flux1:, 1.3385594718849465, 0.15022075821764552, 0.16276957737378592
flux1:, 1.3395418287555503, 0.2350616269838611, 0.2605344437282783
flux1:, 1.3405241856261543, 0.29333275658392255, 0.31402362149172786
flux1:, 1.3415065424967583, 0.1859927331455645, 0.19549587676923935
flux1:, 1.3424888993673623, 0.28964300263767007, 0.3142555610807174
flux1:, 1.3434712562379663, 0.4909487228022014, 0.5082961208807731
flux1:, 1.34445361310857, 0.2889360320299045, 0.28338743358573126
flux1:, 1.345435969979174, 0.38371457044634766, 0.4033489677252691
flux1:, 1.346418326849778, 1.1317565744695959, 1.1415308002291549
flux1:, 1.347400683720382, 0.8430224626905515, 0.7803645113375781
flux1:, 1.348383040590986, 0.7080032573459046, 0.6813232148656083
flux1:, 1.34936539746159, 6.895594346717712, 6.9003753253832985
flux1:, 1.3503477543321938, 19.453816494037238, 19.216236237186077
flux1:, 1.3513301112027978, 26.19783104590902, 25.835436888201865
flux1:, 1.3523124680734018, 18.725693146122683, 18.824035549941023
flux1:, 1.3532948249440058, 6.043350402046347, 6.580701692819186
flux1:, 1.3542771818146098, 0.7226832187788055, 1.038796647133839
flux1:, 1.3552595386852135, 1.7153118688701097, 1.7635487183912575
flux1:, 1.3562418955558175, 1.783243043164501, 2.026124765054021
flux1:, 1.3572242524264215, 0.6007106046870416, 0.9118010135539493
flux1:, 1.3582066092970255, 0.7729736208908243, 0.8592971804143513
flux1:, 1.3591889661676295, 1.1480365911916102, 1.297296723975615
flux1:, 1.3601713230382333, 0.6488305165168702, 0.9740645062535371
flux1:, 1.3611536799088373, 0.5755305928488009, 0.7352956466009136
flux1:, 1.3621360367794413, 0.934282387299139, 1.0313793907282762
flux1:, 1.3631183936500453, 0.7268735060994754, 1.050429712357663
flux1:, 1.3641007505206493, 0.5477592620770768, 0.8111299209522997
flux1:, 1.365083107391253, 0.8403756860314995, 0.9242807341798952
flux1:, 1.366065464261857, 0.8146637286515701, 1.1085265626402203
flux1:, 1.367047821132461, 0.5913146953004952, 0.9768564876052004
flux1:, 1.368030178003065, 0.7969860284226097, 0.925935647374841
flux1:, 1.369012534873669, 0.9042948966440187, 1.1424588268195097
flux1:, 1.3699948917442728, 0.679323827328909, 1.1858670675560066
flux1:, 1.3709772486148768, 0.7824878483493368, 1.0404775376281516
flux1:, 1.3719596054854808, 0.9894430476304767, 1.1664085772959223
flux1:, 1.3729419623560848, 0.8019001473504013, 1.4037311059732562
flux1:, 1.3739243192266888, 0.7904402234653033, 1.2912199628016752
flux1:, 1.3749066760972926, 1.0626732661149483, 1.221079848812536
flux1:, 1.3758890329678966, 0.9526460575528675, 1.6025227424846489
flux1:, 1.3768713898385005, 0.8232637901122027, 1.7281349131638841
flux1:, 1.3778537467091045, 1.1159814995115744, 1.401866464320661
flux1:, 1.3788361035797085, 1.1200770054524967, 1.7684006621263488
flux1:, 1.3798184604503125, 0.9143306797719962, 2.5383904005982783
flux1:, 1.3808008173209163, 1.1904353657342228, 2.062339013056679
flux1:, 1.3817831741915203, 1.2576699913131908, 1.936343300913928
flux1:, 1.3827655310621243, 1.7448465605418897, 5.5662347993832
flux1:, 1.3837478879327283, 5.6135202834912805, 10.619935751097387
flux1:, 1.3847302448033323, 11.28979038265856, 10.787952503342849
flux1:, 1.3857126016739363, 11.944490278725297, 6.0102727633013355
flux1:, 1.38669495854454, 6.583266346494302, 2.278510198778742
flux1:, 1.387677315415144, 2.3716192544311987, 1.7575294353704303
flux1:, 1.388659672285748, 2.6368510133290983, 1.7743783519763605
flux1:, 1.389642029156352, 3.3516378327315723, 1.4978786794803132
flux1:, 1.390624386026956, 2.5370567485176103, 1.8948084713766498
flux1:, 1.3916067428975598, 2.3838265759669444, 2.231973178502545
flux1:, 1.3925890997681638, 2.999095440598674, 1.9523503844938284
flux1:, 1.3935714566387678, 2.8360533701979107, 2.0885503568020183
flux1:, 1.3945538135093718, 2.5816673372142223, 2.583810147374199
flux1:, 1.3955361703799758, 3.0198589112799343, 2.4995075676869267
flux1:, 1.3965185272505796, 3.1694950959929393, 2.4004840716295686
flux1:, 1.3975008841211836, 2.9364446881109263, 2.862242827675719
flux1:, 1.3984832409917876, 3.1910367492134086, 3.0384139343498844
flux1:, 1.3994655978623916, 3.5102620887042204, 2.8437553250238103
flux1:, 1.4004479547329955, 3.3770820285321146, 3.130435779820558
flux1:, 1.4014303116035993, 3.464801884058923, 3.5148757716975654
flux1:, 1.4024126684742033, 3.8428290384773627, 3.3867777371620535
flux1:, 1.4033950253448073, 3.855855852744727, 3.4463919140064214
flux1:, 1.4043773822154113, 3.82077020724455, 3.9006374200089944
flux1:, 1.4053597390860153, 4.157146764949903, 3.9568412068006715
flux1:, 1.406342095956619, 4.321052657290075, 3.841236109829726
flux1:, 1.407324452827223, 4.231620197272835, 4.199110941327607
flux1:, 1.408306809697827, 4.447098255895625, 4.459131161902823
flux1:, 1.409289166568431, 4.717271697544576, 4.296603566723358
flux1:, 1.410271523439035, 4.65003949744986, 4.438984936214522
flux1:, 1.4112538803096388, 4.707357706774213, 4.81040937028218
flux1:, 1.4122362371802428, 4.99747243997133, 4.738636744217425
flux1:, 1.4132185940508468, 5.009996382885188, 4.651365806260743
flux1:, 1.4142009509214508, 4.928162640180316, 4.9738920911238145
flux1:, 1.4151833077920548, 5.138901021131184, 5.06292946655959
flux1:, 1.4161656646626586, 5.243866081472669, 4.841631047735458
flux1:, 1.4171480215332626, 5.091372425494379, 4.973712147023712
flux1:, 1.4181303784038666, 5.15218038049823, 5.18553211882419
flux1:, 1.4191127352744706, 5.309520938266315, 4.977442459693913
flux1:, 1.4200950921450746, 5.172919026822843, 4.87559499176403
flux1:, 1.4210774490156786, 5.0749945701214365, 5.090146728358734
flux1:, 1.4220598058862823, 5.211263934049106, 5.006805110736875
flux1:, 1.4230421627568863, 5.1532770034640345, 4.745262910322672
flux1:, 1.4240245196274903, 4.952655246952382, 4.837273617089946
flux1:, 1.4250068764980943, 4.999289566826207, 4.895586895719081
flux1:, 1.4259892333686983, 5.0306661890268, 4.6151239712943655
flux1:, 1.4269715902393023, 4.818572270769437, 4.529036935957627
flux1:, 1.427953947109906, 4.747304363817059, 4.656305587746818
flux1:, 1.42893630398051, 4.828329029556735, 4.4812221096443565
flux1:, 1.429918660851114, 4.686899368086082, 4.257296480076567
flux1:, 1.430901017721718, 4.522955824666078, 4.348219940376912
flux1:, 1.431883374592322, 4.59101842922456, 4.325847902017447
flux1:, 1.4328657314629258, 4.558945909843765, 4.06921376119083
flux1:, 1.4338480883335298, 4.3673134805528315, 4.051989473187741
flux1:, 1.4348304452041338, 4.372597844462056, 4.1442934245959915
flux1:, 1.4358128020747378, 4.435684471572225, 3.9643484898527106
flux1:, 1.4367951589453418, 4.2903015580718815, 3.8371415564624587
flux1:, 1.4377775158159456, 4.220706443308099, 3.9577566243388116
flux1:, 1.4387598726865496, 4.327315250950089, 3.915167374111583
flux1:, 1.4397422295571536, 4.279306510799129, 3.7395609854048866
flux1:, 1.4407245864277576, 4.16447201395511, 3.807836828901173
flux1:, 1.4417069432983616, 4.254976174536332, 3.8938421402499217
flux1:, 1.4426893001689653, 4.3137463919772, 3.7566807747839204
flux1:, 1.4436716570395693, 4.209095979017772, 3.738985586483494
flux1:, 1.4446540139101733, 4.244696034013106, 3.891022596886907
flux1:, 1.4456363707807773, 4.3784298648618005, 3.858622587526061
flux1:, 1.4466187276513813, 4.338431408496394, 3.779468283440507
flux1:, 1.447601084521985, 4.31716644445595, 3.919893443173982
flux1:, 1.448583441392589, 4.470730135237776, 4.007709399993312
flux1:, 1.449565798263193, 4.524059303216937, 3.9300766155636473
flux1:, 1.450548155133797, 4.478363798195408, 4.006526169735461
flux1:, 1.451530512004401, 4.599648500923012, 4.176867921540721
flux1:, 1.4525128688750049, 4.737204345668848, 4.165233202864987
flux1:, 1.4534952257456089, 4.715516584470204, 4.173199257444531
flux1:, 1.4544775826162128, 4.778152262086244, 4.3590974028735365
flux1:, 1.4554599394868168, 4.958755487150123, 4.4452207537582575
flux1:, 1.4564422963574208, 5.000563817981151, 4.423770218961545
flux1:, 1.4574246532280246, 5.012962775719737, 4.564765768049986
flux1:, 1.4584070100986286, 5.1833809494945235, 4.733162506326022
flux1:, 1.4593893669692326, 5.2998026876220505, 4.738578529600439
flux1:, 1.4603717238398366, 5.297101520343088, 4.809425939149922
flux1:, 1.4613540807104406, 5.416365232161882, 5.008306832894018
flux1:, 1.4623364375810444, 5.585355244177533, 5.081210859626794
flux1:, 1.4633187944516486, 5.6091314316550145, 5.099463659836257
flux1:, 1.4643011513222524, 5.6653198501147015, 5.2693869764118855
flux1:, 1.4652835081928564, 5.8430947159724225, 5.413127792281705
flux1:, 1.4662658650634603, 5.919539732011508, 5.423628295565361
flux1:, 1.4672482219340643, 5.931444569443874, 5.527368847505231
flux1:, 1.4682305788046683, 6.073530448099936, 5.708093000364671
flux1:, 1.4692129356752721, 6.200906876726724, 5.754761147959601
flux1:, 1.470195292545876, 6.204976532578463, 5.792618439563354
flux1:, 1.47117764941648, 6.285886100764275, 5.958943375579138
flux1:, 1.472160006287084, 6.436616714843424, 6.060035763035328
flux1:, 1.473142363157688, 6.466856090859385, 6.064016380658762
flux1:, 1.4741247200282919, 6.488991832614142, 6.173962374178159
flux1:, 1.4751070768988959, 6.623935165247288, 6.313438584522832
flux1:, 1.4760894337694999, 6.695117053983097, 6.325575143328418
flux1:, 1.4770717906401039, 6.68372261790636, 6.365865210886378
flux1:, 1.4780541475107078, 6.770462336665217, 6.5036007801328175
flux1:, 1.4790365043813116, 6.872182164158232, 6.551344213558806
flux1:, 1.4800188612519156, 6.860222225488954, 6.5398032929105945
flux1:, 1.4810012181225196, 6.886236356564828, 6.633276207928032
flux1:, 1.4819835749931236, 6.989225195743816, 6.714921196570897
flux1:, 1.4829659318637276, 7.000300372946594, 6.686427145493221
flux1:, 1.4839482887343314, 6.9754369171708515, 6.711461340155329
flux1:, 1.4849306456049354, 7.045673089046227, 6.798059342927431
flux1:, 1.4859130024755394, 7.082913189514705, 6.782849187075386
flux1:, 1.4868953593461434, 7.031235516413201, 6.742803839003409
flux1:, 1.4878777162167474, 7.044489241514903, 6.7941143429357975
flux1:, 1.4888600730873511, 7.089680501882237, 6.80041043198065
flux1:, 1.4898424299579551, 7.035544412568282, 6.720098229271345
flux1:, 1.4908247868285591, 6.985845360529953, 6.705297943016894
flux1:, 1.4918071436991631, 7.008123592943474, 6.715279025391656
flux1:, 1.4927895005697671, 6.96338885030323, 6.624157664818467
flux1:, 1.4937718574403709, 6.862488780200685, 6.536200731163131
flux1:, 1.4947542143109749, 6.832092681334233, 6.516964729844988
flux1:, 1.4957365711815789, 6.790319216209889, 6.431773480979634
flux1:, 1.4967189280521829, 6.65953631193369, 6.288180791581329
flux1:, 1.4977012849227869, 6.5606085928025255, 6.21098677803482
flux1:, 1.4986836417933906, 6.5008359518204335, 6.127986532100316
flux1:, 1.4996659986639946, 6.359855840682673, 5.958738187781141
flux1:, 1.5006483555345986, 6.1969824235651325, 5.815000703062
flux1:, 1.5016307124052026, 6.0954119675665615, 5.715778375601098
flux1:, 1.5026130692758066, 5.953682040027111, 5.5466563304417305
flux1:, 1.5035954261464104, 5.749251345484398, 5.351553412471408
flux1:, 1.5045777830170146, 5.59298334745294, 5.2174846129807255
flux1:, 1.5055601398876184, 5.4479527734703606, 5.059347551130068
flux1:, 1.5065424967582224, 5.231518108544637, 4.842486044902368
flux1:, 1.5075248536288264, 5.026623407047462, 4.667819371044978
flux1:, 1.5085072104994304, 4.869342155223669, 4.51697523703552
flux1:, 1.5094895673700344, 4.664839445200101, 4.307637367862631
flux1:, 1.5104719242406381, 4.43407543596894, 4.103522015909951
flux1:, 1.5114542811112421, 4.25815188274571, 3.9502477636182163
flux1:, 1.5124366379818461, 4.076244504284769, 3.766247538503543
flux1:, 1.5134189948524501, 3.848489006025815, 3.555041715292142
flux1:, 1.5144013517230541, 3.656471253679395, 3.3931108577407154
flux1:, 1.515383708593658, 3.495312769800016, 3.2378562021556725
flux1:, 1.516366065464262, 3.2937092181639778, 3.0427825605865326
flux1:, 1.5173484223348659, 3.09736893125777, 2.8744178128133417
flux1:, 1.5183307792054699, 2.949231990391937, 2.7411816018099797
flux1:, 1.5193131360760739, 2.784367845886728, 2.5775717995488923
flux1:, 1.5202954929466777, 2.5997821803219665, 2.412475227390772
flux1:, 1.5212778498172816, 2.4582957543102912, 2.2916682077168424
flux1:, 1.5222602066878856, 2.3283236189921013, 2.163471213286874
flux1:, 1.5232425635584896, 2.1693918699054127, 2.0140309462508887
flux1:, 1.5242249204290936, 2.033504507948658, 1.89921763625776
flux1:, 1.5252072772996974, 1.9290842279740859, 1.8008559301088354
flux1:, 1.5261896341703014, 1.80292822206873, 1.6768096935526
flux1:, 1.5271719910409054, 1.6767331613488607, 1.5671956569247436
flux1:, 1.5281543479115094, 1.5872067943229882, 1.4884667970916123
flux1:, 1.5291367047821134, 1.4930142870282166, 1.3935434185388578
flux1:, 1.5301190616527172, 1.3828429686485837, 1.2929745175574365
flux1:, 1.5311014185233212, 1.3007989241902385, 1.2241817582551302
flux1:, 1.5320837753939252, 1.2317445251325172, 1.1556540995151134
flux1:, 1.5330661322645291, 1.1426689124542941, 1.0696247086127715
flux1:, 1.5340484891351331, 1.0656758410823062, 1.0049436326956316
flux1:, 1.535030846005737, 1.012461550340991, 0.955612318970232
flux1:, 1.536013202876341, 0.9459109395681066, 0.8881108682957036
flux1:, 1.536995559746945, 0.8756648361853284, 0.8264676807088414
flux1:, 1.537977916617549, 0.830029722151876, 0.787811373913171
flux1:, 1.538960273488153, 0.7832861402987145, 0.739361228518906
flux1:, 1.5399426303587567, 0.7232759474129503, 0.6831993271545911
flux1:, 1.5409249872293607, 0.6802583305944209, 0.648322162062232
flux1:, 1.5419073440999647, 0.647665831722761, 0.6157653981164489
flux1:, 1.5428897009705687, 0.6006782903670066, 0.5687101378754341
flux1:, 1.5438720578411727, 0.559133922336953, 0.5340885007893489
flux1:, 1.5448544147117764, 0.534234461538066, 0.5118801995700677
flux1:, 1.5458367715823806, 0.5007318740743556, 0.47645227739996093
flux1:, 1.5468191284529844, 0.4623310749123228, 0.442100906499866
flux1:, 1.5478014853235884, 0.43994155801505186, 0.4243600519839878
flux1:, 1.5487838421941924, 0.4177719227086448, 0.40061730959250613
flux1:, 1.5497661990647964, 0.3851954329462351, 0.3689214688683586
flux1:, 1.5507485559354004, 0.3626448416288035, 0.35132812413439346
flux1:, 1.5517309128060042, 0.3479281705029373, 0.3367979462663725
flux1:, 1.5527132696766082, 0.323128791404884, 0.31069748586527957
flux1:, 1.5536956265472122, 0.30033856286344296, 0.29152630198865837
flux1:, 1.5546779834178162, 0.2889375739749628, 0.28223257601964735
flux1:, 1.5556603402884202, 0.2721326340863299, 0.26357116493567945
flux1:, 1.556642697159024, 0.2507328383808598, 0.24359014571726106
flux1:, 1.557625054029628, 0.23959441076351853, 0.235580827777231
flux1:, 1.558607410900232, 0.2292315497019914, 0.22423904598962885
flux1:, 1.559589767770836, 0.21125229743926605, 0.2056874949747418
flux1:, 1.56057212464144, 0.19909578592515612, 0.19636033317884333
flux1:, 1.5615544815120437, 0.19259229004848558, 0.19038413357589007
flux1:, 1.5625368383826477, 0.17933591790797396, 0.17557888310218908
flux1:, 1.5635191952532517, 0.1665363780364136, 0.1642909447679042
flux1:, 1.5645015521238557, 0.16131603691410937, 0.16079321801729873
flux1:, 1.5654839089944597, 0.15281850418951815, 0.15097993990649994
flux1:, 1.5664662658650634, 0.14069852324660242, 0.13879824780407554
flux1:, 1.5674486227356674, 0.13502829647120657, 0.1351308766438208
flux1:, 1.5684309796062714, 0.13018768384530155, 0.13000255850519082
flux1:, 1.5694133364768754, 0.12013312707718908, 0.11882972081537327
flux1:, 1.5703956933474794, 0.11345691540794614, 0.11349241718242782
flux1:, 1.5713780502180832, 0.11061200741464389, 0.11145651632493755
flux1:, 1.5723604070886872, 0.10340731390230579, 0.10298780266543829
flux1:, 1.5733427639592912, 0.0961570609464471, 0.09593580401143148
flux1:, 1.5743251208298952, 0.0937632842029435, 0.09488975179762953
flux1:, 1.5753074777004992, 0.08935546340926522, 0.08985564511902785
flux1:, 1.576289834571103, 0.08244531667715384, 0.0821740517367707
flux1:, 1.577272191441707, 0.07954428009760825, 0.08037749721413105
flux1:, 1.578254548312311, 0.07721188477267692, 0.07833325755650886
flux1:, 1.579236905182915, 0.07150112772909831, 0.0715158992078616
flux1:, 1.580219262053519, 0.06784976483326276, 0.0681774926141403
flux1:, 1.5812016189241227, 0.06659146129291238, 0.06783155572935641
flux1:, 1.5821839757947267, 0.06253476107081815, 0.06302838327546165
flux1:, 1.5831663326653307, 0.058440882468763986, 0.058407473531510316
flux1:, 1.5841486895359347, 0.05736304663027446, 0.05825701979606739
flux1:, 1.5851310464065387, 0.054923372945184595, 0.05580762732774775
flux1:, 1.5861134032771425, 0.05094070347257332, 0.05086858753160078
flux1:, 1.5870957601477467, 0.04949556506395446, 0.04982108260638791
flux1:, 1.5880781170183504, 0.04826489944201563, 0.04921993841910044
flux1:, 1.5890604738889544, 0.04490503354402305, 0.045059363642993865
flux1:, 1.5900428307595584, 0.042941867148811784, 0.0427775548955733
flux1:, 1.5910251876301624, 0.0423541819790115, 0.04300989855363616
flux1:, 1.5920075445007664, 0.03990884534282567, 0.04033817403522575
flux1:, 1.5929899013713702, 0.03758491004620889, 0.03720765851641507
flux1:, 1.5939722582419742, 0.03711712712170678, 0.03724613686045544
flux1:, 1.5949546151125782, 0.03560881829168968, 0.03613554681189705
flux1:, 1.5959369719831822, 0.033236224413405485, 0.03293470796260533
flux1:, 1.5969193288537862, 0.03253865342769869, 0.032151804681901944
flux1:, 1.59790168572439, 0.031770361380737036, 0.03211107126692484
flux1:, 1.598884042594994, 0.029664339673831433, 0.02958097064956014
flux1:, 1.599866399465598, 0.02860492860926171, 0.027912132089743025
flux1:, 1.600848756336202, 0.02826371127626984, 0.028191891106039587
flux1:, 1.601831113206806, 0.026634575771855597, 0.026713104492625383
flux1:, 1.6028134700774097, 0.025268407082020588, 0.024547559065562805
flux1:, 1.6037958269480137, 0.025037690627167868, 0.024495852945521524
flux1:, 1.6047781838186177, 0.023946459096475716, 0.023991535085242717
flux1:, 1.6057605406892217, 0.022439087883005377, 0.021894954919133944
flux1:, 1.6067428975598257, 0.022082132045771218, 0.021196201010359073
flux1:, 1.6077252544304295, 0.02145676128120152, 0.021254571697189414
flux1:, 1.6087076113010335, 0.01999937937728902, 0.019681134526350716
flux1:, 1.6096899681716375, 0.019394104426306836, 0.018400449869144034
flux1:, 1.6106723250422414, 0.019081615073217754, 0.01851384256188249
flux1:, 1.6116546819128454, 0.017830414202537528, 0.01763453410757348
flux1:, 1.6126370387834492, 0.0169613853147928, 0.01609340828904715
flux1:, 1.6136193956540532, 0.016783051847334127, 0.01588380013235053
flux1:, 1.6146017525246572, 0.015833260710655484, 0.015576985611851111
flux1:, 1.6155841093952612, 0.014764770749401088, 0.014153726498614877
flux1:, 1.6165664662658652, 0.014554364442222028, 0.013491845228511937
flux1:, 1.617548823136469, 0.013936141153205316, 0.013460577648817702
flux1:, 1.618531180007073, 0.012787107297192868, 0.012418533970519544
flux1:, 1.619513536877677, 0.012414880074735238, 0.01141222666488654
flux1:, 1.620495893748281, 0.012092852878848195, 0.011346750863838692
flux1:, 1.621478250618885, 0.011014537093752453, 0.010755418503206157
flux1:, 1.6224606074894887, 0.010410429736498215, 0.009645031586858574
flux1:, 1.6234429643600927, 0.010284094412659893, 0.009349914216408201
flux1:, 1.6244253212306967, 0.009427289840078528, 0.00910710611954732
flux1:, 1.6254076781013007, 0.008605541772134557, 0.008135585292707413
flux1:, 1.6263900349719047, 0.008525359576344108, 0.007577213033661876
flux1:, 1.6273723918425085, 0.007991785446247936, 0.00749470472727416
flux1:, 1.6283547487131127, 0.007059382304891049, 0.0068123850012766435
flux1:, 1.6293371055837165, 0.006871158462746589, 0.00608916855447669
flux1:, 1.6303194624543205, 0.006667301563062331, 0.0059880863590678745
flux1:, 1.6313018193249245, 0.005795177815342354, 0.0056199517986581324
flux1:, 1.6322841761955285, 0.005401803448966344, 0.004889671043269037
flux1:, 1.6332665330661325, 0.005426623006660904, 0.004664827367702608
flux1:, 1.6342488899367362, 0.004784179552071955, 0.004533816916127854
flux1:, 1.6352312468073402, 0.0041917059134374685, 0.003939005763857238
flux1:, 1.6362136036779442, 0.004275036761644935, 0.003577558233562836
flux1:, 1.6371959605485482, 0.0039573705757379165, 0.0035580143889417945
flux1:, 1.6381783174191522, 0.0032749045549202286, 0.00317712586529353
flux1:, 1.639160674289756, 0.003251264250726394, 0.0027390322503372784
flux1:, 1.64014303116036, 0.003238287927109745, 0.00271259580439134
flux1:, 1.641125388030964, 0.0026280331202161453, 0.0025460057474832663
flux1:, 1.642107744901568, 0.0024074778648893874, 0.0021239744099199654
flux1:, 1.643090101772172, 0.002576515710281769, 0.002018728774340017
flux1:, 1.6440724586427757, 0.0021798026301092974, 0.0020045993592109758
flux1:, 1.6450548155133797, 0.001780250277903399, 0.0016818648073763035
flux1:, 1.6460371723839837, 0.0019636333002355337, 0.0014863923974100747
flux1:, 1.6470195292545877, 0.0018403531081143812, 0.0015341896946015022
flux1:, 1.6480018861251917, 0.001368889541160924, 0.0013541355002798777
flux1:, 1.6489842429957955, 0.0014261085701078328, 0.0011073601672004212
flux1:, 1.6499665998663995, 0.0015345272925714921, 0.0011346764033988528
flux1:, 1.6509489567370035, 0.001131490339927135, 0.0010902044790341962
flux1:, 1.6519313136076075, 0.001002443894251979, 0.0008549556738606292
flux1:, 1.6529136704782115, 0.001224296174946716, 0.0008147918862619127
flux1:, 1.6538960273488152, 0.0009989779965357392, 0.0008580927932948133
flux1:, 1.6548783842194192, 0.0007176960098350074, 0.0006903483099966208
flux1:, 1.6558607410900232, 0.0009128943851229605, 0.0005806842483847638
flux1:, 1.6568430979606272, 0.000899381802387211, 0.0006471248970613747
flux1:, 1.6578254548312312, 0.0005671203535778654, 0.0005730955333670055
flux1:, 1.658807811701835, 0.000631882311434827, 0.000427629243057733
flux1:, 1.659790168572439, 0.0007814374357481405, 0.0004628081826870111
flux1:, 1.660772525443043, 0.0005149722459439139, 0.0004719005722886569
flux1:, 1.661754882313647, 0.0004187295535914881, 0.0003381280716357317
flux1:, 1.662737239184251, 0.0006280776483541993, 0.0003167606448584049
flux1:, 1.6637195960548548, 0.0005075457651758954, 0.0003712640994216043
flux1:, 1.6647019529254587, 0.0002952438226824357, 0.0002867117973381688
flux1:, 1.6656843097960627, 0.00045511705949740516, 0.00021641441089141262
flux1:, 1.6666666666666667, 0.0004936798317854574, 0.0002714313123205213
