flux1:, 1.1764705882352942, 0.0001886991212218184, 0.00040443261010082005
flux1:, 1.1774529451058982, 2.251014138907815e-05, 0.0009739514471409005
flux1:, 1.1784353019765021, 8.779265931474091e-05, 0.0003806303749862493
flux1:, 1.179417658847106, 0.00026951356361653396, 0.0001553302351255764
flux1:, 1.18040001571771, 0.00011075807470203438, 0.0009902916748390771
flux1:, 1.181382372588314, 4.1421515140671584e-05, 0.0007822179080472237
flux1:, 1.182364729458918, 0.00031624330574878346, 4.081258205510102e-05
flux1:, 1.183347086329522, 0.0002758444417494652, 0.000759345380284604
flux1:, 1.1843294432001257, 4.057585099823183e-05, 0.0011915017961493981
flux1:, 1.1853118000707297, 0.0002965532313660183, 0.00021212545598756698
flux1:, 1.1862941569413337, 0.0004826665553209965, 0.0003725098697817875
flux1:, 1.1872765138119377, 0.0001549724091372648, 0.0013757987916822477
flux1:, 1.1882588706825417, 0.00022243127389069746, 0.0006691391732237262
flux1:, 1.1892412275531457, 0.0006440423364524518, 6.788788376507296e-05
flux1:, 1.1902235844237494, 0.0004154810802461226, 0.0012013318108919828
flux1:, 1.1912059412943534, 0.00017695565040706644, 0.0012021339493368446
flux1:, 1.1921882981649574, 0.0006767244057771149, 6.379320291764507e-05
flux1:, 1.1931706550355614, 0.0007615598228111664, 0.0007701559010121243
flux1:, 1.1941530119061654, 0.0002748106139190509, 0.0015400374069993305
flux1:, 1.1951353687767692, 0.0005841329247223777, 0.0003771485968682274
flux1:, 1.1961177256473732, 0.0010652487125466345, 0.0003353698945516454
flux1:, 1.1971000825179772, 0.0005795825572767121, 0.001569642098457312
flux1:, 1.1980824393885812, 0.0004768365896499595, 0.0008497074883436833
flux1:, 1.1990647962591852, 0.0012177946594364275, 8.773435488314309e-05
flux1:, 1.200047153129789, 0.0010600431811036916, 0.0013747857663351777
flux1:, 1.201029510000393, 0.0005182172596518283, 0.0013378703793042808
flux1:, 1.202011866870997, 0.001197050049367118, 7.021069844905355e-05
flux1:, 1.202994223741601, 0.001604323803151388, 0.0010915590318122605
flux1:, 1.203976580612205, 0.0008547919941846103, 0.0018467564843134376
flux1:, 1.2049589374828087, 0.0010873275645587484, 0.0003018531348432346
flux1:, 1.2059412943534127, 0.0020431209433687306, 0.000762339861028618
flux1:, 1.2069236512240167, 0.0015382841989497204, 0.0024726820983970877
flux1:, 1.2079060080946207, 0.0010698853148918327, 0.0010187167511829538
flux1:, 1.2088883649652247, 0.0021595408327186034, 0.00038583991453949737
flux1:, 1.2098707218358287, 0.0023558984307873146, 0.003073007987561997
flux1:, 1.2108530787064324, 0.0013255019162631318, 0.0026853636104732883
flux1:, 1.2118354355770364, 0.0017940279601817886, 0.0003586245111286875
flux1:, 1.2128177924476404, 0.0026715069672700975, 0.0029322532510516926
flux1:, 1.2138001493182444, 0.0017202035264490428, 0.004946439067665338
flux1:, 1.2147825061888484, 0.0011694163993532015, 0.0016123056670881769
flux1:, 1.2157648630594522, 0.0020926858456409864, 0.0018042873899607606
flux1:, 1.2167472199300562, 0.001813180478051582, 0.005945934255223659
flux1:, 1.2177295768006602, 0.0007594533499793765, 0.00402102500399867
flux1:, 1.2187119336712642, 0.001236888232042089, 0.0010297972288128502
flux1:, 1.2196942905418682, 0.0015795667222985265, 0.004986804559759346
flux1:, 1.220676647412472, 0.0006474935319965119, 0.006204952318078086
flux1:, 1.221659004283076, 0.0006798931337590465, 0.0016551377047090844
flux1:, 1.22264136115368, 0.0013224203256140396, 0.003206882146761316
flux1:, 1.223623718024284, 0.0007047713563962009, 0.007283770568891427
flux1:, 1.224606074894888, 0.00044318474434353153, 0.0035719587978061207
flux1:, 1.2255884317654917, 0.0012133256042725653, 0.0018315653319131919
flux1:, 1.2265707886360957, 0.0009106061773134365, 0.0071252883384710225
flux1:, 1.2275531455066997, 0.00041845600772635644, 0.0062102659691900515
flux1:, 1.2285355023773037, 0.0012773681607737846, 0.0016842683626707836
flux1:, 1.2295178592479077, 0.0013564769358310057, 0.006014431023337965
flux1:, 1.2305002161185117, 0.0006157672141004508, 0.008920852738229642
flux1:, 1.2314825729891155, 0.001505033937062897, 0.0033226466349983645
flux1:, 1.2324649298597194, 0.0022046288080351715, 0.004587479608665995
flux1:, 1.2334472867303234, 0.0012640897698379117, 0.011087605925675028
flux1:, 1.2344296436009274, 0.0019796400165553105, 0.007128184369955943
flux1:, 1.2354120004715314, 0.0037079395014155683, 0.003967632782681934
flux1:, 1.2363943573421352, 0.002973985185114155, 0.012232136591641558
flux1:, 1.2373767142127392, 0.0031436756854940746, 0.013260283818951108
flux1:, 1.2383590710833432, 0.006331835628120903, 0.006102664843957576
flux1:, 1.2393414279539472, 0.007080269871956946, 0.012246310350351867
flux1:, 1.2403237848245512, 0.006466602422501754, 0.02099067453669925
flux1:, 1.241306141695155, 0.010897319232876538, 0.013890636606097911
flux1:, 1.242288498565759, 0.015417997550034892, 0.012024080147970536
flux1:, 1.243270855436363, 0.014707211221207203, 0.025284555049880118
flux1:, 1.244253212306967, 0.017008113848880364, 0.025650143627479503
flux1:, 1.245235569177571, 0.023745026570602467, 0.013477423766572828
flux1:, 1.2462179260481747, 0.023580233351345667, 0.016580230350378367
flux1:, 1.2472002829187787, 0.018768888365913644, 0.02401030788853844
flux1:, 1.2481826397893827, 0.020229201809260192, 0.014155010994289447
flux1:, 1.2491649966599867, 0.021723649855428566, 0.005960244492616646
flux1:, 1.2501473535305907, 0.015960088768536416, 0.011971900547694547
flux1:, 1.2511297104011945, 0.01295045863704862, 0.011631513774613345
flux1:, 1.2521120672717985, 0.015617913619960906, 0.0033548501240095417
flux1:, 1.2530944241424025, 0.013479794166669022, 0.004586392801319679
flux1:, 1.2540767810130065, 0.00906568997968801, 0.008332075712312285
flux1:, 1.2550591378836105, 0.010790707443434881, 0.003836630381158151
flux1:, 1.2560414947542144, 0.011775975571957274, 0.0020546785236122546
flux1:, 1.2570238516248182, 0.007842893735747737, 0.005717927464559211
flux1:, 1.2580062084954222, 0.007720732977007472, 0.004491693376479697
flux1:, 1.2589885653660262, 0.010324828304655084, 0.0019279980217478915
flux1:, 1.2599709222366302, 0.007950254241211048, 0.004190087104266308
flux1:, 1.2609532791072342, 0.006122114872959801, 0.004763066022360976
flux1:, 1.261935635977838, 0.00891896823890775, 0.0026845781452960456
flux1:, 1.262917992848442, 0.008539071193846556, 0.0037100168500211438
flux1:, 1.263900349719046, 0.005737954301940793, 0.00486159607067991
flux1:, 1.26488270658965, 0.0076313706648037756, 0.0035753920133606296
flux1:, 1.265865063460254, 0.009098205908651857, 0.004007118680400477
flux1:, 1.266847420330858, 0.006313380488352124, 0.005136148846946137
flux1:, 1.2678297772014617, 0.0066844265626099676, 0.004363258719745987
flux1:, 1.2688121340720657, 0.009364576851267261, 0.004717377045415988
flux1:, 1.2697944909426697, 0.0075419047750797785, 0.005820650589657543
flux1:, 1.2707768478132737, 0.006331724601243711, 0.005145941156375423
flux1:, 1.2717592046838777, 0.009294785679864406, 0.005525397073950531
flux1:, 1.2727415615544815, 0.00907334092034573, 0.0069375616803526
flux1:, 1.2737239184250855, 0.006760461355721021, 0.006187911879273472
flux1:, 1.2747062752956895, 0.009042355640129488, 0.0062893556795995224
flux1:, 1.2756886321662935, 0.010570863925574365, 0.008314596102695583
flux1:, 1.2766709890368975, 0.008019177325088587, 0.007746879835135338
flux1:, 1.2776533459075012, 0.008905543690681814, 0.007103942096236449
flux1:, 1.2786357027781052, 0.011791583235700976, 0.009690336381120972
flux1:, 1.2796180596487092, 0.009989415378858738, 0.009926450378090637
flux1:, 1.2806004165193132, 0.00924199700158902, 0.008272370580627082
flux1:, 1.2815827733899172, 0.012659742902757615, 0.010869985014851497
flux1:, 1.282565130260521, 0.012411364040976182, 0.012600663385616736
flux1:, 1.283547487131125, 0.010364718805923196, 0.010187308916636037
flux1:, 1.284529844001729, 0.013303697393995428, 0.011872698414500032
flux1:, 1.285512200872333, 0.014960620998134612, 0.015443996449080184
flux1:, 1.286494557742937, 0.012446624439121102, 0.013156268562046375
flux1:, 1.2874769146135407, 0.01403755667141986, 0.013007302526108055
flux1:, 1.2884592714841447, 0.01735703796813584, 0.01806826041973082
flux1:, 1.2894416283547487, 0.015464167895436321, 0.01723584756220549
flux1:, 1.2904239852253527, 0.015285141073211413, 0.014830936897101464
flux1:, 1.2914063420959567, 0.019473638995368435, 0.020226445788874396
flux1:, 1.2923886989665605, 0.019202808350428174, 0.022148453265139034
flux1:, 1.2933710558371645, 0.017463571629297528, 0.017984293122416957
flux1:, 1.2943534127077685, 0.021409253356419165, 0.022008363761246257
flux1:, 1.2953357695783725, 0.023329871156296575, 0.027336776991724553
flux1:, 1.2963181264489765, 0.020860393182253297, 0.022947618564046833
flux1:, 1.2973004833195805, 0.023495941321605953, 0.02393996779221907
flux1:, 1.2982828401901843, 0.027518272102817865, 0.03216570993491887
flux1:, 1.2992651970607882, 0.025545265533597084, 0.029805450241075324
flux1:, 1.3002475539313922, 0.02623089074582694, 0.026918512092077313
flux1:, 1.3012299108019962, 0.03158475048837038, 0.03622098335950435
flux1:, 1.3022122676726002, 0.031350990000672437, 0.03812587595367954
flux1:, 1.303194624543204, 0.030147663553646783, 0.03196940923915182
flux1:, 1.304176981413808, 0.03559638985511143, 0.039599771069691495
flux1:, 1.305159338284412, 0.03793897219954562, 0.04703757046660602
flux1:, 1.306141695155016, 0.035665212723196095, 0.0398835832428955
flux1:, 1.30712405202562, 0.03990411879782181, 0.043065134298589366
flux1:, 1.308106408896224, 0.04493572101996869, 0.05552436689201478
flux1:, 1.3090887657668278, 0.042966343448154774, 0.050861164969465536
flux1:, 1.3100711226374318, 0.04508342955914878, 0.047961795011819845
flux1:, 1.3110534795080357, 0.052099988319372174, 0.06286789005042612
flux1:, 1.3120358363786397, 0.05195366452882132, 0.06431634782812336
flux1:, 1.3130181932492437, 0.05179373321737351, 0.05586705912689715
flux1:, 1.3140005501198475, 0.05946251961909795, 0.06908858477563162
flux1:, 1.3149829069904515, 0.06230829848208087, 0.07897035127007472
flux1:, 1.3159652638610555, 0.06060085348028653, 0.068057659829302
flux1:, 1.3169476207316595, 0.06738392133819736, 0.07519600800879783
flux1:, 1.3179299776022635, 0.07364113008401311, 0.09326725790757152
flux1:, 1.3189123344728673, 0.07182771499105313, 0.08497397191714459
flux1:, 1.3198946913434713, 0.07650030189434619, 0.08309403853081695
flux1:, 1.3208770482140753, 0.08568852188344186, 0.10601808449674033
flux1:, 1.3218594050846793, 0.08549779392638358, 0.10591118623511714
flux1:, 1.3228417619552832, 0.08756792203031195, 0.09509615831050833
flux1:, 1.323824118825887, 0.09847896056253638, 0.11705554247531764
flux1:, 1.324806475696491, 0.10141009406458419, 0.12912906584027847
flux1:, 1.325788832567095, 0.10126444315374847, 0.11316506268295787
flux1:, 1.326771189437699, 0.11239605585363574, 0.12762124194773852
flux1:, 1.327753546308303, 0.11933833482883442, 0.1524416263791886
flux1:, 1.3287359031789068, 0.11804039522331351, 0.1381450447444572
flux1:, 1.3297182600495108, 0.12809258936242746, 0.14025062882299008
flux1:, 1.3307006169201148, 0.13929469654647447, 0.17415725404489837
flux1:, 1.3316829737907188, 0.13812973812731552, 0.1693427237751558
flux1:, 1.3326653306613228, 0.14626739584776263, 0.15807924445419252
flux1:, 1.3336476875319265, 0.16175631203333088, 0.194051348963697
flux1:, 1.3346300444025305, 0.16182283615811854, 0.2047873575657451
flux1:, 1.3356124012731345, 0.16739489923312384, 0.18373814907112287
flux1:, 1.3365947581437385, 0.1877355000975287, 0.2139417948996997
flux1:, 1.3375771150143425, 0.190103519765605, 0.2423720748632715
flux1:, 1.3385594718849465, 0.19160187425548877, 0.21828722224807956
flux1:, 1.3395418287555503, 0.21858718698292398, 0.23745749903283458
flux1:, 1.3405241856261543, 0.2258318418407444, 0.28193667524781163
flux1:, 1.3415065424967583, 0.21909076706225772, 0.26095111759799916
flux1:, 1.3424888993673623, 0.2554784024939485, 0.2687415085880587
flux1:, 1.3434712562379663, 0.27606503022081985, 0.32848856914500263
flux1:, 1.34445361310857, 0.2521870674270108, 0.311081576146192
flux1:, 1.345435969979174, 0.29847163856248277, 0.31003136070545273
flux1:, 1.346418326849778, 0.35789210191515025, 0.39818989690336304
flux1:, 1.347400683720382, 0.3032482428931437, 0.3767384579576434
flux1:, 1.348383040590986, 0.3452366919128521, 0.35814082249017437
flux1:, 1.34936539746159, 0.5193043000126544, 0.5369803711258626
flux1:, 1.3503477543321938, 0.43273379065243245, 0.5139428502452079
flux1:, 1.3513301112027978, 0.39086860981412036, 0.40030428439254356
flux1:, 1.3523124680734018, 0.9573667569997166, 0.9268336651219864
flux1:, 1.3532948249440058, 1.0574383804396612, 1.135623726679435
flux1:, 1.3542771818146098, 0.4717298435710301, 0.4417670376093833
flux1:, 1.3552595386852135, 3.7072082834131415, 3.4636650910314626
flux1:, 1.3562418955558175, 14.015070130035618, 14.106068774243242
flux1:, 1.3572242524264215, 23.949130758886607, 24.61797989303765
flux1:, 1.3582066092970255, 22.29731876076441, 22.920448567843973
flux1:, 1.3591889661676295, 10.747234147468319, 11.028455142869879
flux1:, 1.3601713230382333, 1.959349283748429, 2.303140700705367
flux1:, 1.3611536799088373, 1.1923622761185555, 1.6066496133825392
flux1:, 1.3621360367794413, 2.3540656949768315, 2.554146940657468
flux1:, 1.3631183936500453, 1.3837372522184521, 1.6075204562987797
flux1:, 1.3641007505206493, 0.7219889523440148, 1.1173649913495964
flux1:, 1.365083107391253, 1.3472462050058571, 1.5902885308217585
flux1:, 1.366065464261857, 1.3003763959069534, 1.4790744010347565
flux1:, 1.367047821132461, 0.7634653965761208, 1.1762270890810342
flux1:, 1.368030178003065, 1.02901657256835, 1.3741802081172048
flux1:, 1.369012534873669, 1.2861746106398577, 1.4502159391825742
flux1:, 1.3699948917442728, 0.9122426590205435, 1.3353791918267117
flux1:, 1.3709772486148768, 0.9149900995128147, 1.427641575291403
flux1:, 1.3719596054854808, 1.2748866306620958, 1.4823932180251058
flux1:, 1.3729419623560848, 1.1001387505483162, 1.5101085222374828
flux1:, 1.3739243192266888, 0.9121078296218204, 1.677415396833416
flux1:, 1.3749066760972926, 1.24440643298924, 1.6307434915691275
flux1:, 1.3758890329678966, 1.2939003507185687, 1.6741147648699495
flux1:, 1.3768713898385005, 1.0246597781590183, 2.2082919829269154
flux1:, 1.3778537467091045, 1.2142325272176795, 2.163795023119973
flux1:, 1.3788361035797085, 1.435065596291692, 1.8548719112450314
flux1:, 1.3798184604503125, 1.7707969555757994, 4.20069715256845
flux1:, 1.3808008173209163, 4.083297042848271, 8.547591969292325
flux1:, 1.3817831741915203, 7.737919719227851, 9.410917368835532
flux1:, 1.3827655310621243, 8.528248057556903, 5.520281899731696
flux1:, 1.3837478879327283, 5.350056953891753, 2.0920685313696863
flux1:, 1.3847302448033323, 2.399763375789157, 1.7391144358652662
flux1:, 1.3857126016739363, 2.257199354695485, 1.9471601235631029
flux1:, 1.38669495854454, 2.8281597733281236, 1.626336074397536
flux1:, 1.387677315415144, 2.470011591585608, 1.8961214485770643
flux1:, 1.388659672285748, 2.236020727315628, 2.2594199599472593
flux1:, 1.389642029156352, 2.5758361425035807, 2.015916997438183
flux1:, 1.390624386026956, 2.6412831218668416, 2.0821663981662457
flux1:, 1.3916067428975598, 2.4794483557598035, 2.527341555958064
flux1:, 1.3925890997681638, 2.645297543810873, 2.4611467963839404
flux1:, 1.3935714566387678, 2.8414201320248806, 2.350757535472008
flux1:, 1.3945538135093718, 2.791685573654697, 2.7519612304972387
flux1:, 1.3955361703799758, 2.85453196931506, 2.899063515962878
flux1:, 1.3965185272505796, 3.0680387023207865, 2.7157440611898678
flux1:, 1.3975008841211836, 3.1264119959030325, 2.973549180672507
flux1:, 1.3984832409917876, 3.150039260059757, 3.2953231438664594
flux1:, 1.3994655978623916, 3.327938551772776, 3.1611226926584206
flux1:, 1.4004479547329955, 3.464321682297078, 3.2349426617104378
flux1:, 1.4014303116035993, 3.4985068672958732, 3.633058460857818
flux1:, 1.4024126684742033, 3.6251166745052283, 3.644916216227395
flux1:, 1.4033950253448073, 3.7967238606815026, 3.566713380828457
flux1:, 1.4043773822154113, 3.8694204266447234, 3.9180055167916894
flux1:, 1.4053597390860153, 3.9547330456371004, 4.110433903871566
flux1:, 1.406342095956619, 4.120116193861022, 3.972344774170932
flux1:, 1.407324452827223, 4.2337924152902255, 4.175894712288927
flux1:, 1.408306809697827, 4.300501966043231, 4.504425182143892
flux1:, 1.409289166568431, 4.43161400362961, 4.420236359035191
flux1:, 1.410271523439035, 4.567076107897739, 4.439227157226644
flux1:, 1.4112538803096388, 4.63634540999064, 4.796075041254415
flux1:, 1.4122362371802428, 4.724621658829022, 4.8494170519885715
flux1:, 1.4132185940508468, 4.852174618693535, 4.727553317859225
flux1:, 1.4142009509214508, 4.93249138968102, 4.987817038606872
flux1:, 1.4151833077920548, 4.98653591696533, 5.190435555914312
flux1:, 1.4161656646626586, 5.080400035999636, 5.03109210172793
flux1:, 1.4171480215332626, 5.1641872310845685, 5.110820361015439
flux1:, 1.4181303784038666, 5.200396918148664, 5.394079421496388
flux1:, 1.4191127352744706, 5.249896572466142, 5.308673261370221
flux1:, 1.4200950921450746, 5.319338011516232, 5.2056671711284
flux1:, 1.4210774490156786, 5.35062212673372, 5.4535390314526015
flux1:, 1.4220598058862823, 5.3627999518013, 5.504479890969249
flux1:, 1.4230421627568863, 5.401373019906828, 5.298418578025888
flux1:, 1.4240245196274903, 5.430297538786028, 5.406848678738967
flux1:, 1.4250068764980943, 5.423273113073787, 5.5763809064378025
flux1:, 1.4259892333686983, 5.426112333560595, 5.38660768310882
flux1:, 1.4269715902393023, 5.446012913624359, 5.317323502241343
flux1:, 1.427953947109906, 5.43776451038951, 5.520036151749936
flux1:, 1.42893630398051, 5.414860196365954, 5.444045254067949
flux1:, 1.429918660851114, 5.417373997017545, 5.243217824860628
flux1:, 1.430901017721718, 5.41693877164421, 5.374685428887647
flux1:, 1.431883374592322, 5.387833556253578, 5.441223475902878
flux1:, 1.4328657314629258, 5.371418269437592, 5.21391521109342
flux1:, 1.4338480883335298, 5.377262508021544, 5.207621632722682
flux1:, 1.4348304452041338, 5.361049189240881, 5.3685136247594025
flux1:, 1.4358128020747378, 5.334925708301351, 5.224615417611762
flux1:, 1.4367951589453418, 5.34033888471394, 5.0864494471576585
flux1:, 1.4377775158159456, 5.347061427065307, 5.248625739267035
flux1:, 1.4387598726865496, 5.328288134052898, 5.249860398580002
flux1:, 1.4397422295571536, 5.329501526696577, 5.053670974661369
flux1:, 1.4407245864277576, 5.357553133531106, 5.131865959285344
flux1:, 1.4417069432983616, 5.363187974838479, 5.266324153375586
flux1:, 1.4426893001689653, 5.364828754148489, 5.115193009255194
flux1:, 1.4436716570395693, 5.405090152435584, 5.077119149552176
flux1:, 1.4446540139101733, 5.444079323643842, 5.271936036034522
flux1:, 1.4456363707807773, 5.458635438788262, 5.246437315801806
flux1:, 1.4466187276513813, 5.502307691555249, 5.128144778945185
flux1:, 1.447601084521985, 5.571647493164397, 5.291598157051418
flux1:, 1.448583441392589, 5.613297953496291, 5.411362465932386
flux1:, 1.449565798263193, 5.658561379500836, 5.296424002446443
flux1:, 1.450548155133797, 5.745755478266693, 5.366890025200591
flux1:, 1.451530512004401, 5.822184325610743, 5.584179704236423
flux1:, 1.4525128688750049, 5.875699215345649, 5.5584866285824015
flux1:, 1.4534952257456089, 5.965998519982033, 5.535043329295231
flux1:, 1.4544775826162128, 6.073021994092707, 5.762671639738838
flux1:, 1.4554599394868168, 6.145348898054104, 5.8688244411977575
flux1:, 1.4564422963574208, 6.229559133076708, 5.808015386659503
flux1:, 1.4574246532280246, 6.351905524366867, 5.9662732254797355
flux1:, 1.4584070100986286, 6.449580890408331, 6.181801244666333
flux1:, 1.4593893669692326, 6.527868969463951, 6.163023245636807
flux1:, 1.4603717238398366, 6.645942608679008, 6.220114160415931
flux1:, 1.4613540807104406, 6.765136256766327, 6.471042874973389
flux1:, 1.4623364375810444, 6.844636107715387, 6.550315590120207
flux1:, 1.4633187944516486, 6.943495143400671, 6.5343565570147675
flux1:, 1.4643011513222524, 7.069418260948848, 6.735910302757602
flux1:, 1.4652835081928564, 7.157275405845403, 6.91439051364763
flux1:, 1.4662658650634603, 7.232619710921445, 6.891419300420777
flux1:, 1.4672482219340643, 7.345369061661094, 6.992151463299313
flux1:, 1.4682305788046683, 7.441760697927406, 7.2168062150475905
flux1:, 1.4692129356752721, 7.499556261309074, 7.249137631326883
flux1:, 1.470195292545876, 7.583024901985251, 7.253484844894029
flux1:, 1.47117764941648, 7.678648238716647, 7.447827000937448
flux1:, 1.472160006287084, 7.729000000413539, 7.557913771894128
flux1:, 1.473142363157688, 7.777594975810987, 7.516132820718848
flux1:, 1.4741247200282919, 7.857131356277418, 7.621410114467208
flux1:, 1.4751070768988959, 7.906461786128758, 7.781279292191878
flux1:, 1.4760894337694999, 7.925890937105409, 7.75550364264405
flux1:, 1.4770717906401039, 7.975136358898139, 7.758338449815191
flux1:, 1.4780541475107078, 8.021375691671334, 7.907946745949662
flux1:, 1.4790365043813116, 8.023491988180812, 7.935766311937635
flux1:, 1.4800188612519156, 8.03576654585348, 7.86849664202229
flux1:, 1.4810012181225196, 8.068967055349578, 7.949596363180947
flux1:, 1.4819835749931236, 8.064003076037555, 8.025277663404264
flux1:, 1.4829659318637276, 8.04222784422343, 7.942039776721981
flux1:, 1.4839482887343314, 8.049594532008143, 7.927323986810622
flux1:, 1.4849306456049354, 8.040125464145184, 8.008499167409186
flux1:, 1.4859130024755394, 7.993717552187458, 7.952768313653214
flux1:, 1.4868953593461434, 7.965707296758175, 7.855330093195227
flux1:, 1.4878777162167474, 7.945178748648867, 7.888436452398141
flux1:, 1.4888600730873511, 7.88379012047928, 7.870224939638738
flux1:, 1.4898424299579551, 7.817813689904934, 7.730742258995477
flux1:, 1.4908247868285591, 7.77376480170996, 7.679638830887862
flux1:, 1.4918071436991631, 7.7013557819823975, 7.67337916561484
flux1:, 1.4927895005697671, 7.601424823607851, 7.534477923932143
flux1:, 1.4937718574403709, 7.521305611746603, 7.396851493061182
flux1:, 1.4947542143109749, 7.433660980054947, 7.3590216380418845
flux1:, 1.4957365711815789, 7.3068252274150725, 7.242140018228288
flux1:, 1.4967189280521829, 7.183565468116634, 7.046299130585079
flux1:, 1.4977012849227869, 7.070602285223363, 6.9412425999405025
flux1:, 1.4986836417933906, 6.9227742109713155, 6.838563135508471
flux1:, 1.4996659986639946, 6.75787003543437, 6.62466519133319
flux1:, 1.5006483555345986, 6.609702840157972, 6.443393067598151
flux1:, 1.5016307124052026, 6.443491531655805, 6.327686741137774
flux1:, 1.5026130692758066, 6.24654081622496, 6.126077568197922
flux1:, 1.5035954261464104, 6.06010402003244, 5.888547841885419
flux1:, 1.5045777830170146, 5.87571353978122, 5.732998340315795
flux1:, 1.5055601398876184, 5.66076637441975, 5.552512945279567
flux1:, 1.5065424967582224, 5.443181060016571, 5.294918654262421
flux1:, 1.5075248536288264, 5.2414534245251465, 5.090181357668812
flux1:, 1.5085072104994304, 5.022185507691334, 4.921055964201303
flux1:, 1.5094895673700344, 4.788966200587892, 4.677744749207846
flux1:, 1.5104719242406381, 4.574411688686035, 4.43708432685943
flux1:, 1.5114542811112421, 4.360782285661655, 4.263482591554113
flux1:, 1.5124366379818461, 4.130227811876006, 4.0538047321163395
flux1:, 1.5134189948524501, 3.9119600630714233, 3.8054935805143626
flux1:, 1.5144013517230541, 3.709698394944942, 3.618333375937554
flux1:, 1.515383708593658, 3.4968696642203523, 3.443748047186998
flux1:, 1.516366065464262, 3.286781338816132, 3.2171272056443447
flux1:, 1.5173484223348659, 3.098947048455306, 3.020070051525995
flux1:, 1.5183307792054699, 2.9122143487469008, 2.8703079410621184
flux1:, 1.5193131360760739, 2.7215415350210055, 2.683991370967721
flux1:, 1.5202954929466777, 2.550391678886525, 2.491036011655658
flux1:, 1.5212778498172816, 2.391440855222377, 2.353775684392504
flux1:, 1.5222602066878856, 2.227684031823993, 2.211278591186482
flux1:, 1.5232425635584896, 2.0755639937968744, 2.0392941760229224
flux1:, 1.5242249204290936, 1.9417522600804167, 1.90758364627816
flux1:, 1.5252072772996974, 1.807342034358317, 1.8004247033759528
flux1:, 1.5261896341703014, 1.6764196513387326, 1.6616078248305914
flux1:, 1.5271719910409054, 1.5636405760981764, 1.536167404100284
flux1:, 1.5281543479115094, 1.4565257392951325, 1.4508813472679867
flux1:, 1.5291367047821134, 1.3479630975187296, 1.348677941088672
flux1:, 1.5301190616527172, 1.2526605267860478, 1.2356183376625929
flux1:, 1.5311014185233212, 1.16808773549391, 1.1605113917124368
flux1:, 1.5320837753939252, 1.0813729947964696, 1.0898896035528227
flux1:, 1.5330661322645291, 1.001273979005923, 0.9963069726294572
flux1:, 1.5340484891351331, 0.9337842935953989, 0.9253059535841329
flux1:, 1.535030846005737, 0.8666356199305008, 0.8761550584801029
flux1:, 1.536013202876341, 0.8004905776172367, 0.8061841599755625
flux1:, 1.536995559746945, 0.7454126834665549, 0.7391898279034858
flux1:, 1.537977916617549, 0.6942662887642499, 0.7007520178590261
flux1:, 1.538960273488153, 0.6411632100157075, 0.6536634896002689
flux1:, 1.5399426303587567, 0.595310181470695, 0.59434690455341
flux1:, 1.5409249872293607, 0.5561381446115662, 0.5587994462420276
flux1:, 1.5419073440999647, 0.5148886372477123, 0.5294579524759145
flux1:, 1.5428897009705687, 0.4765285915704155, 0.4820947745391693
flux1:, 1.5438720578411727, 0.44565659748417036, 0.4462048093387648
flux1:, 1.5448544147117764, 0.41452311576241063, 0.42721362698207677
flux1:, 1.5458367715823806, 0.38289893998747293, 0.3940487865220438
flux1:, 1.5468191284529844, 0.35756525453576227, 0.358764354596554
flux1:, 1.5478014853235884, 0.3343623852567311, 0.34314085270640593
flux1:, 1.5487838421941924, 0.30908325008942844, 0.3231973163100791
flux1:, 1.5497661990647964, 0.2876235044461662, 0.29179252896295244
flux1:, 1.5507485559354004, 0.270063671482548, 0.27505775704907615
flux1:, 1.5517309128060042, 0.25062478186739207, 0.2645558510917427
flux1:, 1.5527132696766082, 0.23231395530613075, 0.2403310046424777
flux1:, 1.5536956265472122, 0.21840456721540402, 0.22132356532451547
flux1:, 1.5546779834178162, 0.20396679591816075, 0.2152336642285845
flux1:, 1.5556603402884202, 0.18865284532029009, 0.19973363419724682
flux1:, 1.556642697159024, 0.17697714711215465, 0.18005757853759058
flux1:, 1.557625054029628, 0.16640786225481743, 0.1739625221869745
flux1:, 1.558607410900232, 0.1541078235035722, 0.1663021249706326
flux1:, 1.559589767770836, 0.1439026426859764, 0.14885265978839207
flux1:, 1.56057212464144, 0.13598407724333988, 0.14031823046680963
flux1:, 1.5615544815120437, 0.12658471599321858, 0.13767439540540313
flux1:, 1.5625368383826477, 0.11762311960419407, 0.12496789947522177
flux1:, 1.5635191952532517, 0.11129730341666302, 0.11394536734466548
flux1:, 1.5645015521238557, 0.10443095815678674, 0.11281021803549694
flux1:, 1.5654839089944597, 0.09678900941127075, 0.10580509305253054
flux1:, 1.5664662658650634, 0.09132840036476673, 0.0940506222394742
flux1:, 1.5674486227356674, 0.08641434616967175, 0.09160486473641895
flux1:, 1.5684309796062714, 0.08022684222127088, 0.08939761017509139
flux1:, 1.5694133364768754, 0.07527720291594119, 0.07929006831637543
flux1:, 1.5703956933474794, 0.07166122372074861, 0.0743100245788992
flux1:, 1.5713780502180832, 0.06695084285575337, 0.07468227680092114
flux1:, 1.5723604070886872, 0.0624569850281929, 0.06800681442708706
flux1:, 1.5733427639592912, 0.059564081735064126, 0.0609978200331528
flux1:, 1.5743251208298952, 0.05617961754718525, 0.06145115070771925
flux1:, 1.5753074777004992, 0.05224802460958304, 0.05864738411819494
flux1:, 1.576289834571103, 0.0496835344478414, 0.0512581817288711
flux1:, 1.577272191441707, 0.04733262198504034, 0.050028493463293175
flux1:, 1.578254548312311, 0.04409460171615318, 0.05014255934315728
flux1:, 1.579236905182915, 0.0416694355252312, 0.04420546327317542
flux1:, 1.580219262053519, 0.040000877719299485, 0.04082797477748068
flux1:, 1.5812016189241227, 0.03752022681221534, 0.042083456647694174
flux1:, 1.5821839757947267, 0.03521365936900698, 0.03873761481248053
flux1:, 1.5831663326653307, 0.0339025245002632, 0.03397973483727064
flux1:, 1.5841486895359347, 0.032140193212113775, 0.03463136522496818
flux1:, 1.5851310464065387, 0.030031821332633404, 0.03389524707030998
flux1:, 1.5861134032771425, 0.02883838242195674, 0.029171429019117314
flux1:, 1.5870957601477467, 0.027662369470365017, 0.028222578582219042
flux1:, 1.5880781170183504, 0.025862149147568975, 0.029139948253807738
flux1:, 1.5890604738889544, 0.02465726302379791, 0.025741590918892096
flux1:, 1.5900428307595584, 0.023878093337988043, 0.023219071017907565
flux1:, 1.5910251876301624, 0.022470411808986554, 0.024425701782762467
flux1:, 1.5920075445007664, 0.02123201599307734, 0.022944027194300495
flux1:, 1.5929899013713702, 0.020648233769335854, 0.019670357492987442
flux1:, 1.5939722582419742, 0.019656028372855357, 0.020050779098524
flux1:, 1.5949546151125782, 0.018443395033407632, 0.020226882327825307
flux1:, 1.5959369719831822, 0.017886656316525206, 0.01728017736991576
flux1:, 1.5969193288537862, 0.01725877200144654, 0.01639144919788863
flux1:, 1.59790168572439, 0.016170871920295184, 0.017383708189692815
flux1:, 1.598884042594994, 0.015540585783162216, 0.015554354287410916
flux1:, 1.599866399465598, 0.015164245292547396, 0.013665041638045917
flux1:, 1.600848756336202, 0.014292215066484626, 0.014524882210922576
flux1:, 1.601831113206806, 0.013569460838649712, 0.01401866198414653
flux1:, 1.6028134700774097, 0.013303934143864016, 0.011826846369089237
flux1:, 1.6037958269480137, 0.012691952417170922, 0.011920301550039045
flux1:, 1.6047781838186177, 0.011927391628618314, 0.012385917365677674
flux1:, 1.6057605406892217, 0.011646661405019406, 0.010614985019197179
flux1:, 1.6067428975598257, 0.011274390812719744, 0.009815049605795457
flux1:, 1.6077252544304295, 0.010554841319185078, 0.010607621805322447
flux1:, 1.6087076113010335, 0.010182801475476726, 0.0096845408216811
flux1:, 1.6096899681716375, 0.009974276565465541, 0.008304927526451561
flux1:, 1.6106723250422414, 0.009381466500880644, 0.008816058278178829
flux1:, 1.6116546819128454, 0.008906721380513216, 0.008749566375845315
flux1:, 1.6126370387834492, 0.008759731434393151, 0.007308714271519023
flux1:, 1.6136193956540532, 0.008337195850124036, 0.007208161095160282
flux1:, 1.6146017525246572, 0.007803759439389046, 0.007671249884451611
flux1:, 1.6155841093952612, 0.007626253599520903, 0.006624379723934618
flux1:, 1.6165664662658652, 0.007365694126004424, 0.005932652145536327
flux1:, 1.617548823136469, 0.0068457731863663645, 0.00646853947620251
flux1:, 1.618531180007073, 0.006584577952913269, 0.006026393416787649
flux1:, 1.619513536877677, 0.006434207500379206, 0.005025674073447085
flux1:, 1.620495893748281, 0.005995523112619578, 0.0052640628413753296
flux1:, 1.621478250618885, 0.0056474160432917146, 0.005354796845190555
flux1:, 1.6224606074894887, 0.005535953011309989, 0.004410666946045501
flux1:, 1.6234429643600927, 0.005216603704415671, 0.004201395569991883
flux1:, 1.6244253212306967, 0.004819935889212814, 0.004560291246106257
flux1:, 1.6254076781013007, 0.004684571029883986, 0.0039484587745910495
flux1:, 1.6263900349719047, 0.004483648809133815, 0.0033741856548848864
flux1:, 1.6273723918425085, 0.0040966290565161365, 0.0036951267525718737
flux1:, 1.6283547487131127, 0.0039033850597774435, 0.0035048617247490517
flux1:, 1.6293371055837165, 0.003787944127034014, 0.0027941260961285206
flux1:, 1.6303194624543205, 0.003464041999506068, 0.0028649666473884597
flux1:, 1.6313018193249245, 0.003214024559874373, 0.003002200510634859
flux1:, 1.6322841761955285, 0.003136331663066454, 0.0024018291980731094
flux1:, 1.6332665330661325, 0.0029063695958221787, 0.002170671000880827
flux1:, 1.6342488899367362, 0.002628413526578399, 0.0024360980955901203
flux1:, 1.6352312468073402, 0.0025447488792739283, 0.0021049375948539377
flux1:, 1.6362136036779442, 0.0024104843809966267, 0.0016662423900369774
flux1:, 1.6371959605485482, 0.0021459266772866723, 0.0018589032609042874
flux1:, 1.6381783174191522, 0.0020300199580921044, 0.001820617980167745
flux1:, 1.639160674289756, 0.001968529862063808, 0.0013453368021007646
flux1:, 1.64014303116036, 0.0017550452453144179, 0.0013446918752732194
flux1:, 1.641125388030964, 0.0016032062977993095, 0.0015046797047755774
flux1:, 1.642107744901568, 0.0015780856757949184, 0.0011540464817599444
flux1:, 1.643090101772172, 0.0014376585798883995, 0.000953378223853889
flux1:, 1.6440724586427757, 0.0012660529387506269, 0.0011598606588577958
flux1:, 1.6450548155133797, 0.0012407923333847709, 0.001019263346989857
flux1:, 1.6460371723839837, 0.0011742576385771416, 0.0007067983979504256
flux1:, 1.6470195292545877, 0.001010465345495475, 0.0008244352293887077
flux1:, 1.6480018861251917, 0.0009600633487688186, 0.0008796701071690499
flux1:, 1.6489842429957955, 0.0009487326233983944, 0.0005831999512982839
flux1:, 1.6499665998663995, 0.0008204455953068327, 0.0005479708307010007
flux1:, 1.6509489567370035, 0.0007381551255555619, 0.0007075558419402252
flux1:, 1.6519313136076075, 0.0007516277689121923, 0.0005302688769387447
flux1:, 1.6529136704782115, 0.0006759741466554527, 0.00036487725768181653
flux1:, 1.6538960273488152, 0.0005731847404581398, 0.000513378694623988
flux1:, 1.6548783842194192, 0.000580800619354821, 0.0004901709698235799
flux1:, 1.6558607410900232, 0.0005580459046390925, 0.0002775864367954625
flux1:, 1.6568430979606272, 0.0004573361942628183, 0.00033212203251569827
flux1:, 1.6578254548312312, 0.00043910048059815426, 0.0004245235858788643
flux1:, 1.658807811701835, 0.00045332307378669843, 0.00025716627691036787
flux1:, 1.659790168572439, 0.000377511240250648, 0.00019947843798362333
flux1:, 1.660772525443043, 0.00033004362113056503, 0.0003268828896634601
flux1:, 1.661754882313647, 0.00035651366096994624, 0.0002599303939703049
flux1:, 1.662737239184251, 0.0003185793857730619, 0.00013139020457978126
flux1:, 1.6637195960548548, 0.0002536655254505397, 0.00021744356695690053
flux1:, 1.6647019529254587, 0.00026938576630334253, 0.00024943053800710184
flux1:, 1.6656843097960627, 0.0002677812417990253, 0.00011769346947976947
flux1:, 1.6666666666666667, 0.00020471004450613962, 0.00012533304139892347
