flux1:, 1.333333333333333, 0.0031980642784553972, -0.000317192550590392
flux1:, 1.333565682088815, 0.0020694624692116853, -0.00034174547485634626
flux1:, 1.333798030844297, 0.0010455080921021966, -0.0003510583390490129
flux1:, 1.334030379599779, 0.00042259929639259657, -0.0003420741159246251
flux1:, 1.334262728355261, 0.0004269763370288545, -0.00031614382240673696
flux1:, 1.3344950771107429, 0.0011495052618475726, -0.00027913573942595115
flux1:, 1.334727425866225, 0.00250839571402711, -0.00024039575808639413
flux1:, 1.3349597746217068, 0.0042523352477681865, -0.0002107073572883329
flux1:, 1.3351921233771888, 0.0060074431281977566, -0.00019967200365423633
flux1:, 1.335424472132671, 0.0073605493027032115, -0.00021312303507788703
flux1:, 1.3356568208881527, 0.007961201305121757, -0.00025124070920027133
flux1:, 1.3358891696436348, 0.007618171804937962, -0.000307924855391669
flux1:, 1.3361215183991169, 0.00636514502264548, -0.00037171594822466567
flux1:, 1.3363538671545987, 0.004475554088998782, -0.00042818773769030236
flux1:, 1.3365862159100808, 0.0024175225565896278, -0.0004633487370543111
flux1:, 1.3368185646655628, 0.0007542971104512811, -0.00046728309224119204
flux1:, 1.3370509134210447, 1.0093840888787652e-05, -0.000437120550375765
flux1:, 1.3372832621765267, 0.0005321960704041672, -0.0003785036573079465
flux1:, 1.3375156109320088, 0.002384264816856784, -0.0003050203936973836
flux1:, 1.3377479596874906, 0.005301400188114582, -0.00023553800572969732
flux1:, 1.3379803084429727, 0.008724784823031672, -0.0001899060344016444
flux1:, 1.3382126571984545, 0.011915163533354011, -0.0001839635444764365
flux1:, 1.3384450059539366, 0.014124133579789463, -0.00022506071283918052
flux1:, 1.3386773547094186, 0.014785265423277173, -0.0003092978582173423
flux1:, 1.3389097034649005, 0.013678130032863417, -0.00042136838883384125
flux1:, 1.3391420522203825, 0.011020482279045805, -0.0005373153226453366
flux1:, 1.3393744009758646, 0.0074577106929034276, -0.0006297951492893924
flux1:, 1.3396067497313464, 0.003941842956025962, -0.0006747571735566007
flux1:, 1.3398390984868285, 0.0015198965371366387, -0.0006579701366933673
flux1:, 1.3400714472423105, 0.0010765753927532901, -0.00057970468530513
flux1:, 1.3403037959977924, 0.0030925469922069727, -0.0004561782766557863
flux1:, 1.3405361447532744, 0.007481726081690412, -0.00031705552069241226
flux1:, 1.3407684935087565, 0.013557167194557598, -0.00019923592786312103
flux1:, 1.3410008422642383, 0.020147255480024797, -0.00013813791632456655
flux1:, 1.3412331910197204, 0.025847614989553288, -0.000158456148255401
flux1:, 1.3414655397752022, 0.029357969999671222, -0.0002667101671821531
flux1:, 1.3416978885306843, 0.029826367203518295, -0.00044768410226512866
flux1:, 1.3419302372861663, 0.027113496976317045, -0.0006660777087991676
flux1:, 1.3421625860416482, 0.021901532315930963, -0.0008734896518899337
flux1:, 1.3423949347971302, 0.015604082725374915, -0.0010194984249858616
flux1:, 1.3426272835526123, 0.01008035671321639, -0.0010644257938317117
flux1:, 1.3428596323080941, 0.007206981534723639, -0.0009906830062229191
flux1:, 1.3430919810635762, 0.008402653517060262, -0.0008096384981662681
flux1:, 1.3433243298190582, 0.014222360188895602, -0.0005617732704828719
flux1:, 1.34355667857454, 0.024131804651304017, -0.0003093771525464597
flux1:, 1.3437890273300221, 0.03653767677720247, -0.0001228740159853831
flux1:, 1.3440213760855042, 0.04909161775004355, -6.361311783189553e-05
flux1:, 1.344253724840986, 0.059217607519791916, -0.00016717004482184837
flux1:, 1.344486073596468, 0.06475043916639515, -0.0004314979996396182
flux1:, 1.34471842235195, 0.06453338035542641, -0.0008134863236918958
flux1:, 1.344950771107432, 0.05881839816832767, -0.0012357046247856314
flux1:, 1.345183119862914, 0.04934710836267112, -0.0016026877615670926
flux1:, 1.345415468618396, 0.03905995209047591, -0.0018236012849578973
flux1:, 1.345647817373878, 0.0314707418960712, -0.0018361529940126948
flux1:, 1.34588016612936, 0.029832802104773123, -0.0016257470676866576
flux1:, 1.3461125148848418, 0.0362886786263061, -0.0012344531833853793
flux1:, 1.346344863640324, 0.051218724114162784, -0.0007563912667039518
flux1:, 1.346577212395806, 0.07297461370333883, -0.00031924960491244134
flux1:, 1.3468095611512878, 0.09810424709331204, -5.517929740009153e-05
flux1:, 1.3470419099067699, 0.12205982976217937, -6.738333673156974e-05
flux1:, 1.3472742586622517, 0.14025693399453895, -0.0004005086522781531
flux1:, 1.3475066074177338, 0.14924968205409775, -0.0010228572280277294
flux1:, 1.3477389561732158, 0.1477341407232403, -0.0018262773595952746
flux1:, 1.3479713049286977, 0.13710701543764137, -0.0026457050836228907
flux1:, 1.3482036536841797, 0.12139273876788481, -0.0032955045478582305
flux1:, 1.3484360024396618, 0.10649424031282691, -0.00361513566609737
flux1:, 1.3486683511951436, 0.09889047337324472, -0.0035134611467505443
flux1:, 1.3489006999506257, 0.10405701597665455, -0.003000169553313538
flux1:, 1.3491330487061077, 0.1249843227660847, -0.0021948126921337184
flux1:, 1.3493653974615896, 0.16118099490186105, -0.0013086339082950692
flux1:, 1.3495977462170716, 0.20846495764654704, -0.0006007983584917988
flux1:, 1.3498300949725537, 0.2596754287524074, -0.0003173786773548002
flux1:, 1.3500624437280355, 0.30621766344207657, -0.0006268116281327023
flux1:, 1.3502947924835176, 0.3401316986405904, -0.0015679987702818966
flux1:, 1.3505271412389994, 0.3562117875118812, -0.0030258220896718295
flux1:, 1.3507594899944815, 0.35364236129748655, -0.004743505581880818
flux1:, 1.3509918387499635, 0.3366850785687967, -0.006372892375151998
flux1:, 1.3512241875054454, 0.31414545562435, -0.007554114290293051
flux1:, 1.3514565362609274, 0.2976301586629618, -0.008007614295999908
flux1:, 1.3516888850164095, 0.2989145627465537, -0.007616339216273756
flux1:, 1.3519212337718913, 0.3269990230372904, -0.006475851994456594
flux1:, 1.3521535825273734, 0.3855707757536705, -0.004895725700486591
flux1:, 1.3523859312828554, 0.47155912353341006, -0.0033461054846067348
flux1:, 1.3526182800383373, 0.5752648480967647, -0.0023566509264294805
flux1:, 1.3528506287938193, 0.6821948342635711, -0.002388131570225602
flux1:, 1.3530829775493012, 0.7763136103906296, -0.00370638210649825
flux1:, 1.3533153263047832, 0.8440339255337406, -0.006291295296495728
flux1:, 1.3535476750602653, 0.878010251240397, -0.009808511015404649
flux1:, 1.3537800238157471, 0.8797511348707612, -0.013658767446747455
flux1:, 1.3540123725712292, 0.8602625906833399, -0.017101821279603305
flux1:, 1.3542447213267113, 0.8383510036120079, -0.019432364265075944
flux1:, 1.354477070082193, 0.8367681242942023, -0.020169249310951876
flux1:, 1.3547094188376752, 0.8769471346806673, -0.01921110593917001
flux1:, 1.3549417675931572, 0.9735157513364642, -0.01691414316341254
flux1:, 1.355174116348639, 1.1299559700588437, -0.014062280890466803
flux1:, 1.355406465104121, 1.336637177664506, -0.011723529440788012
flux1:, 1.3556388138596032, 1.5719812574628886, -0.011014897020170273
flux1:, 1.355871162615085, 1.806808217777027, -0.012824421646053878
flux1:, 1.356103511370567, 2.011111668373561, -0.01755624874676421
flux1:, 1.356335860126049, 2.161816739231472, -0.024967447384312984
flux1:, 1.356568208881531, 2.2496651607801175, -0.034150880293365674
flux1:, 1.356800557637013, 2.283387182737451, -0.0436883170819582
flux1:, 1.3570329063924949, 2.2898002746024204, -0.05195766883277992
flux1:, 1.357265255147977, 2.309350671937446, -0.057536593219906715
flux1:, 1.357497603903459, 2.387709713787673, -0.059612149809030214
flux1:, 1.3577299526589408, 2.565102202717055, -0.05829215881451953
flux1:, 1.3579623014144229, 2.8658083997563812, -0.05472452529616629
flux1:, 1.358194650169905, 3.29051957276607, -0.0509667536187651
flux1:, 1.3584269989253868, 3.813820150610939, -0.04960363199892397
flux1:, 1.3586593476808688, 4.388045741031682, -0.05317530328273134
flux1:, 1.3588916964363509, 4.953310460137258, -0.06353562814290867
flux1:, 1.3591240451918327, 5.451922438289176, -0.08129637823222945
flux1:, 1.3593563939473148, 5.84409148582975, -0.1055141700444655
flux1:, 1.3595887427027966, 6.121135310499568, -0.13373878600541259
flux1:, 1.3598210914582787, 6.312556537979696, -0.1624673844204049
flux1:, 1.3600534402137607, 6.4844535406349975, -0.18795235968462323
flux1:, 1.3602857889692426, 6.728584184111575, -0.20721219684287892
flux1:, 1.3605181377247246, 7.143656185170417, -0.21901907691637873
flux1:, 1.3607504864802067, 7.8125623994194955, -0.22460681175776787
flux1:, 1.3609828352356885, 8.78077170179176, -0.22787271497773195
flux1:, 1.3612151839911706, 10.041478177658366, -0.23493942487039118
flux1:, 1.3614475327466526, 11.532169483794943, -0.2530845493646856
flux1:, 1.3616798815021345, 13.14506236376023, -0.2892100444861909
flux1:, 1.3619122302576165, 14.750749084142603, -0.34817226838788845
flux1:, 1.3621445790130986, 16.231046018071805, -0.4313879954746231
flux1:, 1.3623769277685804, 17.5142184485917, -0.5361384127507999
flux1:, 1.3626092765240625, 18.604227725687302, -0.6558952007716802
flux1:, 1.3628416252795443, 19.595948626766035, -0.7817958402702632
flux1:, 1.3630739740350264, 20.67060853466618, -0.9051301188331118
flux1:, 1.3633063227905085, 22.06972397063228, -1.0204195334310264
flux1:, 1.3635386715459903, 24.050827992428946, -1.1284425784762535
flux1:, 1.3637710203014723, 26.833238528305163, -1.2384487597503073
flux1:, 1.3640033690569544, 30.54583290812399, -1.3688642385648204
flux1:, 1.3642357178124362, 35.19022093864853, -1.5460438034197537
flux1:, 1.3644680665679183, 40.631191742159594, -1.8010482082843142
flux1:, 1.3647004153234004, 46.62178113187009, -2.164959655387614
flux1:, 1.3649327640788822, 52.86337632233165, -2.663790091623507
flux1:, 1.3651651128343643, 59.093175493186074, -3.314462906541653
flux1:, 1.365397461589846, 65.18370584294155, -4.123534308533721
flux1:, 1.3656298103453282, 71.23373600880191, -5.090168352519406
flux1:, 1.3658621591008102, 77.62828866306975, -6.214343554412073
flux1:, 1.366094507856292, 85.048431723231, -7.5103744904920555
flux1:, 1.366326856611774, 94.41908061587797, -9.024682493177803
flux1:, 1.3665592053672562, 106.7941760032297, -10.855520702918447
flux1:, 1.366791554122738, 123.19143079588875, -13.171274572769132
flux1:, 1.36702390287822, 144.4009121008836, -16.22325740743303
flux1:, 1.3672562516337021, 170.80046273628358, -20.348810099303787
flux1:, 1.367488600389184, 202.2142012812397, -25.961130062383457
flux1:, 1.367720949144666, 237.84678991378505, -33.52362229087825
flux1:, 1.367953297900148, 276.31578731699454, -43.508581409785315
flux1:, 1.36818564665563, 315.7885369346859, -56.34244414419884
flux1:, 1.368417995411112, 354.21122702141565, -72.34235813353212
flux1:, 1.3686503441665938, 389.59936276131486, -91.6509971774001
flux1:, 1.3688826929220759, 420.34449114513217, -114.17801826799852
flux1:, 1.369115041677558, 445.48471857516375, -139.55697485808795
flux1:, 1.3693473904330398, 464.88833844874614, -167.12567810515978
flux1:, 1.3695797391885218, 479.3111285222344, -195.9359150986869
flux1:, 1.3698120879440039, 490.30719567243744, -224.79526925976882
flux1:, 1.3700444366994857, 499.9976236897243, -252.33990756371335
flux1:, 1.3702767854549678, 510.7264570644902, -277.13310817670384
flux1:, 1.3705091342104498, 524.6551530086829, -297.7805783899895
flux1:, 1.3707414829659317, 543.3604099539398, -313.0508193173104
flux1:, 1.3709738317214137, 567.5033273662696, -321.9873893024768
flux1:, 1.3712061804768958, 596.6291074258152, -324.0001792841877
flux1:, 1.3714385292323776, 629.137034603257, -318.9247838469517
flux1:, 1.3716708779878597, 662.4333301091251, -307.04252452575224
flux1:, 1.3719032267433415, 693.2492423355473, -289.05822281701325
flux1:, 1.3721355754988236, 718.0786676337382, -266.0378270829976
flux1:, 1.3723679242543056, 733.6687038027036, -239.31278783463515
flux1:, 1.3726002730097875, 737.4866349896375, -210.36198962495962
flux1:, 1.3728326217652695, 728.089826400164, -180.68454737605492
flux1:, 1.3730649705207516, 705.340469970709, -151.67752731075035
flux1:, 1.3732973192762334, 670.4324219711297, -124.53157942735787
flux1:, 1.3735296680317155, 625.7280908131116, -100.15475620283883
flux1:, 1.3737620167871976, 574.4340827939378, -79.13086086839441
flux1:, 1.3739943655426794, 520.1697348335489, -61.714103664076504
flux1:, 1.3742267142981615, 466.4984061187854, -47.85730428560724
flux1:, 1.3744590630536435, 416.49491497724915, -37.26699231820647
flux1:, 1.3746914118091254, 372.41348931589334, -29.476029774132375
flux1:, 1.3749237605646074, 335.5010086540977, -23.923119696689426
flux1:, 1.3751561093200892, 305.97396854734245, -20.028846435499204
flux1:, 1.3753884580755713, 283.1494135366831, -17.259557014975282
flux1:, 1.3756208068310534, 265.6951425219357, -15.17308347168356
flux1:, 1.3758531555865352, 251.94708009472384, -13.443539192166948
flux1:, 1.3760855043420173, 240.23455390080173, -11.86567032057368
flux1:, 1.3763178530974993, 229.15803022357306, -10.342021103357329
flux1:, 1.3765502018529812, 217.77727926052293, -8.858111242810697
flux1:, 1.3767825506084632, 205.68789055629588, -7.4517221720449625
flux1:, 1.3770148993639453, 192.98640743975082, -6.182231080646568
flux1:, 1.3772472481194271, 180.14475638559372, -5.104871451158151
flux1:, 1.3774795968749092, 167.82940841790264, -4.253121756443645
flux1:, 1.377711945630391, 156.70743966147876, -3.630484634918224
flux1:, 1.377944294385873, 147.27968167482675, -3.2110750629240052
flux1:, 1.3781766431413551, 139.77153730989377, -2.94698699055536
flux1:, 1.378408991896837, 134.09728080990143, -2.7795486317696745
flux1:, 1.378641340652319, 129.89710232838448, -2.651374999858484
flux1:, 1.378873689407801, 126.63126029006418, -2.516525023842566
flux1:, 1.379106038163283, 123.70534962297135, -2.3469113679612907
flux1:, 1.379338386918765, 120.59662847171668, -2.134174824953367
flux1:, 1.379570735674247, 116.95390388992558, -1.887289282326568
flux1:, 1.3798030844297289, 112.65159999038228, -1.6270066033299946
flux1:, 1.380035433185211, 107.79018077143189, -1.3787479236238152
flux1:, 1.380267781940693, 102.64737097128605, -1.165647495378982
flux1:, 1.3805001306961748, 97.59494869806943, -1.0031902731130862
flux1:, 1.380732479451657, 93.00220990084703, -0.8963561015404842
flux1:, 1.3809648282071387, 89.1484624528353, -0.8395332809932241
flux1:, 1.3811971769626208, 86.16319358888667, -0.8188417551604631
flux1:, 1.3814295257181028, 84.00503156581576, -0.8160372393136455
flux1:, 1.3816618744735847, 82.481200932438, -0.8129320485724414
flux1:, 1.3818942232290667, 81.30004732913078, -0.7952883904463727
flux1:, 1.3821265719845488, 80.14236950832682, -0.7553817052073222
flux1:, 1.3823589207400306, 78.73409999280297, -0.6928185465537096
flux1:, 1.3825912694955127, 76.9037888314198, -0.6136263628653723
flux1:, 1.3828236182509948, 74.61289639461437, -0.5280130341551982
flux1:, 1.3830559670064766, 71.95384229089211, -0.4474453707017173
flux1:, 1.3832883157619587, 69.11838451090341, -0.38177697549797085
flux1:, 1.3835206645174405, 66.34546249176758, -0.3370669099919963
flux1:, 1.3837530132729225, 63.86172079289306, -0.31450847977071117
flux1:, 1.3839853620284046, 61.82876671036138, -0.3105946040688459
flux1:, 1.3842177107838864, 60.308811154200434, -0.3183545229008454
flux1:, 1.3844500595393685, 59.25543370863153, -0.32927076278567274
flux1:, 1.3846824082948506, 58.53006016811122, -0.3353693844686939
flux1:, 1.3849147570503324, 57.93881470035343, -0.33098613512588954
flux1:, 1.3851471058058145, 57.280046128640784, -0.31383240428884557
flux1:, 1.3853794545612965, 56.39093606450542, -0.2851803015939665
flux1:, 1.3856118033167784, 55.18247049369776, -0.2492049070250129
flux1:, 1.3858441520722604, 53.655343434895485, -0.21171216507875684
flux1:, 1.3860765008277425, 51.89417615209131, -0.17860221593600575
flux1:, 1.3863088495832243, 50.04258995990978, -0.1544484913191203
flux1:, 1.3865411983387064, 48.26596136449538, -0.14151337568028685
flux1:, 1.3867735470941882, 46.711172716262745, -0.13939279671532268
flux1:, 1.3870058958496703, 45.47287141765972, -0.1453199085210306
flux1:, 1.3872382446051523, 44.57373837674176, -0.15500211071453923
flux1:, 1.3874705933606342, 43.96262065258898, -0.16375144553998733
flux1:, 1.3877029421161162, 43.530030931492945, -0.1676190252246089
flux1:, 1.3879352908715983, 43.136501495390746, -0.16426596298930615
flux1:, 1.3881676396270801, 42.64651682322066, -0.15338580242054017
flux1:, 1.3883999883825622, 41.95981617412245, -0.13661290794548944
flux1:, 1.3886323371380442, 41.03288188794613, -0.11697713716483897
flux1:, 1.388864685893526, 39.88607669205478, -0.09806754802460578
flux1:, 1.3890970346490081, 38.595468928156656, -0.08312466932072686
flux1:, 1.3893293834044902, 37.272010593658386, -0.07428195532731807
flux1:, 1.389561732159972, 36.03356167716589, -0.07212611493527035
flux1:, 1.389794080915454, 34.97666348825636, -0.07565861352212765
flux1:, 1.390026429670936, 34.154691689877126, -0.08263982561075572
flux1:, 1.390258778426418, 33.567209199601656, -0.09020770313814833
flux1:, 1.3904911271819, 33.16248534999584, -0.09560479204396966
flux1:, 1.3907234759373819, 32.85196692672462, -0.09683260077322946
flux1:, 1.390955824692864, 32.53273874583063, -0.09308140466707034
flux1:, 1.391188173448346, 32.11232009178392, -0.08484687575873576
flux1:, 1.3914205222038278, 31.529856630200165, -0.07372530771299138
flux1:, 1.39165287095931, 30.76888848605568, -0.061956539765501396
flux1:, 1.391885219714792, 29.859077016902948, -0.0518398016042475
flux1:, 1.3921175684702738, 28.86698956777162, -0.045170552589354575
flux1:, 1.3923499172257559, 27.87861180256024, -0.04283252464445192
flux1:, 1.392582265981238, 26.97808358315667, -0.04463406241269065
flux1:, 1.3928146147367197, 26.22784066708982, -0.049414054381306555
flux1:, 1.3930469634922018, 25.654780108800143, -0.05537655256132432
flux1:, 1.3932793122476836, 25.245440581106546, -0.06056052205379479
flux1:, 1.3935116610031657, 24.95092992078805, -0.06332386719552381
flux1:, 1.3937440097586478, 24.700001015016813, -0.06272407399347887
flux1:, 1.3939763585141296, 24.416826137699683, -0.058709065476581765
flux1:, 1.3942087072696117, 24.039064200572493, -0.052082196730168145
flux1:, 1.3944410560250937, 23.531941162437363, -0.04426165196803619
flux1:, 1.3946734047805756, 22.895194039007748, -0.03690303022595334
flux1:, 1.3949057535360576, 22.16155302320232, -0.03148338674255093
flux1:, 1.3951381022915397, 21.387493369902526, -0.0289493333849769
flux1:, 1.3953704510470215, 20.638783074297976, -0.029511221317422162
flux1:, 1.3956027998025036, 19.97447161631419, -0.03262611677213841
flux1:, 1.3958351485579854, 19.433174051788725, -0.03716460366806847
flux1:, 1.3960674973134675, 19.024793583452247, -0.0417122711337265
flux1:, 1.3962998460689495, 18.729402396467407, -0.04492652295869206
flux1:, 1.3965321948244314, 18.503232346022283, -0.04585968541519238
flux1:, 1.3967645435799134, 18.290047119768023, -0.04417164861458312
flux1:, 1.3969968923353955, 18.034969350441656, -0.04018548709663574
flux1:, 1.3972292410908773, 17.697382501007578, -0.03477957184980713
flux1:, 1.3974615898463594, 17.259893400700562, -0.02914951470135111
flux1:, 1.3976939386018414, 16.731405040449683, -0.024503296749494908
flux1:, 1.3979262873573233, 16.143828677925466, -0.02176633342765901
flux1:, 1.3981586361128053, 15.543491169585067, -0.02136752188144087
flux1:, 1.3983909848682874, 14.979504048449028, -0.02315470743826891
flux1:, 1.3986233336237692, 14.491982068139595, -0.026454669682069623
flux1:, 1.3988556823792513, 14.10290900395968, -0.03025715415906281
flux1:, 1.3990880311347333, 13.811699478423783, -0.033473328996509524
flux1:, 1.3993203798902152, 13.59630348824495, -0.03520308077610836
flux1:, 1.3995527286456972, 13.41934971646367, -0.0349460814084957
flux1:, 1.399785077401179, 13.237651263756726, -0.03270775601613734
flux1:, 1.4000174261566611, 13.012673431252129, -0.028978619953084993
flux1:, 1.4002497749121432, 12.719439892702288, -0.0245968951869532
flux1:, 1.400482123667625, 12.351834175366001, -0.020532123659670925
flux1:, 1.400714472423107, 11.923197577464425, -0.017645114101676348
flux1:, 1.4009468211785892, 11.462288294930092, -0.016483147099183505
flux1:, 1.401179169934071, 11.005763937392365, -0.017158605689378666
flux1:, 1.401411518689553, 10.589123245052669, -0.019337242831884188
flux1:, 1.4016438674450349, 10.238323206730314, -0.022334860623421184
flux1:, 1.401876216200517, 9.964029951233913, -0.025295073369353594
flux1:, 1.402108564955999, 9.75975052967252, -0.027402288937041934
flux1:, 1.4023409137114808, 9.604116786276487, -0.02807724450677771
flux1:, 1.402573262466963, 9.466595281280549, -0.02710856770099157
flux1:, 1.402805611222445, 9.315116415251204, -0.0246909425773325
flux1:, 1.4030379599779268, 9.123727380520558, -0.021364019510021297
flux1:, 1.4032703087334089, 8.878452256731137, -0.0178703154989368
flux1:, 1.403502657488891, 8.580049083720366, -0.014969192253716635
flux1:, 1.4037350062443728, 8.243148781055838, -0.01325323935859745
flux1:, 1.4039673549998548, 7.892142648277424, -0.013011160078969427
flux1:, 1.4041997037553369, 7.554940508257286, -0.014168511111589326
flux1:, 1.4044320525108187, 7.2561765579749435, -0.016317826931693324
flux1:, 1.4046644012663008, 7.01150001665204, -0.018827778094712946
flux1:, 1.4048967500217828, 6.82425618165735, -0.02100239630595929
flux1:, 1.4051290987772647, 6.685236900543185, -0.022250396271552515
flux1:, 1.4053614475327467, 6.575419951952473, -0.022223601222585636
flux1:, 1.4055937962882286, 6.47091089614264, -0.020892323830813683
flux1:, 1.4058261450437106, 6.348813937533533, -0.018541794539998085
flux1:, 1.4060584937991927, 6.19259602576125, -0.01569320984277673
flux1:, 1.4062908425546745, 5.995694584078774, -0.012970911692978137
flux1:, 1.4065231913101566, 5.762593722831338, -0.010949364775672628
flux1:, 1.4067555400656386, 5.507230588829664, -0.010017265851151404
flux1:, 1.4069878888211205, 5.2492338044165034, -0.010290722114929696
flux1:, 1.4072202375766025, 5.008987408439687, -0.011594586130705447
flux1:, 1.4074525863320846, 4.802746387452053, -0.013514070853119613
flux1:, 1.4076849350875664, 4.638960466547236, -0.015501891648494099
flux1:, 1.4079172838430485, 4.516621859194556, -0.017013424127541178
flux1:, 1.4081496325985303, 4.425933865339921, -0.01763662984971379
flux1:, 1.4083819813540124, 4.3510321993238525, -0.017185908181089074
flux1:, 1.4086143301094944, 4.274016200286176, -0.01573871842719698
flux1:, 1.4088466788649763, 4.179271230591571, -0.013608211161306148
flux1:, 1.4090790276204583, 4.057042790574417, -0.01126060871118777
flux1:, 1.4093113763759404, 3.90545003522749, -0.009198944401566695
flux1:, 1.4095437251314222, 3.7305356972962915, -0.007842032510727933
flux1:, 1.4097760738869043, 3.5444349212069155, -0.007427664275156064
flux1:, 1.4100084226423863, 3.362188140336913, -0.007962235142906279
flux1:, 1.4102407713978682, 3.198019721205937, -0.009227170074123995
flux1:, 1.4104731201533502, 3.0619911717919774, -0.010838627918859171
flux1:, 1.4107054689088323, 2.957804679239188, -0.012344412957883933
flux1:, 1.4109378176643141, 2.882221884624514, -0.013333741976702165
flux1:, 1.4111701664197962, 2.8261566514812637, -0.013533325111486848
flux1:, 1.411402515175278, 2.7771003301353825, -0.012867419089876575
flux1:, 1.41163486393076, 2.722238515674567, -0.011468871780161536
flux1:, 1.4118672126862422, 2.65148579252087, -0.009640284107606494
flux1:, 1.412099561441724, 2.559722727081731, -0.007776291522729041
flux1:, 1.412331910197206, 2.447744280745915, -0.00626679873265926
flux1:, 1.4125642589526881, 2.3217591243865083, -0.005404801989641858
flux1:, 1.41279660770817, 2.1916312908665505, -0.00532048526161405
flux1:, 1.413028956463652, 2.0683444713743957, -0.005956254541761329
flux1:, 1.413261305219134, 1.9613295485526245, -0.0070871327118935635
flux1:, 1.413493653974616, 1.8762960326578992, -0.008380025321003327
flux1:, 1.413726002730098, 1.8140559904581621, -0.009476398638558904
flux1:, 1.4139583514855798, 1.7705686733296875, -0.010077939547536862
flux1:, 1.4141907002410619, 1.7381327419802444, -0.010014820903063791
flux1:, 1.414423048996544, 1.7073844393995976, -0.009281073849690064
flux1:, 1.4146553977520258, 1.6695864196364474, -0.00802993228428257
flux1:, 1.4148877465075078, 1.6186495870308295, -0.006531750961217514
flux1:, 1.4151200952629899, 1.5524225370176434, -0.005105849960704063
flux1:, 1.4153524440184717, 1.472981139393996, -0.004043370463139106
flux1:, 1.4155847927739538, 1.3859019488946114, -0.0035396993373006695
flux1:, 1.4158171415294358, 1.2987450262026472, -0.0036520487557990433
flux1:, 1.4160494902849177, 1.2191474182131656, -0.004291236658828492
flux1:, 1.4162818390403997, 1.152999721670154, -0.0052482896321236275
flux1:, 1.4165141877958818, 1.1031334330616047, -0.006248246594778174
flux1:, 1.4167465365513636, 1.0688029188715737, -0.007017420607072819
flux1:, 1.4169788853068457, 1.0460422579961766, -0.0073477397683945275
flux1:, 1.4172112340623277, 1.028765448519728, -0.00714312152137631
flux1:, 1.4174435828178096, 1.0103092683375663, -0.006437665221614247
flux1:, 1.4176759315732916, 0.9850293380859846, -0.00538249571096801
flux1:, 1.4179082803287735, 0.9495684002030046, -0.004205603603422097
flux1:, 1.4181406290842555, 0.903514237349534, -0.003155214624114485
flux1:, 1.4183729778397376, 0.8493247594983369, -0.00244067486355585
flux1:, 1.4186053265952194, 0.7915782141248973, -0.0021848574786782838
flux1:, 1.4188376753507015, 0.7357632655513227, -0.0023988149553750104
flux1:, 1.4190700241061835, 0.6869209146777276, -0.002983728269484367
flux1:, 1.4193023728616654, 0.6484680832226813, -0.00375857542736042
flux1:, 1.4195347216171474, 0.621471313130208, -0.004505958220565216
flux1:, 1.4197670703726295, 0.6045173950129947, -0.005024570165019757
flux1:, 1.4199994191281113, 0.5941780687257239, -0.0051757073821848
flux1:, 1.4202317678835934, 0.5859253290793717, -0.004913151576014804
flux1:, 1.4204641166390752, 0.5752551884616968, -0.004290109815288617
flux1:, 1.4206964653945573, 0.5587420585612656, -0.003442551808525719
flux1:, 1.4209288141500394, 0.5347781280974794, -0.0025538558265137557
flux1:, 1.4211611629055212, 0.5038407372804096, -0.0018098528610058708
flux1:, 1.4213935116610033, 0.46825154110918854, -0.0013552222571571358
flux1:, 1.4216258604164853, 0.4315137114894099, -0.001261402692028797
flux1:, 1.4218582091719671, 0.3974083994649598, -0.0015130405636889545
flux1:, 1.4220905579274492, 0.36907821121254675, -0.0020153443722043455
flux1:, 1.4223229066829313, 0.3483153024066976, -0.0026197079327596267
flux1:, 1.422555255438413, 0.3352105588055193, -0.003160798486775261
flux1:, 1.4227876041938952, 0.3282256767918827, -0.003495919340767942
flux1:, 1.4230199529493772, 0.3246461970000417, -0.0035373317633349928
flux1:, 1.423252301704859, 0.3212858229635396, -0.003270285903359357
flux1:, 1.4234846504603411, 0.3152605373414669, -0.0027531826704156976
flux1:, 1.423716999215823, 0.30464528045705275, -0.0021006338869767704
flux1:, 1.423949347971305, 0.28886491165028316, -0.001454156842633156
flux1:, 1.424181696726787, 0.2687429355500657, -0.0009479180456120717
flux1:, 1.424414045482269, 0.24621706712791896, -0.0006777604017794606
flux1:, 1.424646394237751, 0.22380900763827882, -0.0006806015578714977
flux1:, 1.424878742993233, 0.20398868300293024, -0.00092853813633318
flux1:, 1.4251110917487149, 0.18858965515236376, -0.00133835061115297
flux1:, 1.425343440504197, 0.1784107609999588, -0.0017934706561042943
flux1:, 1.425575789259679, 0.17308671522799368, -0.002172697477091964
flux1:, 1.4258081380151608, 0.17124170538737055, -0.0023786414576546207
flux1:, 1.4260404867706429, 0.17087220022931104, -0.002359269326327421
flux1:, 1.4262728355261247, 0.16985429977174604, -0.002117851417609782
flux1:, 1.4265051842816068, 0.16644799476597152, -0.0017095446236586609
flux1:, 1.4267375330370888, 0.1596793841356904, -0.001226049830858053
flux1:, 1.4269698817925707, 0.1495181966988605, -0.0007724971363169886
flux1:, 1.4272022305480527, 0.1368215538425847, -0.0004423248458379168
flux1:, 1.4274345793035348, 0.1230720127289316, -0.00029610564963979
flux1:, 1.4276669280590166, 0.10998479627779491, -0.00034906127739288477
flux1:, 1.4278992768144987, 0.0990852905169894, -0.0005697473421245656
flux1:, 1.4281316255699807, 0.09135848272336218, -0.0008896626772867753
flux1:, 1.4283639743254626, 0.08704851106501867, -0.001221002647415624
flux1:, 1.4285963230809446, 0.08564600205990762, -0.0014780161904218061
flux1:, 1.4288286718364267, 0.08605406421137954, -0.0015968139326500586
flux1:, 1.4290610205919085, 0.08688217482904002, -0.0015490949572249753
flux1:, 1.4292933693473906, 0.08679026617784939, -0.0013469056829837054
flux1:, 1.4295257181028727, 0.08479851140164374, -0.0010377796598597345
flux1:, 1.4297580668583545, 0.08049193371957394, -0.0006918802384972068
flux1:, 1.4299904156138366, 0.07407845683330443, -0.000384546741957111
flux1:, 1.4302227643693184, 0.06629635956066654, -0.00017853948037145395
flux1:, 1.4304551131248004, 0.05820293799773311, -0.00011012670656300232
flux1:, 1.4306874618802825, 0.050902130258000985, -0.00018204724507248923
flux1:, 1.4309198106357643, 0.04527943428840054, -0.00036462456484986385
flux1:, 1.4311521593912464, 0.04180616668582608, -0.0006043452296453714
flux1:, 1.4313845081467285, 0.04045457993515528, -0.0008375151459554867
flux1:, 1.4316168569022103, 0.04073638785109544, -0.0010055528952997296
flux1:, 1.4318492056576924, 0.04184726433749501, -0.0010682819786898797
flux1:, 1.4320815544131742, 0.04287604131885086, -0.0010122433148627556
flux1:, 1.4323139031686563, 0.04302486204741068, -0.0008523663330383919
flux1:, 1.4325462519241383, 0.041787624342640134, -0.0006269694825888441
flux1:, 1.4327786006796202, 0.039047497246523497, -0.0003876118979676388
flux1:, 1.4330109494351022, 0.03507608797531271, -0.00018643079534543506
flux1:, 1.4332432981905843, 0.03044124762748471, -6.403889596619007e-05
flux1:, 1.433475646946066, 0.025851580792742267, -4.075735199860295e-05
flux1:, 1.4337079957015482, 0.021978712359629518, -0.00011303244138858887
flux1:, 1.4339403444570302, 0.01930075390743908, -0.0002555790559600312
flux1:, 1.434172693212512, 0.018002374293007734, -0.0004284351980662477
flux1:, 1.4344050419679941, 0.017951042289667707, -0.0005870181854674619
flux1:, 1.4346373907234762, 0.018749663329726135, -0.0006926843372992794
flux1:, 1.434869739478958, 0.019847797118255947, -0.0007213180430451626
flux1:, 1.43510208823444, 0.02068108858437901, -0.0006680730579688578
flux1:, 1.4353344369899221, 0.020804050606598894, -0.0005473874552027529
flux1:, 1.435566785745404, 0.019985392873168428, -0.00038853908966902424
flux1:, 1.435799134500886, 0.018246129369081945, -0.00022802631797345008
flux1:, 1.4360314832563679, 0.015835609775881096, -0.0001007200917564724
flux1:, 1.43626383201185, 0.013155605922210083, -3.190546769794759e-05
flux1:, 1.436496180767332, 0.010654097494485018, -3.200153389698158e-05
flux1:, 1.4367285295228138, 0.0087159725255756, -9.502425658559204e-05
flux1:, 1.4369608782782959, 0.0075766024181524085, -0.00020092799827851936
flux1:, 1.437193227033778, 0.007276961736401357, -0.0003210558584945707
flux1:, 1.4374255757892598, 0.0076678019240173055, -0.0004252551820266939
flux1:, 1.4376579245447418, 0.00845827507274559, -0.0004889150653712993
flux1:, 1.437890273300224, 0.009294269461261622, -0.0004983046418931048
flux1:, 1.4381226220557057, 0.009845810058987447, -0.0004530809081447609
flux1:, 1.4383549708111878, 0.009882276975314916, -0.0003655572583951957
flux1:, 1.4385873195666696, 0.009318650477844805, -0.000257097359644276
flux1:, 1.4388196683221517, 0.008224074055545937, -0.00015264127520016595
flux1:, 1.4390520170776337, 0.006793557715773202, -7.474105005141059e-05
flux1:, 1.4392843658331156, 0.005292263840240295, -3.851214171192856e-05
flux1:, 1.4395167145885976, 0.003987561281799161, -4.860924540974175e-05
flux1:, 1.4397490633440797, 0.0030857616113488073, -9.879925837175563e-05
flux1:, 1.4399814120995615, 0.0026880608740373897, -0.0001740690355999791
flux1:, 1.4402137608550436, 0.002774578175250618, -0.00025462430527826876
flux1:, 1.4404461096105257, 0.0032180851958748618, -0.00032073975682555926
flux1:, 1.4406784583660075, 0.0038219076552046902, -0.00035728900834095006
flux1:, 1.4409108071214896, 0.0043712149758108705, -0.00035693064364811683
flux1:, 1.4411431558769716, 0.004684597680954253, -0.0003213011290482141
flux1:, 1.4413755046324535, 0.004653782046876566, -0.0002600662224849605
flux1:, 1.4416078533879355, 0.004263070786898514, -0.00018818572353129318
flux1:, 1.4418402021434173, 0.0035855279965457156, -0.000122135645922986
flux1:, 1.4420725508988994, 0.0027586336519172705, -7.602449747764869e-05
flux1:, 1.4423048996543815, 0.0019467498526603048, -5.850446689929719e-05
flux1:, 1.4425372484098633, 0.0013002645598638217, -7.113696205524975e-05
flux1:, 1.4427695971653454, 0.0009212787173526282, -0.00010849414578136503
flux1:, 1.4430019459208274, 0.000843378915847839, -0.0001598599505134458
flux1:, 1.4432342946763093, 0.0010291224837344695, -0.00021203466689236454
flux1:, 1.4434666434317913, 0.0013844049007619144, -0.0002525256734662959
flux1:, 1.4436989921872734, 0.0017849747870782881, -0.00027236525089293907
flux1:, 1.4439313409427552, 0.0021078856733913816, -0.00026793243352052316
flux1:, 1.4441636896982373, 0.0022600951581582323, -0.00024142636183752412
flux1:, 1.4443960384537191, 0.002197724274023981, -0.00019997229579437435
flux1:, 1.4446283872092012, 0.0019322138209966787, -0.000153657189155008
flux1:, 1.4448607359646832, 0.0015230026841246526, -0.00011301794068003582
flux1:, 1.445093084720165, 0.0010595531232549826, -8.659602243251258e-05
flux1:, 1.4453254334756471, 0.0006378209713249114, -7.911542491555828e-05
flux1:, 1.4455577822311292, 0.00033715495525064214, -9.065981081588695e-05
flux1:, 1.445790130986611, 0.00020301410912106264, -0.00011696958012498527
flux1:, 1.446022479742093, 0.00023907790290637746, -0.00015071403641634504
flux1:, 1.4462548284975751, 0.0004098185784554296, -0.0001833798348353963
flux1:, 1.446487177253057, 0.000652056779826506, -0.00020730009957743234
flux1:, 1.446719526008539, 0.0008920338380424928, -0.000217349186859657
flux1:, 1.446951874764021, 0.0010635284398487386, -0.00021193777201698855
flux1:, 1.447184223519503, 0.0011226764856488267, -0.00019312893778208572
flux1:, 1.447416572274985, 0.0010562943334782365, -0.0001659101392724257
flux1:, 1.447648921030467, 0.0008823033447848544, -0.00013684709807334675
flux1:, 1.4478812697859489, 0.0006428288138914997, -0.00011247150702098864
flux1:, 1.448113618541431, 0.0003922187734334008, -9.779060087992066e-05
flux1:, 1.4483459672969128, 0.00018322974980308724, -9.52512016396623e-05
flux1:, 1.4485783160523948, 5.477869809022644e-05, -0.00010436302642919597
flux1:, 1.448810664807877, 2.3999963537254055e-05, -0.00012202036738326986
flux1:, 1.4490430135633587, 8.409845472774438e-05, -0.0001433984672349687
flux1:, 1.4492753623188408, 0.00020799960403979157, -0.00016317818429195573
