flux1:, 1.1764705882352942, 0.00010575843410077158, 0.00018733125798602637
flux1:, 1.1774529451058982, 3.7075697892454574e-05, 0.0001804294053353751
flux1:, 1.1784353019765021, 5.267634204909873e-05, -9.301836801018717e-06
flux1:, 1.179417658847106, 0.00013822522194117628, 0.00011676702717256998
flux1:, 1.18040001571771, 9.07861018952487e-05, 0.0002641949841998194
flux1:, 1.181382372588314, 1.5527612793115204e-05, 5.975634281837294e-05
flux1:, 1.182364729458918, 0.0001086877080782479, 2.4686556773996388e-05
flux1:, 1.183347086329522, 0.00016441932774920398, 0.00025899698629684427
flux1:, 1.1843294432001257, 4.350275543586159e-05, 0.00016431721033620248
flux1:, 1.1853118000707297, 3.8295756524097557e-05, -1.7251758349300034e-05
flux1:, 1.1862941569413337, 0.00017966019375941048, 0.00018887648799829977
flux1:, 1.1872765138119377, 0.00013021496897888487, 0.0002509609746924995
flux1:, 1.1882588706825417, 5.388356976922392e-06, 4.438559030680333e-06
flux1:, 1.1892412275531457, 0.00012216087458925267, 0.00010204184757280953
flux1:, 1.1902235844237494, 0.0002097072283796584, 0.00030554286664746176
flux1:, 1.1912059412943534, 5.023422631039541e-05, 8.172521618979357e-05
flux1:, 1.1921882981649574, 4.014504397954259e-05, 2.327676109883765e-05
flux1:, 1.1931706550355614, 0.00022528211710211676, 0.0003169884392906167
flux1:, 1.1941530119061654, 0.00015510284550829983, 0.00020870378359480712
flux1:, 1.1951353687767692, 2.517408100674583e-07, -1.8973476643564335e-05
flux1:, 1.1961177256473732, 0.00016245606835432866, 0.00026677954511134796
flux1:, 1.1971000825179772, 0.0002586867817949055, 0.0003581513390370845
flux1:, 1.1980824393885812, 4.807392403485485e-05, 1.713033127821048e-05
flux1:, 1.1990647962591852, 6.2262011660501e-05, 0.00015803487079813375
flux1:, 1.200047153129789, 0.00029086841926163984, 0.00046774035386323864
flux1:, 1.201029510000393, 0.0001714666454481779, 0.00015464247437953102
flux1:, 1.202011866870997, 1.7193569042804837e-06, 4.203563290082839e-05
flux1:, 1.202994223741601, 0.00022593524563127918, 0.0004721832043416918
flux1:, 1.203976580612205, 0.00029960504438673446, 0.0003579216037691546
flux1:, 1.2049589374828087, 3.681300745463815e-05, -2.1907895985728145e-06
flux1:, 1.2059412943534127, 0.00010832818806835613, 0.00035980546054420633
flux1:, 1.2069236512240167, 0.00035507233941621514, 0.0005403693883770509
flux1:, 1.2079060080946207, 0.00015852911304892154, 7.385361235625735e-05
flux1:, 1.2088883649652247, 1.817263121279287e-05, 0.00018952234483577126
flux1:, 1.2098707218358287, 0.0003100380607146968, 0.0006205253755150895
flux1:, 1.2108530787064324, 0.00030572970006900296, 0.0002527943206908096
flux1:, 1.2118354355770364, 1.5101835127025058e-05, 5.084326671204425e-05
flux1:, 1.2128177924476404, 0.00019555794219967975, 0.000569556665939358
flux1:, 1.2138001493182444, 0.0004106308173463865, 0.0004662332362386652
flux1:, 1.2147825061888484, 0.00011248987922165906, 1.1678084594097944e-05
flux1:, 1.2157648630594522, 7.406577819793447e-05, 0.000417844509534648
flux1:, 1.2167472199300562, 0.00043190433124851, 0.0006326600871039884
flux1:, 1.2177295768006602, 0.0002886971081004784, 8.7891471266462e-05
flux1:, 1.2187119336712642, 1.3222230336263682e-05, 0.00023633606950087486
flux1:, 1.2196942905418682, 0.00035648888097883076, 0.0006965555140095965
flux1:, 1.220676647412472, 0.0005131289060389039, 0.0002296781736595684
flux1:, 1.221659004283076, 0.00011134151434865487, 0.00014253818772789169
flux1:, 1.22264136115368, 0.00013209537382917276, 0.0008873706883968062
flux1:, 1.223623718024284, 0.0004226819330373943, 0.0006773162264247558
flux1:, 1.224606074894888, 0.00018062052813841512, 0.0001666075571341659
flux1:, 1.2255884317654917, 6.628923464459327e-05, 0.0008754797602672837
flux1:, 1.2265707886360957, 0.0004035318064157877, 0.0010899736459140954
flux1:, 1.2275531455066997, 0.00027889884502168525, 0.00024161574433669418
flux1:, 1.2285355023773037, 2.6631321774030828e-05, 0.0005625697018124495
flux1:, 1.2295178592479077, 0.00041690019635647914, 0.0012864050837524939
flux1:, 1.2305002161185117, 0.0005038480970455479, 0.0005424192412374369
flux1:, 1.2314825729891155, 6.17674918434427e-05, 0.0003475846126634717
flux1:, 1.2324649298597194, 0.00033554985681218846, 0.0013791422083584328
flux1:, 1.2334472867303234, 0.0007481680313722834, 0.0010292049870997647
flux1:, 1.2344296436009274, 0.0002566591862313958, 0.00028999735410316065
flux1:, 1.2354120004715314, 0.00021459007628545594, 0.0013322954436663004
flux1:, 1.2363943573421352, 0.0009325064060604714, 0.0016399072924253668
flux1:, 1.2373767142127392, 0.0006542413671802988, 0.0005083435516514257
flux1:, 1.2383590710833432, 0.00016821745652322945, 0.0011680106363884614
flux1:, 1.2393414279539472, 0.0009913796938606815, 0.0022643406466301714
flux1:, 1.2403237848245512, 0.0012379807020398029, 0.0011258652754265114
flux1:, 1.241306141695155, 0.0003729971956487284, 0.0010221803150559958
flux1:, 1.242288498565759, 0.0009392926774678351, 0.002790906506705221
flux1:, 1.243270855436363, 0.0019436040888091645, 0.0022381981358073916
flux1:, 1.244253212306967, 0.0010563443851112622, 0.0011752773114616247
flux1:, 1.245235569177571, 0.0009451713910161181, 0.0031827167545902912
flux1:, 1.2462179260481747, 0.0027097844064474064, 0.003920318860434325
flux1:, 1.2472002829187787, 0.002519686122830515, 0.0021094679212159337
flux1:, 1.2481826397893827, 0.0014707089642093305, 0.0035809615460179575
flux1:, 1.2491649966599867, 0.0035696734308676777, 0.006228152153850918
flux1:, 1.2501473535305907, 0.0051676227364369194, 0.004635243967794426
flux1:, 1.2511297104011945, 0.0035899905504390025, 0.004532413916933431
flux1:, 1.2521120672717985, 0.004874235897623441, 0.008966487110282664
flux1:, 1.2530944241424025, 0.009085982296248038, 0.009586359496479704
flux1:, 1.2540767810130065, 0.008840746583974816, 0.0071347525680997064
flux1:, 1.2550591378836105, 0.007390443229051883, 0.010430451674982966
flux1:, 1.2560414947542144, 0.011497546285413962, 0.014061744159628402
flux1:, 1.2570238516248182, 0.01402346865470198, 0.010339987211422548
flux1:, 1.2580062084954222, 0.009887690951815839, 0.0077815584030010935
flux1:, 1.2589885653660262, 0.008494261946754213, 0.01068023897942186
flux1:, 1.2599709222366302, 0.011599391376377237, 0.009452773117992645
flux1:, 1.2609532791072342, 0.009605430797345688, 0.004537261388932925
flux1:, 1.261935635977838, 0.005211972223347021, 0.004860175586127926
flux1:, 1.262917992848442, 0.006674109747065296, 0.006356493226826302
flux1:, 1.263900349719046, 0.007902408958290221, 0.0032329996246957555
flux1:, 1.26488270658965, 0.004168885803768109, 0.00178029538493987
flux1:, 1.265865063460254, 0.0034604176802764705, 0.00373387579128543
flux1:, 1.266847420330858, 0.00601866449551948, 0.002740957700884471
flux1:, 1.2678297772014617, 0.004207105414503241, 0.0006938590298169131
flux1:, 1.2688121340720657, 0.0019523966187637333, 0.0019396713210509827
flux1:, 1.2697944909426697, 0.004245252661648011, 0.002339793196832054
flux1:, 1.2707768478132737, 0.004443947216578257, 0.0005232095014402218
flux1:, 1.2717592046838777, 0.0016103557326122046, 0.0008433253843450811
flux1:, 1.2727415615544815, 0.002714321462732736, 0.0018560544580091818
flux1:, 1.2737239184250855, 0.004465327065750666, 0.0006718865671563939
flux1:, 1.2747062752956895, 0.0020097708064395945, 0.000295786619540013
flux1:, 1.2756886321662935, 0.00157102109237515, 0.0013316444837360626
flux1:, 1.2766709890368975, 0.004111664639868724, 0.0008336936691423405
flux1:, 1.2776533459075012, 0.0027998514761488303, 0.00014889319326837167
flux1:, 1.2786357027781052, 0.0009579583901790949, 0.0008776607303241723
flux1:, 1.2796180596487092, 0.0033887356987103837, 0.000873312736344448
flux1:, 1.2806004165193132, 0.003656317063694067, 0.0002429861580078341
flux1:, 1.2815827733899172, 0.0009685434220110032, 0.0006078110101244144
flux1:, 1.282565130260521, 0.0024341336680963554, 0.0007779296073520937
flux1:, 1.283547487131125, 0.004279252741813997, 0.00041301822855459297
flux1:, 1.284529844001729, 0.0015959799341437506, 0.0006016083231245422
flux1:, 1.285512200872333, 0.0014891885539872985, 0.0006354622424480364
flux1:, 1.286494557742937, 0.004419470318525395, 0.0005100500902322395
flux1:, 1.2874769146135407, 0.002674627958080343, 0.0008907233624578605
flux1:, 1.2884592714841447, 0.0008465403285820957, 0.0006311311667516004
flux1:, 1.2894416283547487, 0.003908939597748811, 0.0004290169341092718
flux1:, 1.2904239852253527, 0.0037504939044206735, 0.0015030377232318575
flux1:, 1.2914063420959567, 0.0007003126302491321, 0.001162225613404828
flux1:, 1.2923886989665605, 0.002635904355832981, 0.00014599042396655333
flux1:, 1.2933710558371645, 0.0033387720623572403, 0.0030457516154774253
flux1:, 1.2943534127077685, 0.0010218460354685503, 0.005933227103064994
flux1:, 1.2953357695783725, 0.00769436376932861, 0.0033294195441003127
flux1:, 1.2963181264489765, 0.015255859329521025, 0.000739671157655856
flux1:, 1.2973004833195805, 0.008135909717024162, 0.001367437367855222
flux1:, 1.2982828401901843, 0.0030386687934900055, 0.0008377229811442117
flux1:, 1.2992651970607882, 0.011589292324223188, 0.0010323278187311677
flux1:, 1.3002475539313922, 0.011363797661755206, 0.0030087505497673308
flux1:, 1.3012299108019962, 0.002936651379902229, 0.001364869991933233
flux1:, 1.3022122676726002, 0.01020095974450803, 0.0008603474538155273
flux1:, 1.303194624543204, 0.016866467408623576, 0.0053226792706789275
flux1:, 1.304176981413808, 0.006038185689844065, 0.0037553270921978376
flux1:, 1.305159338284412, 0.008460247865192285, 0.0004705468248039981
flux1:, 1.306141695155016, 0.023846605020832048, 0.008153842996417245
flux1:, 1.30712405202562, 0.014561546369903462, 0.009524537510187205
flux1:, 1.308106408896224, 0.007123952166865858, 0.000898343643751229
flux1:, 1.3090887657668278, 0.03208680811541676, 0.011559552574555173
flux1:, 1.3100711226374318, 0.03354181457532032, 0.02237128096576633
flux1:, 1.3110534795080357, 0.009984704341312949, 0.0054920791461955
flux1:, 1.3120358363786397, 0.0422506739756718, 0.016236767910969823
flux1:, 1.3130181932492437, 0.07680010893734933, 0.05331380873381402
flux1:, 1.3140005501198475, 0.03198910885991449, 0.027684189497046766
flux1:, 1.3149829069904515, 0.05962950445181542, 0.026706936638399195
flux1:, 1.3159652638610555, 0.20310103137359395, 0.15233344480103775
flux1:, 1.3169476207316595, 0.1660621804887647, 0.1547807586523245
flux1:, 1.3179299776022635, 0.13415292091617761, 0.08830946372348134
flux1:, 1.3189123344728673, 1.0506343227699821, 0.8992838539630412
flux1:, 1.3198946913434713, 2.978219838907321, 2.8938130880939807
flux1:, 1.3208770482140753, 4.186565226601085, 4.326088959726658
flux1:, 1.3218594050846793, 3.2960259527123568, 3.4952359909685278
flux1:, 1.3228417619552832, 1.3325482650895932, 1.403723334792404
flux1:, 1.323824118825887, 0.1981069587395351, 0.22410536017241067
flux1:, 1.324806475696491, 0.15395597403361208, 0.22746744280984493
flux1:, 1.325788832567095, 0.23417871941455137, 0.2838608824372947
flux1:, 1.326771189437699, 0.08787538989331659, 0.09756785702451366
flux1:, 1.327753546308303, 0.03008926161473072, 0.0674926318642701
flux1:, 1.3287359031789068, 0.0847135389110039, 0.1276787393290765
flux1:, 1.3297182600495108, 0.059818152857711436, 0.06926860688532543
flux1:, 1.3307006169201148, 0.01271093556226518, 0.03273252928538099
flux1:, 1.3316829737907188, 0.035245167461535, 0.07318686850543178
flux1:, 1.3326653306613228, 0.043676873538197686, 0.05709963976470021
flux1:, 1.3336476875319265, 0.012349701334605986, 0.02256819343308495
flux1:, 1.3346300444025305, 0.014328674966363293, 0.04662719792954729
flux1:, 1.3356124012731345, 0.031044811616548002, 0.049725668998026225
flux1:, 1.3365947581437385, 0.014962986204535612, 0.020327443311537498
flux1:, 1.3375771150143425, 0.00575708318285468, 0.03150339682398559
flux1:, 1.3385594718849465, 0.02050037100523412, 0.04413970847649194
flux1:, 1.3395418287555503, 0.016828731053323928, 0.021347076777041247
flux1:, 1.3405241856261543, 0.0036118322662969907, 0.02237407670698934
flux1:, 1.3415065424967583, 0.012085534115914284, 0.03926497229567855
flux1:, 1.3424888993673623, 0.01686453500519366, 0.023882499942644134
flux1:, 1.3434712562379663, 0.004838957003832399, 0.017048552589514075
flux1:, 1.34445361310857, 0.006102967595257453, 0.034656605370872055
flux1:, 1.345435969979174, 0.015032726420617568, 0.027110812951881863
flux1:, 1.346418326849778, 0.007463136092226179, 0.014574068787817187
flux1:, 1.347400683720382, 0.002723253113599285, 0.03015327975259883
flux1:, 1.348383040590986, 0.011830004981637264, 0.030527092689432777
flux1:, 1.34936539746159, 0.010097265321846892, 0.014558611454858712
flux1:, 1.3503477543321938, 0.0018484611104503852, 0.02578899870480641
flux1:, 1.3513301112027978, 0.008027200309701728, 0.03372183860118857
flux1:, 1.3523124680734018, 0.011810326594761226, 0.016881455837832036
flux1:, 1.3532948249440058, 0.0030971525355909272, 0.021796881043352454
flux1:, 1.3542771818146098, 0.00448985344990693, 0.036299398262587095
flux1:, 1.3552595386852135, 0.012088032456276874, 0.021528837180638954
flux1:, 1.3562418955558175, 0.005851517067318911, 0.018650045720490314
flux1:, 1.3572242524264215, 0.0020501970466739877, 0.03787253661997084
flux1:, 1.3582066092970255, 0.010809516843871873, 0.02846854557711713
flux1:, 1.3591889661676295, 0.009323264803174766, 0.017115809155241208
flux1:, 1.3601713230382333, 0.001422441639507782, 0.038119560997754515
flux1:, 1.3611536799088373, 0.008236987239119257, 0.037532437706470266
flux1:, 1.3621360367794413, 0.012609935721173629, 0.01830840495846526
flux1:, 1.3631183936500453, 0.003136705184085684, 0.03691192873241894
flux1:, 1.3641007505206493, 0.005046155816369753, 0.04829687329615412
flux1:, 1.365083107391253, 0.01474524978849928, 0.023725087776200228
flux1:, 1.366065464261857, 0.0074390357665736016, 0.03453654680880429
flux1:, 1.367047821132461, 0.0024242253331906486, 0.059963671148604555
flux1:, 1.368030178003065, 0.014802596675494717, 0.035241936290643636
flux1:, 1.369012534873669, 0.014083790028690113, 0.03205654414437426
flux1:, 1.3699948917442728, 0.0022238940695582317, 0.07126086654788162
flux1:, 1.3709772486148768, 0.012195995512649565, 0.05502564984706496
flux1:, 1.3719596054854808, 0.02195223869750522, 0.031881507058447146
flux1:, 1.3729419623560848, 0.007068912622183836, 0.08041828625484955
flux1:, 1.3739243192266888, 0.007457492251376058, 0.08528521274305972
flux1:, 1.3749066760972926, 0.028520184476407383, 0.038657881854596426
flux1:, 1.3758890329678966, 0.02011387244092402, 0.08535757944548013
flux1:, 1.3768713898385005, 0.004010589069069583, 0.1277873556289828
flux1:, 1.3778537467091045, 0.02955239848717351, 0.06068906345536894
flux1:, 1.3788361035797085, 0.043788149760882515, 0.08442274981046406
flux1:, 1.3798184604503125, 0.011999940824803376, 0.18342958026672052
flux1:, 1.3808008173209163, 0.020722002437275518, 0.112767260663057
flux1:, 1.3817831741915203, 0.07633000611313859, 0.0783107365958672
flux1:, 1.3827655310621243, 0.05751144671761348, 0.25485627895035584
flux1:, 1.3837478879327283, 0.0086397710475108, 0.22735959943669237
flux1:, 1.3847302448033323, 0.10477224353971387, 0.07464310720927674
flux1:, 1.3857126016739363, 0.22114995292833134, 0.37484004246944436
flux1:, 1.38669495854454, 0.09017618431211985, 0.5500429040516613
flux1:, 1.387677315415144, 0.09231386141466623, 0.10963525455878398
flux1:, 1.388659672285748, 1.158582140037061, 1.0610015936204014
flux1:, 1.389642029156352, 3.3049865851828932, 4.7355353366709965
flux1:, 1.390624386026956, 4.89837347738324, 7.691403743569021
flux1:, 1.3916067428975598, 4.338809926319667, 6.1201634431108465
flux1:, 1.3925890997681638, 2.163201931534849, 2.103568379089483
flux1:, 1.3935714566387678, 0.40849084024195936, 0.11965288906199889
flux1:, 1.3945538135093718, 0.048583151311211645, 0.3786446049266282
flux1:, 1.3955361703799758, 0.268527618437591, 0.47636841880470765
flux1:, 1.3965185272505796, 0.20928896937430622, 0.10993991702401941
flux1:, 1.3975008841211836, 0.03328516958432547, 0.14783504514976428
flux1:, 1.3984832409917876, 0.060847155222519204, 0.2780436852640408
flux1:, 1.3994655978623916, 0.11530607371259809, 0.12302865982006504
flux1:, 1.4004479547329955, 0.050087459725379035, 0.07989899158724813
flux1:, 1.4014303116035993, 0.018454929327675694, 0.1853714866389218
flux1:, 1.4024126684742033, 0.060062650527815335, 0.12774413868323486
flux1:, 1.4033950253448073, 0.052041900252950746, 0.05707822365295764
flux1:, 1.4043773822154113, 0.014948718546844025, 0.12514412631707741
flux1:, 1.4053597390860153, 0.029755100613596045, 0.12338147586804661
flux1:, 1.406342095956619, 0.044447820381814086, 0.0537847631853408
flux1:, 1.407324452827223, 0.02010271390757756, 0.08498579722932348
flux1:, 1.408306809697827, 0.015714986227506215, 0.11257266799314508
flux1:, 1.409289166568431, 0.03364207193447709, 0.05883099453650922
flux1:, 1.410271523439035, 0.02471593595735486, 0.06006832170452523
flux1:, 1.4112538803096388, 0.01160739515053442, 0.0981319048775563
flux1:, 1.4122362371802428, 0.02357244070996078, 0.06621924305644512
flux1:, 1.4132185940508468, 0.02631142800637047, 0.04708831689261501
flux1:, 1.4142009509214508, 0.01284453753396935, 0.08253427388513587
flux1:, 1.4151833077920548, 0.01627093487759769, 0.0725678886020374
flux1:, 1.4161656646626586, 0.02493661269946677, 0.043247239625787415
flux1:, 1.4171480215332626, 0.016164086312897983, 0.06789811267153473
flux1:, 1.4181303784038666, 0.01245537174853511, 0.07604580284743928
flux1:, 1.4191127352744706, 0.021646607863591034, 0.04593065542045538
flux1:, 1.4200950921450746, 0.019357595294466744, 0.05600248275000617
flux1:, 1.4210774490156786, 0.0119141150185731, 0.0759162824874511
flux1:, 1.4220598058862823, 0.017833032686123733, 0.052554993602715
flux1:, 1.4230421627568863, 0.021142661555444475, 0.04820941167693387
flux1:, 1.4240245196274903, 0.013770581975746208, 0.072363702781874
flux1:, 1.4250068764980943, 0.014811991081381143, 0.06056028446059917
flux1:, 1.4259892333686983, 0.021105142248539082, 0.04527701613607857
flux1:, 1.4269715902393023, 0.016752401811685608, 0.06639374071180988
flux1:, 1.427953947109906, 0.013493690915350829, 0.06758258150305865
flux1:, 1.42893630398051, 0.01960293541490671, 0.047132680933961175
flux1:, 1.429918660851114, 0.01953111906773756, 0.05964389843101976
flux1:, 1.430901017721718, 0.014140387646182155, 0.07178752400154766
flux1:, 1.431883374592322, 0.0175367651206045, 0.05274063822268535
flux1:, 1.4328657314629258, 0.0211047358180363, 0.054008488927249014
flux1:, 1.4338480883335298, 0.0163005242227743, 0.07225407545068076
flux1:, 1.4348304452041338, 0.015966304888113778, 0.060211950952406924
flux1:, 1.4358128020747378, 0.02110573765816267, 0.051098039895517935
flux1:, 1.4367951589453418, 0.018993579073870392, 0.06922011332634335
flux1:, 1.4377775158159456, 0.015661803759752034, 0.06723166218214871
flux1:, 1.4387598726865496, 0.01988645348978509, 0.051689665299101066
flux1:, 1.4397422295571536, 0.02111901009349863, 0.06400511041060745
flux1:, 1.4407245864277576, 0.016770590528358796, 0.0717235922405017
flux1:, 1.4417069432983616, 0.018303760528278146, 0.055407058238188985
flux1:, 1.4426893001689653, 0.021928709275708103, 0.05854720777231915
flux1:, 1.4436716570395693, 0.018769591080763242, 0.07251183152600808
flux1:, 1.4446540139101733, 0.01727767079006004, 0.06081926185353537
flux1:, 1.4456363707807773, 0.021332858709310676, 0.05469140705190114
flux1:, 1.4466187276513813, 0.02074425621253188, 0.06968310235715677
flux1:, 1.447601084521985, 0.017339567447131655, 0.06596171760373173
flux1:, 1.448583441392589, 0.01987771700562463, 0.05352228320542606
flux1:, 1.449565798263193, 0.021851143127971342, 0.06447173349078038
flux1:, 1.450548155133797, 0.01840584938534412, 0.06906416340942943
flux1:, 1.451530512004401, 0.018415430548846062, 0.05503201850484126
flux1:, 1.4525128688750049, 0.02171405757547362, 0.058722702896628926
flux1:, 1.4534952257456089, 0.0198826010429712, 0.06916394653463084
flux1:, 1.4544775826162128, 0.017659350014330652, 0.05824384400656091
flux1:, 1.4554599394868168, 0.020552607485147163, 0.054188630970902416
flux1:, 1.4564422963574208, 0.021014817214227217, 0.06635935392636719
flux1:, 1.4574246532280246, 0.017864644017579468, 0.061686451163426144
flux1:, 1.4584070100986286, 0.019008074678448103, 0.051961966575848895
flux1:, 1.4593893669692326, 0.021271407025459495, 0.061652168671348394
flux1:, 1.4603717238398366, 0.018775392228065277, 0.06397697482756476
flux1:, 1.4613540807104406, 0.017795051045439773, 0.05223213014174212
flux1:, 1.4623364375810444, 0.020571014411908714, 0.05651029957786681
flux1:, 1.4633187944516486, 0.019819991000040248, 0.06427658043664619
flux1:, 1.4643011513222524, 0.017371474595870063, 0.054385749773344656
flux1:, 1.4652835081928564, 0.019267781447799965, 0.05235877789482659
flux1:, 1.4662658650634603, 0.020420522605063045, 0.062489543553048636
flux1:, 1.4672482219340643, 0.01777283881854139, 0.0573386538834378
flux1:, 1.4682305788046683, 0.01794384226585576, 0.05017731618261319
flux1:, 1.4692129356752721, 0.02025789230660062, 0.05920042105750645
flux1:, 1.470195292545876, 0.018653129385473404, 0.05994321938078405
flux1:, 1.47117764941648, 0.017129806842916626, 0.05029793825948668
flux1:, 1.472160006287084, 0.019386768377551017, 0.05542666268585149
flux1:, 1.473142363157688, 0.019480283170058392, 0.06133771970039575
flux1:, 1.4741247200282919, 0.017079290529689435, 0.05241152870750822
flux1:, 1.4751070768988959, 0.018176029172200774, 0.052293221309972784
flux1:, 1.4760894337694999, 0.019784051434631463, 0.061158193855249045
flux1:, 1.4770717906401039, 0.017679359854774, 0.05573476163811187
flux1:, 1.4780541475107078, 0.017120968922199786, 0.05072527149996712
flux1:, 1.4790365043813116, 0.019352808755205547, 0.059589236842243626
flux1:, 1.4800188612519156, 0.01851660711758784, 0.05926311546235905
flux1:, 1.4810012181225196, 0.016612971699268217, 0.05122338496931567
flux1:, 1.4819835749931236, 0.018308521717469255, 0.057273073131305224
flux1:, 1.4829659318637276, 0.01906243348165022, 0.062036982023435404
flux1:, 1.4839482887343314, 0.016758411967764134, 0.05374697888787383
flux1:, 1.4849306456049354, 0.01703762759610753, 0.055117938934764334
flux1:, 1.4859130024755394, 0.018903673060569587, 0.06336904063403563
flux1:, 1.4868953593461434, 0.01731757391108655, 0.05770216196191508
flux1:, 1.4878777162167474, 0.016005194196344573, 0.054043736948530506
flux1:, 1.4888600730873511, 0.017929812165224608, 0.06300747397915642
flux1:, 1.4898424299579551, 0.017795104968133798, 0.062026324506125205
flux1:, 1.4908247868285591, 0.015521403874040135, 0.05468630907613358
flux1:, 1.4918071436991631, 0.016395552986429848, 0.06121708120542222
flux1:, 1.4927895005697671, 0.017662608470826683, 0.06538798504851578
flux1:, 1.4937718574403709, 0.015558482231252259, 0.05708793879107259
flux1:, 1.4947542143109749, 0.014809288123570324, 0.05873281484487909
flux1:, 1.4957365711815789, 0.016634327406744212, 0.06654044619660876
flux1:, 1.4967189280521829, 0.01572415010423966, 0.06047283295208191
flux1:, 1.4977012849227869, 0.013664442026150286, 0.05650986210777215
flux1:, 1.4986836417933906, 0.014857980357865808, 0.06480338666382632
flux1:, 1.4996659986639946, 0.015456238426739355, 0.0633145363893761
flux1:, 1.5006483555345986, 0.013135991753869768, 0.05525789449870619
flux1:, 1.5016307124052026, 0.012870675233861992, 0.060463665673302934
flux1:, 1.5026130692758066, 0.014375848858759447, 0.06387884001444759
flux1:, 1.5035954261464104, 0.012952002686386625, 0.0549607679884027
flux1:, 1.5045777830170146, 0.011284562669277713, 0.05474663831063348
flux1:, 1.5055601398876184, 0.012569050502447169, 0.061099403327758754
flux1:, 1.5065424967582224, 0.012584115452879626, 0.05476663287343288
flux1:, 1.5075248536288264, 0.010395966104347319, 0.04920812201432728
flux1:, 1.5085072104994304, 0.010549972063377117, 0.055217427028867894
flux1:, 1.5094895673700344, 0.011640944728685846, 0.05345328079584134
flux1:, 1.5104719242406381, 0.010029333973803485, 0.04490333760182493
flux1:, 1.5114542811112421, 0.008911444627738694, 0.04765658783319917
flux1:, 1.5124366379818461, 0.01014113011191543, 0.05017372950819355
flux1:, 1.5134189948524501, 0.009732737183836684, 0.04194098738141736
flux1:, 1.5144013517230541, 0.007955678133425953, 0.04022748066858199
flux1:, 1.515383708593658, 0.008460139850501234, 0.04492982543205536
flux1:, 1.516366065464262, 0.009125526647853988, 0.03967549795479963
flux1:, 1.5173484223348659, 0.0075802628405793335, 0.034274475810489646
flux1:, 1.5183307792054699, 0.00705008380062268, 0.038505651803402104
flux1:, 1.5193131360760739, 0.008118190812960651, 0.037261470545965486
flux1:, 1.5202954929466777, 0.00743323912168312, 0.03026807722182968
flux1:, 1.5212778498172816, 0.00617606104805767, 0.03203074031856875
flux1:, 1.5222602066878856, 0.006900089459294717, 0.034142304729815394
flux1:, 1.5232425635584896, 0.0071621337666207445, 0.027899614961241655
flux1:, 1.5242249204290936, 0.0058200154887361, 0.026502908132218422
flux1:, 1.5252072772996974, 0.0057758014864417225, 0.030249211970641926
flux1:, 1.5261896341703014, 0.0065906002112383275, 0.026445848327687704
flux1:, 1.5271719910409054, 0.005749621052417755, 0.022489314414590025
flux1:, 1.5281543479115094, 0.004983693432157986, 0.025928752167395694
flux1:, 1.5291367047821134, 0.005759898005077434, 0.025151649155580755
flux1:, 1.5301190616527172, 0.005668605396088165, 0.020054605793135033
flux1:, 1.5311014185233212, 0.0045874314593043, 0.021728792769329267
flux1:, 1.5320837753939252, 0.004858128109349907, 0.02348769895507742
flux1:, 1.5330661322645291, 0.005361115815180483, 0.018859121180048385
flux1:, 1.5340484891351331, 0.004468953785411067, 0.018171160358759007
flux1:, 1.535030846005737, 0.004096937744841964, 0.021250764742657576
flux1:, 1.536013202876341, 0.0047729996417826236, 0.018338387842437354
flux1:, 1.536995559746945, 0.0044060050171106525, 0.01558827070214377
flux1:, 1.537977916617549, 0.00359860673645963, 0.018540946847143542
flux1:, 1.538960273488153, 0.004008056840620038, 0.017891194772860657
flux1:, 1.5399426303587567, 0.0041902826779731395, 0.014046497665342831
flux1:, 1.5409249872293607, 0.0033427213203869118, 0.015669334893462915
flux1:, 1.5419073440999647, 0.0032508492424227374, 0.017038367298937415
flux1:, 1.5428897009705687, 0.0037286592698849417, 0.0133469792846907
flux1:, 1.5438720578411727, 0.0031940817213964613, 0.01303403750575285
flux1:, 1.5448544147117764, 0.002659147109268045, 0.01553848412816171
flux1:, 1.5458367715823806, 0.0030760577106695784, 0.013091675067480638
flux1:, 1.5468191284529844, 0.0029920119644984144, 0.01098242124616001
flux1:, 1.5478014853235884, 0.0022861472586147027, 0.01344296925469159
flux1:, 1.5487838421941924, 0.002384833096378455, 0.01280823918740107
flux1:, 1.5497661990647964, 0.002643645894835208, 0.009683304665151554
flux1:, 1.5507485559354004, 0.0020744547983340624, 0.011060689124694698
flux1:, 1.5517309128060042, 0.001808624490583519, 0.012110341857992814
flux1:, 1.5527132696766082, 0.0021631364199197214, 0.009057497082218103
flux1:, 1.5536956265472122, 0.0019137006872996544, 0.008823609163516597
flux1:, 1.5546779834178162, 0.0014256335112240385, 0.010834446815519781
flux1:, 1.5556603402884202, 0.0016424870039394844, 0.008811622308549589
flux1:, 1.556642697159024, 0.0017126739384797005, 0.007102728604885663
flux1:, 1.557625054029628, 0.0012214236861702228, 0.0090857188270093
flux1:, 1.558607410900232, 0.001188063929611504, 0.008567818090895433
flux1:, 1.559589767770836, 0.0014400404649868633, 0.006062352907295542
flux1:, 1.56057212464144, 0.0011227725888897156, 0.00716972001179154
flux1:, 1.5615544815120437, 0.0008680910559909337, 0.008023563319651084
flux1:, 1.5625368383826477, 0.0011220726864293558, 0.005618680549170688
flux1:, 1.5635191952532517, 0.0010473251677580449, 0.005448983203340984
flux1:, 1.5645015521238557, 0.0006936299170233527, 0.0070631766666861065
flux1:, 1.5654839089944597, 0.0008142454379988823, 0.005507286598799311
flux1:, 1.5664662658650634, 0.0009398226788415686, 0.004196013816556919
flux1:, 1.5674486227356674, 0.0006291536702993405, 0.005777724295564212
flux1:, 1.5684309796062714, 0.0005693574303618185, 0.005412350642420829
flux1:, 1.5694133364768754, 0.0007849500897416279, 0.003503568560596043
flux1:, 1.5703956933474794, 0.0006172720652327368, 0.00439957272888534
flux1:, 1.5713780502180832, 0.0004162412241380362, 0.005093921024898819
flux1:, 1.5723604070886872, 0.0006010312742851823, 0.003277519040981141
flux1:, 1.5733427639592912, 0.0006036546613150976, 0.0031923230447257283
flux1:, 1.5743251208298952, 0.0003529014784584442, 0.0044639817918559295
flux1:, 1.5753074777004992, 0.000423645379479373, 0.003300444268306443
flux1:, 1.576289834571103, 0.000554242049244991, 0.002346491568781006
flux1:, 1.577272191441707, 0.0003517994269978277, 0.003591843575107591
flux1:, 1.578254548312311, 0.00028740316061352133, 0.0033297051461864615
flux1:, 1.579236905182915, 0.0004620196470090256, 0.0019196709933807844
flux1:, 1.580219262053519, 0.00037273865803938113, 0.002649707995891504
flux1:, 1.5812016189241227, 0.000211689570128502, 0.0031873867805805134
flux1:, 1.5821839757947267, 0.0003437382989275635, 0.001836084545027214
flux1:, 1.5831663326653307, 0.0003783487359696934, 0.0018298391414534427
flux1:, 1.5841486895359347, 0.000194006965490505, 0.0028099807097364767
flux1:, 1.5851310464065387, 0.00022891562956380227, 0.001934967384502147
flux1:, 1.5861134032771425, 0.0003471221610742203, 0.0012699695467323494
flux1:, 1.5870957601477467, 0.00021250577933047584, 0.0022469735509979714
flux1:, 1.5880781170183504, 0.00014528186535729202, 0.0020400043338297423
flux1:, 1.5890604738889544, 0.00027941204740970424, 0.0010131991330117015
flux1:, 1.5900428307595584, 0.00023650140297138425, 0.0016198160903940655
flux1:, 1.5910251876301624, 0.00010641715492543261, 0.002019608458219206
flux1:, 1.5920075445007664, 0.00019388929970618022, 0.001009051093144
flux1:, 1.5929899013713702, 0.00024029312687123147, 0.0010656053904738163
flux1:, 1.5939722582419742, 0.00010705982649830894, 0.0018193157715508167
flux1:, 1.5949546151125782, 0.00011619410025287965, 0.0011447339784815334
flux1:, 1.5959369719831822, 0.00021343615934428243, 0.000688266892662288
flux1:, 1.5969193288537862, 0.00012799544547072918, 0.0014637584495222735
flux1:, 1.59790168572439, 6.590211476347491e-05, 0.0012890121304640033
flux1:, 1.598884042594994, 0.00016238798854003228, 0.0005293126701259353
flux1:, 1.599866399465598, 0.0001469450699453267, 0.0010356803305698466
flux1:, 1.600848756336202, 4.876296348036022e-05, 0.0013344002092556062
flux1:, 1.601831113206806, 0.00010387759599680399, 0.0005609717743347416
flux1:, 1.6028134700774097, 0.0001486794731254856, 0.0006411441176423873
flux1:, 1.6037958269480137, 5.7164397059044433e-05, 0.0012280766000086713
flux1:, 1.6047781838186177, 5.5195456513699065e-05, 0.0007008063035276305
flux1:, 1.6057605406892217, 0.00012941146848262494, 0.0003702235285066895
flux1:, 1.6067428975598257, 7.637805631690164e-05, 0.000983661648168167
flux1:, 1.6077252544304295, 2.6985172040268902e-05, 0.0008437653753192075
flux1:, 1.6087076113010335, 9.516715400423869e-05, 0.0002650442708391059
flux1:, 1.6096899681716375, 9.18501474960508e-05, 0.0006692714484051925
flux1:, 1.6106723250422414, 2.083307857282009e-05, 0.0009012636760381793
flux1:, 1.6116546819128454, 5.696978459274335e-05, 0.0003073358849088461
flux1:, 1.6126370387834492, 9.424157489509446e-05, 0.00037580730377611096
flux1:, 1.6136193956540532, 3.0772604079039357e-05, 0.0008318955917198218
flux1:, 1.6146017525246572, 2.5739762419585753e-05, 0.00043064231148186945
flux1:, 1.6155841093952612, 8.135788182480182e-05, 0.0001789473834123394
flux1:, 1.6165664662658652, 4.681315254730237e-05, 0.0006511513369799697
flux1:, 1.617548823136469, 8.49515889380517e-06, 0.0005508391062284238
flux1:, 1.618531180007073, 5.7423203207002856e-05, 0.00011129716496749708
flux1:, 1.619513536877677, 5.897296073815633e-05, 0.0004175855897890579
flux1:, 1.620495893748281, 6.493991224611017e-06, 0.0006003435210328842
flux1:, 1.621478250618885, 3.0467144818981112e-05, 0.0001553198166434812
flux1:, 1.6224606074894887, 6.068940164950171e-05, 0.00020382772285691342
flux1:, 1.6234429643600927, 1.5540990540303843e-05, 0.0005512510770367094
flux1:, 1.6244253212306967, 8.791344335238483e-06, 0.0002571797909434764
flux1:, 1.6254076781013007, 5.065951633893044e-05, 6.639077338906459e-05
flux1:, 1.6263900349719047, 2.8204795011886892e-05, 0.00041951286569628693
flux1:, 1.6273723918425085, -2.249439646958574e-06, 0.00035267742011603124
flux1:, 1.6283547487131127, 3.256754950865758e-05, 2.657810154118896e-05
flux1:, 1.6293371055837165, 3.703531910353683e-05, 0.00025149539120420886
flux1:, 1.6303194624543205, -1.9724890582034595e-06, 0.0003929455212378371
flux1:, 1.6313018193249245, 1.293303812908702e-05, 6.813828027792144e-05
flux1:, 1.6322841761955285, 3.744744460120308e-05, 0.00010119825298985965
flux1:, 1.6332665330661325, 5.970783319648945e-06, 0.00035989478461633786
flux1:, 1.6342488899367362, -1.90521436595477e-06, 0.00014961124766732032
flux1:, 1.6352312468073402, 2.9116379192303866e-05, 8.60073610266417e-06
flux1:, 1.6362136036779442, 1.56557094017881e-05, 0.0002673116093005129
flux1:, 1.6371959605485482, -8.338070049471432e-06, 0.000223946887124476
flux1:, 1.6381783174191522, 1.5455725525108016e-05, -1.281679910147749e-05
flux1:, 1.639160674289756, 2.1608453275984184e-05, 0.00014986245854961344
flux1:, 1.64014303116036, -6.555889612328808e-06, 0.00025661650731265416
flux1:, 1.641125388030964, 1.6264813682795287e-06, 2.3583502650551604e-05
flux1:, 1.642107744901568, 2.0956799361867945e-05, 4.6427600508223335e-05
flux1:, 1.643090101772172, 1.210539773191902e-07, 0.0002357553313628478
flux1:, 1.6440724586427757, -7.885615114134028e-06, 8.71826808657142e-05
flux1:, 1.6450548155133797, 1.4167855671321648e-05, -1.498139459564018e-05
flux1:, 1.6460371723839837, 7.123715213469997e-06, 0.00017215119531885224
flux1:, 1.6470195292545877, -1.1026904934480868e-05, 0.00014418761099625464
flux1:, 1.6480018861251917, 4.25932244000879e-06, -2.5527409355983133e-05
flux1:, 1.6489842429957955, 1.0737358529642368e-05, 9.105064492629002e-05
flux1:, 1.6499665998663995, -8.607991045279625e-06, 0.000170251363382547
flux1:, 1.6509489567370035, -4.938484594274e-06, 4.614981532236926e-06
flux1:, 1.6519313136076075, 9.47670886835488e-06, 2.029122003845487e-05
flux1:, 1.6529136704782115, -3.4368832462331455e-06, 0.00015738750632745082
flux1:, 1.6538960273488152, -1.0552504629763986e-05, 5.323755098107972e-05
flux1:, 1.6548783842194192, 4.254030491101625e-06, -2.031525171043499e-05
flux1:, 1.6558607410900232, 1.239777532076873e-06, 0.00011376737097975496
flux1:, 1.6568430979606272, -1.1683998591150892e-05, 9.615041883237795e-05
flux1:, 1.6578254548312312, -2.5119267572580444e-06, -2.478625036874906e-05
flux1:, 1.658807811701835, 3.1694656873002707e-06, 5.775764000738001e-05
flux1:, 1.659790168572439, -9.370079781037215e-06, 0.00011616000349897723
flux1:, 1.660772525443043, -8.241960270588748e-06, -7.374259506835627e-07
flux1:, 1.661754882313647, 1.794802300851269e-06, 9.360118552254392e-06
flux1:, 1.662737239184251, -5.728392954900495e-06, 0.00010793210067042413
flux1:, 1.6637195960548548, -1.1307828058149947e-05, 3.573382794753446e-05
flux1:, 1.6647019529254587, -1.922661216418277e-06, -1.739797640944441e-05
flux1:, 1.6656843097960627, -2.8436942394164738e-06, 7.77072814207819e-05
flux1:, 1.6666666666666667, -1.1479249526591463e-05, 6.73325155275259e-05
