flux1:, 1.1764705882352942, 5.102893337809897e-05, 7.899544604445399e-05
flux1:, 1.1774529451058982, 7.09054400575048e-05, 0.0001153151705588088
flux1:, 1.1784353019765021, 1.0755569816240887e-05, 1.0017072283926002e-05
flux1:, 1.179417658847106, 3.122550602647954e-05, 4.8589004754886845e-05
flux1:, 1.18040001571771, 9.233365328172843e-05, 0.0001568034937266878
flux1:, 1.181382372588314, 3.330799806872258e-05, 5.866556445186871e-05
flux1:, 1.182364729458918, 4.9420165202603534e-06, 1.530824820609276e-05
flux1:, 1.183347086329522, 9.78269615512591e-05, 0.00017458805650886938
flux1:, 1.1843294432001257, 7.894115497689753e-05, 0.00014565162180797992
flux1:, 1.1853118000707297, -1.1052909438327284e-05, 7.142079577289932e-06
flux1:, 1.1862941569413337, 7.349548566497375e-05, 0.00015635607916496255
flux1:, 1.1872765138119377, 0.00013616170566592555, 0.0002560150629875046
flux1:, 1.1882588706825417, 1.070427528933135e-05, 6.14047001892625e-05
flux1:, 1.1892412275531457, 2.0064773563535856e-05, 0.00010958858884688585
flux1:, 1.1902235844237494, 0.00016863877669972055, 0.00035425370185846583
flux1:, 1.1912059412943534, 8.855271239913678e-05, 0.00020949824178859692
flux1:, 1.1921882981649574, -2.444256388463522e-05, 7.752441465672867e-05
flux1:, 1.1931706550355614, 0.00013063722170070414, 0.0003907457454702999
flux1:, 1.1941530119061654, 0.00018450986890618463, 0.00044142733249155175
flux1:, 1.1951353687767692, 3.735816347455689e-06, 0.00014092599976008396
flux1:, 1.1961177256473732, 3.7324390141315945e-05, 0.00033193764985836415
flux1:, 1.1971000825179772, 0.0001995569215057625, 0.0006475255699780594
flux1:, 1.1980824393885812, 9.156932981985862e-05, 0.00035087993380006745
flux1:, 1.1990647962591852, -8.661158126229603e-06, 0.00022933114849010621
flux1:, 1.200047153129789, 0.00012737376662284728, 0.0006585136155474018
flux1:, 1.201029510000393, 0.00013311993768585774, 0.0006033495018387898
flux1:, 1.202011866870997, 1.2977300839490668e-05, 0.00021104034697183707
flux1:, 1.202994223741601, 7.971598502730352e-05, 0.0004795887301634732
flux1:, 1.203976580612205, 0.00012823098386986528, 0.0007323372098622321
flux1:, 1.2049589374828087, 2.954671028307546e-05, 0.00031854109394160757
flux1:, 1.2059412943534127, 7.095997932325222e-05, 0.00027880573947750535
flux1:, 1.2069236512240167, 0.00014182516639199254, 0.0006981004810508542
flux1:, 1.2079060080946207, 3.6462789429578955e-05, 0.00048527681611634083
flux1:, 1.2088883649652247, 5.285378162203124e-05, 0.00017446630972646395
flux1:, 1.2098707218358287, 0.00017526826408986986, 0.0005542007500255229
flux1:, 1.2108530787064324, 6.897470862872674e-05, 0.0006304407440454162
flux1:, 1.2118354355770364, 1.6052630128789315e-05, 0.00019595763850615747
flux1:, 1.2128177924476404, 0.0001937804313062349, 0.00037488698580922115
flux1:, 1.2138001493182444, 0.0001403033314537587, 0.0007013024494979406
flux1:, 1.2147825061888484, -1.3526272097177427e-05, 0.00032087074507618885
flux1:, 1.2157648630594522, 0.00017261668246743166, 0.00022832401153357544
flux1:, 1.2167472199300562, 0.00023524666721960535, 0.0006799001289549036
flux1:, 1.2177295768006602, -3.4409346630178055e-06, 0.0005022119869513866
flux1:, 1.2187119336712642, 0.0001111316607375969, 0.00016603733244037212
flux1:, 1.2196942905418682, 0.00032431765034373553, 0.0005804185929727555
flux1:, 1.220676647412472, 6.882368610681492e-05, 0.0006863459662768151
flux1:, 1.221659004283076, 3.033479901913343e-05, 0.00021720170258709002
flux1:, 1.22264136115368, 0.00037723615976319056, 0.00044249249303650394
flux1:, 1.223623718024284, 0.0002113762019133934, 0.000826766127920452
flux1:, 1.224606074894888, -3.2574418235900255e-05, 0.00038774393083856163
flux1:, 1.2255884317654917, 0.0003706320177543701, 0.0003224721856304222
flux1:, 1.2265707886360957, 0.00041806094858802046, 0.0008925544801900757
flux1:, 1.2275531455066997, -2.4976558911651935e-05, 0.0006620977365362219
flux1:, 1.2285355023773037, 0.00029336368593417496, 0.00028622723676630335
flux1:, 1.2295178592479077, 0.0006620597553584513, 0.0008720001732526006
flux1:, 1.2305002161185117, 0.0001222778475210832, 0.0009996403413656248
flux1:, 1.2314825729891155, 0.00016449843395539252, 0.00040231183062019527
flux1:, 1.2324649298597194, 0.0008856914336843161, 0.0007836354889093105
flux1:, 1.2334472867303234, 0.00047917822645495144, 0.0013296232714691818
flux1:, 1.2344296436009274, 6.824977575607864e-05, 0.0007227084339663496
flux1:, 1.2354120004715314, 0.001023723562524268, 0.0006976806880144859
flux1:, 1.2363943573421352, 0.0010989460173258055, 0.0015677251845187142
flux1:, 1.2373767142127392, 0.00018869696088232482, 0.0012425508714176926
flux1:, 1.2383590710833432, 0.001075039058498603, 0.0007290819498501303
flux1:, 1.2393414279539472, 0.002097486518952317, 0.0016482358596532959
flux1:, 1.2403237848245512, 0.0009720180216698285, 0.0018655092469928643
flux1:, 1.241306141695155, 0.0010011778646906624, 0.0011920323922787672
flux1:, 1.242288498565759, 0.002734376304028138, 0.0024495773399133094
flux1:, 1.243270855436363, 0.002004309870581713, 0.003961417354408979
flux1:, 1.244253212306967, 0.0009356885261911786, 0.0030883655942507892
flux1:, 1.245235569177571, 0.0033123220909630447, 0.003193868089566301
flux1:, 1.2462179260481747, 0.004371089901029635, 0.005609219295565517
flux1:, 1.2472002829187787, 0.0025262688347516835, 0.005898074010974308
flux1:, 1.2481826397893827, 0.0045293412015388924, 0.004921062784001153
flux1:, 1.2491649966599867, 0.008458269090352471, 0.007281857551418298
flux1:, 1.2501473535305907, 0.007060077419201607, 0.009643630247254927
flux1:, 1.2511297104011945, 0.005997117689112522, 0.008059852910360696
flux1:, 1.2521120672717985, 0.010618515772895451, 0.007401760142361908
flux1:, 1.2530944241424025, 0.011669417591627956, 0.009510515360834809
flux1:, 1.2540767810130065, 0.006905019736456455, 0.008600731122248921
flux1:, 1.2550591378836105, 0.006943225777235436, 0.005243004831310512
flux1:, 1.2560414947542144, 0.009942545853379678, 0.005068338607821214
flux1:, 1.2570238516248182, 0.006729119215167601, 0.005758458513185582
flux1:, 1.2580062084954222, 0.0034640568195116375, 0.0035255003570515272
flux1:, 1.2589885653660262, 0.00608199471540769, 0.002132946303605662
flux1:, 1.2599709222366302, 0.006077572961214534, 0.003164437191200466
flux1:, 1.2609532791072342, 0.00231750453744564, 0.0026092373271559294
flux1:, 1.261935635977838, 0.0032220394210722937, 0.001037422302191875
flux1:, 1.262917992848442, 0.005187827190381345, 0.0015477527038144066
flux1:, 1.263900349719046, 0.002387506751718329, 0.0019721522645936213
flux1:, 1.26488270658965, 0.0015361411398777632, 0.0007707009227059487
flux1:, 1.265865063460254, 0.004117746511473818, 0.0006516770924217794
flux1:, 1.266847420330858, 0.0028544040620155846, 0.0014105618615379968
flux1:, 1.2678297772014617, 0.0007707651290431482, 0.0007754764175876771
flux1:, 1.2688121340720657, 0.0029580588439860516, 0.00023331125945695737
flux1:, 1.2697944909426697, 0.0032887524471703665, 0.0009049298653979988
flux1:, 1.2707768478132737, 0.0007013588567132544, 0.0008022329212709112
flux1:, 1.2717592046838777, 0.0018457396211909284, 0.0001172241921305766
flux1:, 1.2727415615544815, 0.003464312217437641, 0.0004927419812430572
flux1:, 1.2737239184250855, 0.0011217652089906723, 0.0007554065540624121
flux1:, 1.2747062752956895, 0.0009375488053081561, 0.00016423504339452313
flux1:, 1.2756886321662935, 0.0032834401425130525, 0.00021191394856816397
flux1:, 1.2766709890368975, 0.0018140139266948202, 0.0006249850636963419
flux1:, 1.2776533459075012, 0.0003750345309791917, 0.00026094512275938014
flux1:, 1.2786357027781052, 0.0027542301664764957, 7.497578605428245e-05
flux1:, 1.2796180596487092, 0.0025430989684983494, 0.000451072014707592
flux1:, 1.2806004165193132, 0.00024562401031318293, 0.000324027319607916
flux1:, 1.2815827733899172, 0.0019784353936035904, 5.9122408388476405e-05
flux1:, 1.282565130260521, 0.003069436818540497, 0.0002994378813557915
flux1:, 1.283547487131125, 0.0005371087420285921, 0.0003090878537710834
flux1:, 1.284529844001729, 0.0011316211719641014, 0.00010566268749928932
flux1:, 1.285512200872333, 0.0031571768588628973, 0.00025051866350841453
flux1:, 1.286494557742937, 0.0010459506212035653, 0.00022779679165238484
flux1:, 1.2874769146135407, 0.0004284078285063911, 0.00011329070305936165
flux1:, 1.2884592714841447, 0.002488251738602144, 0.0005037305688576902
flux1:, 1.2894416283547487, 0.000823405482767796, 0.000622104611447539
flux1:, 1.2904239852253527, 0.0010850498358378812, 0.0003696175002883921
flux1:, 1.2914063420959567, 0.007185577307517989, 0.0009793951605622745
flux1:, 1.2923886989665605, 0.007101520894417495, 0.0016294619238768934
flux1:, 1.2933710558371645, 0.0012261855690880018, 0.0008740007959426267
flux1:, 1.2943534127077685, 0.0030318785713400608, 0.00010988067826779485
flux1:, 1.2953357695783725, 0.0063247819710682265, 0.00044523075359532754
flux1:, 1.2963181264489765, 0.00197029530702093, 0.0005690989149386412
flux1:, 1.2973004833195805, 0.0015289774989903162, 0.0002572927137375643
flux1:, 1.2982828401901843, 0.006315286738774067, 0.00036814015700485837
flux1:, 1.2992651970607882, 0.003554548221362951, 0.0004403706618580648
flux1:, 1.3002475539313922, 0.0006426583375483817, 0.0003200391880103087
flux1:, 1.3012299108019962, 0.00585548832110456, 0.0004920643237611924
flux1:, 1.3022122676726002, 0.005592810880847039, 0.0004416664824734068
flux1:, 1.303194624543204, 0.0005331443056915827, 0.000283034512453858
flux1:, 1.304176981413808, 0.004786526839183258, 0.0006709677531936091
flux1:, 1.305159338284412, 0.00770202414980656, 0.0006424404010735453
flux1:, 1.306141695155016, 0.001500480234679508, 0.00020285499389483788
flux1:, 1.30712405202562, 0.003272627930651252, 0.0007795094326626011
flux1:, 1.308106408896224, 0.009427307565291499, 0.0010876219864018326
flux1:, 1.3090887657668278, 0.003753439710008665, 0.00022567183034513584
flux1:, 1.3100711226374318, 0.0017428705354722235, 0.0007095421357355877
flux1:, 1.3110534795080357, 0.0103157155085864, 0.0017402697606111524
flux1:, 1.3120358363786397, 0.007309567514201027, 0.0005844927551051752
flux1:, 1.3130181932492437, 0.0008659772039389628, 0.00043374326750596654
flux1:, 1.3140005501198475, 0.01002991064143666, 0.0024477003845291617
flux1:, 1.3149829069904515, 0.011939477720184277, 0.001563379083919593
flux1:, 1.3159652638610555, 0.001508927566131281, 9.985656135418709e-05
flux1:, 1.3169476207316595, 0.00848405040519623, 0.0029441843924787586
flux1:, 1.3179299776022635, 0.017156330611427097, 0.003426841778707986
flux1:, 1.3189123344728673, 0.004690961475999305, 0.00014791508990208223
flux1:, 1.3198946913434713, 0.005999901926338877, 0.002915290000502779
flux1:, 1.3208770482140753, 0.022255806937206822, 0.006319825076590856
flux1:, 1.3218594050846793, 0.011576488978346011, 0.0014587067102566215
flux1:, 1.3228417619552832, 0.003513927593378026, 0.002166899554051677
flux1:, 1.323824118825887, 0.02640773648424276, 0.010151122004816134
flux1:, 1.324806475696491, 0.02360383600931701, 0.005586465748767946
flux1:, 1.325788832567095, 0.0029624223561341063, 0.0010047351191227517
flux1:, 1.326771189437699, 0.0288041593797717, 0.014481217050306286
flux1:, 1.327753546308303, 0.04299452202952878, 0.015271645065750458
flux1:, 1.3287359031789068, 0.008294719775309094, 0.0011780848548625226
flux1:, 1.3297182600495108, 0.028917789598218373, 0.018460075921367926
flux1:, 1.3307006169201148, 0.07443533948741722, 0.03596071156599464
flux1:, 1.3316829737907188, 0.02891270183669467, 0.008871706024327288
flux1:, 1.3326653306613228, 0.027228198749102907, 0.021031011064153785
flux1:, 1.3336476875319265, 0.1314053662143906, 0.0816358823752777
flux1:, 1.3346300444025305, 0.09506201447345448, 0.04803342089901787
flux1:, 1.3356124012731345, 0.02911002185871536, 0.023244333909756148
flux1:, 1.3365947581437385, 0.27046182782316086, 0.20739222818420924
flux1:, 1.3375771150143425, 0.3696001625239341, 0.26094871701243666
flux1:, 1.3385594718849465, 0.08914638740041694, 0.06279006404165871
flux1:, 1.3395418287555503, 1.0312228249731266, 0.9372962018027328
flux1:, 1.3405241856261543, 4.286460504341971, 3.9156797778595913
flux1:, 1.3415065424967583, 7.2259403067399415, 6.898626752656195
flux1:, 1.3424888993673623, 6.432897377774085, 6.575678709228062
flux1:, 1.3434712562379663, 2.9019984225018933, 3.2717503384258553
flux1:, 1.34445361310857, 0.43329186628768496, 0.5777046996212156
flux1:, 1.345435969979174, 0.15868921295383043, 0.17270920455636118
flux1:, 1.346418326849778, 0.3569651743720861, 0.47671050680026306
flux1:, 1.347400683720382, 0.14373249375530775, 0.2497368540038436
flux1:, 1.348383040590986, 0.028828941047594432, 0.03931954306769701
flux1:, 1.34936539746159, 0.11095007903950857, 0.16691787623821924
flux1:, 1.3503477543321938, 0.07733302310619052, 0.16829198606091858
flux1:, 1.3513301112027978, 0.012217823057167392, 0.0327226097811146
flux1:, 1.3523124680734018, 0.043793913927056644, 0.06897008005519692
flux1:, 1.3532948249440058, 0.04714162040140503, 0.12465843373224438
flux1:, 1.3542771818146098, 0.009479289987977603, 0.04407610458048102
flux1:, 1.3552595386852135, 0.018981279453924117, 0.02869835878196406
flux1:, 1.3562418955558175, 0.029781180073585732, 0.09207766503878782
flux1:, 1.3572242524264215, 0.008543214495511521, 0.05734185618982335
flux1:, 1.3582066092970255, 0.008747417796219589, 0.0140575128910848
flux1:, 1.3591889661676295, 0.019061814614321288, 0.06462750189352477
flux1:, 1.3601713230382333, 0.007416242321673905, 0.06773315087219524
flux1:, 1.3611536799088373, 0.004260393086357989, 0.014473294698585892
flux1:, 1.3621360367794413, 0.012434259507638021, 0.041507940709378306
flux1:, 1.3631183936500453, 0.00612484072182778, 0.07319118887905787
flux1:, 1.3641007505206493, 0.0020722140144083866, 0.02504714916014708
flux1:, 1.365083107391253, 0.008378967662125076, 0.023741777383552466
flux1:, 1.366065464261857, 0.005103177448342186, 0.07285078929935536
flux1:, 1.367047821132461, 0.0009205083677234347, 0.04277409692639148
flux1:, 1.368030178003065, 0.00580199280075379, 0.013229522388932796
flux1:, 1.369012534873669, 0.004676862535357814, 0.0666914234820668
flux1:, 1.3699948917442728, 0.0007788764315139222, 0.06554253777382073
flux1:, 1.3709772486148768, 0.004060928343569665, 0.0126561345496591
flux1:, 1.3719596054854808, 0.004811576691518054, 0.055470739661671854
flux1:, 1.3729419623560848, 0.0026207427832516694, 0.0921208718244155
flux1:, 1.3739243192266888, 0.0035046546093806296, 0.026292898478649834
flux1:, 1.3749066760972926, 0.004954397792835036, 0.04084929315106175
flux1:, 1.3758890329678966, 0.008727500627434073, 0.12297256108649818
flux1:, 1.3768713898385005, 0.007382298499718545, 0.06317937499418047
flux1:, 1.3778537467091045, 0.004034767354516428, 0.02614353491371039
flux1:, 1.3788361035797085, 0.02448337165476861, 0.16326034260428682
flux1:, 1.3798184604503125, 0.030368402202299676, 0.15059439070057504
flux1:, 1.3808008173209163, 0.0019490751828756792, 0.020744812027806373
flux1:, 1.3817831741915203, 0.06855300380181018, 0.2374602648435893
flux1:, 1.3827655310621243, 0.16114179081170052, 0.42212728376435094
flux1:, 1.3837478879327283, 0.025674322302632373, 0.08439317858364455
flux1:, 1.3847302448033323, 0.29534521332874997, 0.5473251437007688
flux1:, 1.3857126016739363, 2.2239100120602053, 3.109864963062594
flux1:, 1.38669495854454, 5.057555702563795, 5.771659020571674
flux1:, 1.387677315415144, 5.7990628374522055, 5.418214899506187
flux1:, 1.388659672285748, 3.4275650975906755, 2.5694537916185105
flux1:, 1.389642029156352, 0.7288910178861573, 0.3879676184146912
flux1:, 1.390624386026956, 0.06648209105927251, 0.021487742016449565
flux1:, 1.3916067428975598, 0.43067996671342335, 0.17988372969267913
flux1:, 1.3925890997681638, 0.29668444226879476, 0.07455537998800718
flux1:, 1.3935714566387678, 0.03336453284233117, 0.0038034264936583797
flux1:, 1.3945538135093718, 0.15560904686746344, 0.04693840483081427
flux1:, 1.3955361703799758, 0.2024936234507278, 0.02540253267733095
flux1:, 1.3965185272505796, 0.049637282548585085, 0.003126884589260722
flux1:, 1.3975008841211836, 0.07091640596997174, 0.02745201990616998
flux1:, 1.3984832409917876, 0.15444369809706193, 0.01633898439340432
flux1:, 1.3994655978623916, 0.07211691731761848, 0.00223509321759959
flux1:, 1.4004479547329955, 0.0388690167366638, 0.025227698192737513
flux1:, 1.4014303116035993, 0.11812111607228729, 0.02166224016714461
flux1:, 1.4024126684742033, 0.09245572192670831, 0.004232255111494725
flux1:, 1.4033950253448073, 0.032885151194204425, 0.024896102635591326
flux1:, 1.4043773822154113, 0.08683395562584806, 0.032795066542717244
flux1:, 1.4053597390860153, 0.1054676985968336, 0.012187394235025325
flux1:, 1.406342095956619, 0.04360658894699503, 0.02448443050876347
flux1:, 1.407324452827223, 0.061470514475169075, 0.04453270972060275
flux1:, 1.408306809697827, 0.10705490852199667, 0.02723994192631954
flux1:, 1.409289166568431, 0.06356940336904587, 0.026213090738445546
flux1:, 1.410271523439035, 0.0454449109139177, 0.053070440582649
flux1:, 1.4112538803096388, 0.09493918802435579, 0.04724140120923174
flux1:, 1.4122362371802428, 0.0823559746545169, 0.03303149244753122
flux1:, 1.4132185940508468, 0.04087001317643363, 0.05565863263610743
flux1:, 1.4142009509214508, 0.07102310720660565, 0.06484694368950718
flux1:, 1.4151833077920548, 0.0870226829833389, 0.04449375902305427
flux1:, 1.4161656646626586, 0.044234304454292384, 0.05173318059920186
flux1:, 1.4171480215332626, 0.04468812236423491, 0.07017941248029586
flux1:, 1.4181303784038666, 0.07318829075364851, 0.05458233260886239
flux1:, 1.4191127352744706, 0.04752507569821442, 0.0452254641453484
flux1:, 1.4200950921450746, 0.027015279816477437, 0.06252069312637887
flux1:, 1.4210774490156786, 0.05160020605630755, 0.05839664216744
flux1:, 1.4220598058862823, 0.046697425083619216, 0.041180751823297904
flux1:, 1.4230421627568863, 0.020028434117979412, 0.05062212490131971
flux1:, 1.4240245196274903, 0.033025106106467875, 0.05684318345810387
flux1:, 1.4250068764980943, 0.04259226212191865, 0.040824668838434705
flux1:, 1.4259892333686983, 0.019735274431991898, 0.041074299835330175
flux1:, 1.4269715902393023, 0.02043059089875281, 0.05252737731002763
flux1:, 1.427953947109906, 0.03653279035423338, 0.042770676132287654
flux1:, 1.42893630398051, 0.02230549086247155, 0.03582381627935979
flux1:, 1.429918660851114, 0.013359898753940155, 0.047259471245896946
flux1:, 1.430901017721718, 0.029335913828129136, 0.04529012739762835
flux1:, 1.431883374592322, 0.025173522570576225, 0.034683369834620066
flux1:, 1.4328657314629258, 0.01084518920091582, 0.04227969141917165
flux1:, 1.4338480883335298, 0.02186491082071326, 0.04711075201260104
flux1:, 1.4348304452041338, 0.026649155516784158, 0.036722428469696484
flux1:, 1.4358128020747378, 0.0117765427686301, 0.038609877206732056
flux1:, 1.4367951589453418, 0.015226360514941258, 0.0475933046230307
flux1:, 1.4377775158159456, 0.02580809146165788, 0.04068544418111132
flux1:, 1.4387598726865496, 0.014740954395477448, 0.03703722086515603
flux1:, 1.4397422295571536, 0.010530500143261571, 0.04675548362502546
flux1:, 1.4407245864277576, 0.02258009762397662, 0.04520653499205734
flux1:, 1.4417069432983616, 0.018074932822870704, 0.037932821145036384
flux1:, 1.4426893001689653, 0.008473527692601327, 0.04518448957787451
flux1:, 1.4436716570395693, 0.017737924231294465, 0.04906413328111235
flux1:, 1.4446540139101733, 0.020203888849857517, 0.04109900111976808
flux1:, 1.4456363707807773, 0.008993400852766642, 0.04381226941917613
flux1:, 1.4466187276513813, 0.012625260976530578, 0.051458732442232494
flux1:, 1.447601084521985, 0.020108737373957304, 0.04576782106004885
flux1:, 1.448583441392589, 0.011203302689474665, 0.04357841869367668
flux1:, 1.449565798263193, 0.008642432781433616, 0.05221060758281789
flux1:, 1.450548155133797, 0.017672057149584787, 0.05079789081699849
flux1:, 1.451530512004401, 0.01368934897385813, 0.0450746424358553
flux1:, 1.4525128688750049, 0.006677012008105264, 0.05177542911686537
flux1:, 1.4534952257456089, 0.013688003877053542, 0.05502688703452291
flux1:, 1.4544775826162128, 0.015075670245279985, 0.04830288288457747
flux1:, 1.4554599394868168, 0.0067469460827734905, 0.051040007339634506
flux1:, 1.4564422963574208, 0.009478973924975582, 0.05765529078271865
flux1:, 1.4574246532280246, 0.014595439625005828, 0.05265504778223766
flux1:, 1.4584070100986286, 0.008050766628126786, 0.050958974094165256
flux1:, 1.4593893669692326, 0.006281074840256113, 0.058504878879371856
flux1:, 1.4603717238398366, 0.012372679741589777, 0.057135292981720445
flux1:, 1.4613540807104406, 0.00941113693295044, 0.05217499348247693
flux1:, 1.4623364375810444, 0.004707914408766058, 0.058040271493574914
flux1:, 1.4633187944516486, 0.009264100873874604, 0.06073628889857924
flux1:, 1.4643011513222524, 0.009874589041428591, 0.05478021916775142
flux1:, 1.4652835081928564, 0.004570016183940297, 0.057146744728416354
flux1:, 1.4662658650634603, 0.006357540644279101, 0.0628098799235012
flux1:, 1.4672482219340643, 0.009140557862032859, 0.0583119384370698
flux1:, 1.4682305788046683, 0.005123689867488771, 0.05676623699977248
flux1:, 1.4692129356752721, 0.004416663921396341, 0.06328076133789051
flux1:, 1.470195292545876, 0.007600424891302555, 0.061966806846494624
flux1:, 1.47117764941648, 0.005577638207008989, 0.0575467874925732
flux1:, 1.472160006287084, 0.003577414514534049, 0.06263086070611186
flux1:, 1.473142363157688, 0.006000550922322603, 0.06492649980189748
flux1:, 1.4741247200282919, 0.005552076793398333, 0.05963638572454484
flux1:, 1.4751070768988959, 0.00343966361322825, 0.061683279784176294
flux1:, 1.4760894337694999, 0.004954021057729325, 0.06665646314994698
flux1:, 1.4770717906401039, 0.005233713448366953, 0.06267483454877558
flux1:, 1.4780541475107078, 0.00346603372533157, 0.06128520205335448
flux1:, 1.4790365043813116, 0.004597063418950116, 0.06707126281306004
flux1:, 1.4800188612519156, 0.005155991261342405, 0.06595430826794496
flux1:, 1.4810012181225196, 0.003429904459499862, 0.06200468555223305
flux1:, 1.4819835749931236, 0.004593717652857167, 0.0665243882464058
flux1:, 1.4829659318637276, 0.005749798183444755, 0.06866842086980894
flux1:, 1.4839482887343314, 0.0036249332031595863, 0.06392726304455629
flux1:, 1.4849306456049354, 0.004491621488991622, 0.06564049054252948
flux1:, 1.4859130024755394, 0.006952182630516017, 0.07016082289308519
flux1:, 1.4868953593461434, 0.00466928771180052, 0.06659493574931778
flux1:, 1.4878777162167474, 0.004211771987121191, 0.06504444280257192
flux1:, 1.4888600730873511, 0.008161630162466536, 0.07010319767396216
flux1:, 1.4898424299579551, 0.006970952130153246, 0.06909937925838448
flux1:, 1.4908247868285591, 0.004313996219527551, 0.0650605377313505
flux1:, 1.4918071436991631, 0.008655244485473544, 0.06855694602491405
flux1:, 1.4927895005697671, 0.010185043248940488, 0.07032773571992604
flux1:, 1.4937718574403709, 0.005727754273968847, 0.06547885912041938
flux1:, 1.4947542143109749, 0.008256666115594894, 0.06589360760519672
flux1:, 1.4957365711815789, 0.013136842032003037, 0.06933594045662146
flux1:, 1.4967189280521829, 0.008967003181348365, 0.06551979343780442
flux1:, 1.4977012849227869, 0.0077190974681642256, 0.0625831548704997
flux1:, 1.4986836417933906, 0.014482362251799248, 0.06574928313595739
flux1:, 1.4996659986639946, 0.013373746237392571, 0.06411454213774165
flux1:, 1.5006483555345986, 0.0083137562375862, 0.05893281629818514
flux1:, 1.5016307124052026, 0.013754408137827235, 0.059980245351818215
flux1:, 1.5026130692758066, 0.017188756899534825, 0.06045724802119338
flux1:, 1.5035954261464104, 0.010757458534403262, 0.0549394769994266
flux1:, 1.5045777830170146, 0.011868673853303426, 0.05305835062566557
flux1:, 1.5055601398876184, 0.01866021693807226, 0.05451001570929266
flux1:, 1.5065424967582224, 0.014416244533570058, 0.05038427427754895
flux1:, 1.5075248536288264, 0.010481144889324159, 0.046119932055104604
flux1:, 1.5085072104994304, 0.01730694194685713, 0.047068504295682774
flux1:, 1.5094895673700344, 0.017620204807991025, 0.0451019049062516
flux1:, 1.5104719242406381, 0.010728571036926041, 0.03990999769328905
flux1:, 1.5114542811112421, 0.014195289998409974, 0.03933573293069194
flux1:, 1.5124366379818461, 0.018814911380748346, 0.039196767228860646
flux1:, 1.5134189948524501, 0.012485743491297321, 0.03462157514868432
flux1:, 1.5144013517230541, 0.011097532829158027, 0.0323586175737396
flux1:, 1.515383708593658, 0.017516994817097942, 0.03305250479148058
flux1:, 1.516366065464262, 0.0146274673919585, 0.03007010191199552
flux1:, 1.5173484223348659, 0.00937468687112615, 0.02669677313951411
flux1:, 1.5183307792054699, 0.014434397733397566, 0.027177189004509397
flux1:, 1.5193131360760739, 0.01585751220411986, 0.025973336239651007
flux1:, 1.5202954929466777, 0.00937554745333599, 0.02240898151814391
flux1:, 1.5212778498172816, 0.010908289002134015, 0.022018751766266657
flux1:, 1.5222602066878856, 0.015430425566365856, 0.02214579479939385
flux1:, 1.5232425635584896, 0.010520882747977642, 0.01922787569998639
flux1:, 1.5242249204290936, 0.008187394848026452, 0.01784497273065881
flux1:, 1.5252072772996974, 0.013416259496606273, 0.01855788004263928
flux1:, 1.5261896341703014, 0.011798392428709227, 0.016769504997525893
flux1:, 1.5271719910409054, 0.00693079645271668, 0.014710090210760304
flux1:, 1.5281543479115094, 0.01052803938270743, 0.015298662103634338
flux1:, 1.5291367047821134, 0.012311161069884566, 0.014691464949907283
flux1:, 1.5301190616527172, 0.007079496139237012, 0.01248844897459265
flux1:, 1.5311014185233212, 0.007716917983543793, 0.012499502545264761
flux1:, 1.5320837753939252, 0.011637033970651002, 0.012775549294128483
flux1:, 1.5330661322645291, 0.008040153178846047, 0.01094488038771535
flux1:, 1.5340484891351331, 0.005760804297011393, 0.010261404685408548
flux1:, 1.535030846005737, 0.009912581098417268, 0.01094344072162258
flux1:, 1.536013202876341, 0.009028197021231527, 0.009814480888886834
flux1:, 1.536995559746945, 0.005004829969997168, 0.008609583185669371
flux1:, 1.537977916617549, 0.007681505717382061, 0.009225940155386933
flux1:, 1.538960273488153, 0.00940534103579308, 0.008870775574076279
flux1:, 1.5399426303587567, 0.005314038612498993, 0.00748291477521477
flux1:, 1.5409249872293607, 0.005619686936133227, 0.007708891432495327
flux1:, 1.5419073440999647, 0.008891336361767494, 0.007968333180046474
flux1:, 1.5428897009705687, 0.006208448898627653, 0.006754145234793371
flux1:, 1.5438720578411727, 0.004264196910721786, 0.006477397637104046
flux1:, 1.5448544147117764, 0.007602548413417625, 0.007053914403877905
flux1:, 1.5458367715823806, 0.00709317700569818, 0.006268546212128112
flux1:, 1.5468191284529844, 0.0038417993917663315, 0.005575143235234743
flux1:, 1.5478014853235884, 0.005941358980185169, 0.006148935814137497
flux1:, 1.5487838421941924, 0.0074827728441017125, 0.005884747865226667
flux1:, 1.5497661990647964, 0.004234721478930835, 0.004987768421360901
flux1:, 1.5507485559354004, 0.004406618384525401, 0.0053138508448232966
flux1:, 1.5517309128060042, 0.007145076085551543, 0.005502783271922399
flux1:, 1.5527132696766082, 0.005064416906925297, 0.004649470778422841
flux1:, 1.5536956265472122, 0.003404532594140248, 0.004609578837937516
flux1:, 1.5546779834178162, 0.006137668816498267, 0.005071438843320179
flux1:, 1.5556603402884202, 0.005841233813824932, 0.004463349196668938
flux1:, 1.556642697159024, 0.003116344833408076, 0.00407006361546896
flux1:, 1.557625054029628, 0.004753029078208683, 0.0045784109680228734
flux1:, 1.558607410900232, 0.006129384515384445, 0.004323185201595788
flux1:, 1.559589767770836, 0.0034461771446625505, 0.0036926143246755684
flux1:, 1.56057212464144, 0.0034036527069793653, 0.004036994804245234
flux1:, 1.5615544815120437, 0.005695862835787842, 0.004131167166518373
flux1:, 1.5625368383826477, 0.004057497966330148, 0.0034421050451117607
flux1:, 1.5635191952532517, 0.002468986591386351, 0.003481439879023731
flux1:, 1.5645015521238557, 0.004608531619281509, 0.003817284502588068
flux1:, 1.5654839089944597, 0.004507434374324768, 0.0032603137443750633
flux1:, 1.5664662658650634, 0.0021353863256055104, 0.00296507461759774
flux1:, 1.5674486227356674, 0.0032174805394493346, 0.0033637337514277063
flux1:, 1.5684309796062714, 0.004451557747809622, 0.003078595000733047
flux1:, 1.5694133364768754, 0.002308613206795396, 0.002542891378242473
flux1:, 1.5703956933474794, 0.001982398841542326, 0.002817175807208079
flux1:, 1.5713780502180832, 0.0038101712291974802, 0.0028382625221946415
flux1:, 1.5723604070886872, 0.002677773662553549, 0.0022406591241141134
flux1:, 1.5733427639592912, 0.0012368933696136869, 0.0022676303117244944
flux1:, 1.5743251208298952, 0.0027809343061902547, 0.0025133830909182748
flux1:, 1.5753074777004992, 0.002897659503898439, 0.0020387078733530976
flux1:, 1.576289834571103, 0.001050388268515529, 0.001803395131254114
flux1:, 1.577272191441707, 0.0017031442407815984, 0.002120320631891037
flux1:, 1.578254548312311, 0.002760892949872084, 0.0018859196863055465
flux1:, 1.579236905182915, 0.0012540878872802329, 0.0014739629500002032
flux1:, 1.580219262053519, 0.0008818905145796809, 0.0017069963482828701
flux1:, 1.5812016189241227, 0.0022643764821208947, 0.0017291716933480145
flux1:, 1.5821839757947267, 0.0015721169961435382, 0.0012797063986287425
flux1:, 1.5831663326653307, 0.0004707464467397796, 0.001330423735145937
flux1:, 1.5841486895359347, 0.0015654504209268606, 0.0015363165764249059
flux1:, 1.5851310464065387, 0.001762477497247452, 0.0011838475363387332
flux1:, 1.5861134032771425, 0.00044814008789328795, 0.0010356337191517017
flux1:, 1.5870957601477467, 0.0008799973157112156, 0.0013038110979877882
flux1:, 1.5880781170183504, 0.0017027854381472117, 0.001133177081511416
flux1:, 1.5890604738889544, 0.0006694256087421964, 0.0008433754402267583
flux1:, 1.5900428307595584, 0.0003843312278267864, 0.0010520664068750206
flux1:, 1.5910251876301624, 0.0014026354173950898, 0.0010775341452482362
flux1:, 1.5920075445007664, 0.0009498640160857452, 0.0007472097141079282
flux1:, 1.5929899013713702, 0.000160952305554505, 0.0008144996405752675
flux1:, 1.5939722582419742, 0.0009631827204804507, 0.000984051864972468
flux1:, 1.5949546151125782, 0.001135401472667341, 0.0007180454859130801
flux1:, 1.5959369719831822, 0.00019365114357892233, 0.0006242637269637334
flux1:, 1.5969193288537862, 0.0005196987680231937, 0.0008447108266496278
flux1:, 1.59790168572439, 0.001141398380597874, 0.0007145484794705356
flux1:, 1.598884042594994, 0.0003935836229543258, 0.0005016828002241758
flux1:, 1.599866399465598, 0.00019213140116332314, 0.0006756112591997516
flux1:, 1.600848756336202, 0.0009623228882241479, 0.0006972327208143479
flux1:, 1.601831113206806, 0.0006371992997372533, 0.0004464855451971996
flux1:, 1.6028134700774097, 5.080366654899174e-05, 0.0005076489941087161
flux1:, 1.6037958269480137, 0.0006609233179781144, 0.0006416354925176599
flux1:, 1.6047781838186177, 0.0008070630719615127, 0.00043850497783768733
flux1:, 1.6057605406892217, 9.84461085416627e-05, 0.0003721017038793891
flux1:, 1.6067428975598257, 0.0003403850425359003, 0.0005450257649445309
flux1:, 1.6077252544304295, 0.0008293295744618453, 0.0004467204321245901
flux1:, 1.6087076113010335, 0.00027314390600058385, 0.0002876500811722847
flux1:, 1.6096899681716375, 0.00010381432039875101, 0.00042391390803690656
flux1:, 1.6106723250422414, 0.0006965959443502876, 0.0004420258114993438
flux1:, 1.6116546819128454, 0.000474842818308936, 0.0002544261701073962
flux1:, 1.6126370387834492, 1.400682214390442e-05, 0.00030437710127708084
flux1:, 1.6136193956540532, 0.00046496137621892847, 0.0004075822018447867
flux1:, 1.6146017525246572, 0.0006069983417598826, 0.0002565559032625308
flux1:, 1.6155841093952612, 7.109508561299045e-05, 0.0002103518330042698
flux1:, 1.6165664662658652, 0.00022500692469460873, 0.0003427336068873485
flux1:, 1.617548823136469, 0.0006149056507663407, 0.00027051840078246437
flux1:, 1.618531180007073, 0.00021847005689361622, 0.00015495122920660342
flux1:, 1.619513536877677, 6.032795617386581e-05, 0.00026013751007037165
flux1:, 1.620495893748281, 0.0005030532318756017, 0.00027479347799962275
flux1:, 1.621478250618885, 0.0003727766965735936, 0.00013746691042570687
flux1:, 1.6224606074894887, 1.3434194435498962e-05, 0.0001786228239786365
flux1:, 1.6234429643600927, 0.0003251480896011865, 0.0002569033953559087
flux1:, 1.6244253212306967, 0.0004620518582202281, 0.0001458796394169321
flux1:, 1.6254076781013007, 7.368965446469997e-05, 0.00011527702817403671
flux1:, 1.6263900349719047, 0.00015429640091058826, 0.0002159351396511215
flux1:, 1.6273723918425085, 0.0004538390695451859, 0.00016279108146645594
flux1:, 1.6283547487131127, 0.00018988828616079055, 7.963681141918687e-05
flux1:, 1.6293371055837165, 4.923520512110536e-05, 0.00016066957283931204
flux1:, 1.6303194624543205, 0.00036210406099552783, 0.0001720905999711725
flux1:, 1.6313018193249245, 0.0002983560316397412, 7.145893958940824e-05
flux1:, 1.6322841761955285, 3.216325309877065e-05, 0.00010480361850309721
flux1:, 1.6332665330661325, 0.00023306004586328997, 0.00016407760353069888
flux1:, 1.6342488899367362, 0.0003516977518323034, 8.212991045387828e-05
flux1:, 1.6352312468073402, 8.615752262452754e-05, 6.130128653277556e-05
flux1:, 1.6362136036779442, 0.00011963377151142397, 0.00013767222260562806
flux1:, 1.6371959605485482, 0.00033529170627160396, 9.86968331223902e-05
flux1:, 1.6381783174191522, 0.00016994809223860557, 3.7815692651682846e-05
flux1:, 1.639160674289756, 5.7970860100293764e-05, 9.941301270146647e-05
flux1:, 1.64014303116036, 0.0002664002902950381, 0.0001088678529555336
flux1:, 1.641125388030964, 0.0002401754321210005, 3.455883957056708e-05
flux1:, 1.642107744901568, 5.6098932846378265e-05, 5.995373065395148e-05
flux1:, 1.643090101772172, 0.0001797830835378436, 0.00010518864668423425
flux1:, 1.6440724586427757, 0.00026960619586663095, 4.5090930983570194e-05
flux1:, 1.6450548155133797, 9.721393726116773e-05, 2.953023385124092e-05
flux1:, 1.6460371723839837, 0.0001092431986571665, 8.700217147153876e-05
flux1:, 1.6470195292545877, 0.0002540999418288382, 5.9464295021755125e-05
flux1:, 1.6480018861251917, 0.0001526467896715472, 1.4138413956951114e-05
flux1:, 1.6489842429957955, 7.430007009037411e-05, 5.9677964086324734e-05
flux1:, 1.6499665998663995, 0.00020810726087887305, 6.832162910547592e-05
flux1:, 1.6509489567370035, 0.00019625865963315606, 1.3791167422805909e-05
flux1:, 1.6519313136076075, 7.642355320070331e-05, 3.1672953942397525e-05
flux1:, 1.6529136704782115, 0.00015386775709756037, 6.627011484711194e-05
flux1:, 1.6538960273488152, 0.00021365029050250445, 2.3304851272729502e-05
flux1:, 1.6548783842194192, 0.00010359346980631924, 1.0806864808548268e-05
flux1:, 1.6558607410900232, 0.0001108012354997079, 5.328587870717204e-05
flux1:, 1.6568430979606272, 0.00020396483347509404, 3.4999002803328196e-05
flux1:, 1.6578254548312312, 0.00013861778682753683, 1.3199563818316374e-06
flux1:, 1.658807811701835, 8.935360576866929e-05, 3.384235039529213e-05
flux1:, 1.659790168572439, 0.00017606467455078402, 4.197841319036478e-05
flux1:, 1.660772525443043, 0.0001666186331908314, 2.771134952076288e-06
flux1:, 1.661754882313647, 9.011976958570627e-05, 1.4430244668409333e-05
flux1:, 1.662737239184251, 0.00014257097163448642, 4.0607813031329665e-05
flux1:, 1.6637195960548548, 0.00017918686893826112, 1.0934876076879487e-05
flux1:, 1.6647019529254587, 0.00010659160765518954, 6.940484933253964e-07
flux1:, 1.6656843097960627, 0.00011471482090970351, 3.132645679530529e-05
flux1:, 1.6666666666666667, 0.00017504421155626162, 2.0026307382371466e-05
